CSCX	CSGH	CSGO	CSGT	CSGW	CSGY	CSHY	CSNA	CSNB	CSNS	CXON	CXOT	CXPP	CXPU	CXPY	CXSC	CXSG	CXSH	CXSN	CXSP	HZHX	HZHY	HZHZ	HZIA	HZIB	HZIC	HZIF	IHPI	IHPN	IHPO	IHPP	IHPS	IHPT	IHPW	IHPX	IHPY	IHPZ	IHSA	IHSB	IHSC1	IHSC2	IHSF	IHSG	IHSH	IHSI	IHSN	IHSO	IHSP	IHSS	IHSU	IHSW	IHSX	IHSY	IHSZ	IHTA	IHTB	IHTC	IHTF	IHTG	IHTH	IHTI	IHTN	IHTO	IHTP	IHTS	IHTT	IHTU	IHTW	IHTX	IHTY	IHTZ	IHUA	IHUB	IHUC	IHUF	IHUH	IHUI	IHUN	IHUO	IHUP	IHUS	IHUT	IHUW	IHUX	IHUY	IHUZ	IHWA	IHWB	IHWC	IHWF	IHWG	IHWH	IHWI	IHWN	IHWP	IHWS	IHWT	IHWU	IHWW	IHWX	IHWY	IHWZ	IHXA	IHXB	IHXC	IHXF	IHXG	IHXH	IHXI	IHXN	IHXO	IHXP	IHXS	IHXT	IHXU	IHXW	IHXX	IHXY	PTWY	PTWZ	PTXA	PTXB	PTXC	PTXG	PTXH	PTXN	PTXO	PTXP	PTXS	PTXT	PTXU	PTXW	PTXX	PTXY	PTXZ	PTYA	PTYB	PTYC	PTYG	PTYH	PTYN	PTYO	PTYP	PTYS	PTYT	PTYU	PTYW	PTYX	PTYY	PTYZ	PTZA	PTZB	PTZC	PTZG	PTZH	PTZN	PTZO	PTZP	PTZS	PTZT	PTZU	PTZW	PTZX	PTZY	PTZZ	PUAA	PUAB	PUAC	PUAG	PUAH	PUAN	PUAO	PUAP	PUAS	PUAT	PUAU	PUAW	PUAX	PUAY	PUAZ	PUBA	PUBB	PUBC	PUBG	PUBH	PUBN	PUBO	PUBP	PUBS	PUBT	PUBU
1	ME_epi	ME_epi	ME_epi	ME_epi	ME_epi	ME_epi	ME_epi	ME_epi	ME_epi	ME_epi	ME_epi	ME_epi	ME_epi	ME_epi	ME_epi	ME_epi	ME_epi	ME_epi	ME_epi	ME_epi	ME_epi	TB_epi	ME_epi	TB_hypo	ME_epi	ME_epi	TB_hypo	TB_epi	TB_epi	TB_hypo	TB_hypo	TB_epi	TB_epi	TB_epi	TB_epi	TB_epi	TB_hypo	TB_epi	TB_hypo	TB_hypo	NA	TB_epi	TB_epi	TB_epi	TB_epi	TB_epi	TB_epi	TB_epi	TB_epi	TB_epi	TB_epi	TB_epi	TB_epi	TB_epi	TB_epi	TB_epi	TB_epi	TB_epi	TB_epi	TB_epi	TB_epi	TB_epi	TB_epi	TB_epi	TB_epi	TB_epi	TB_epi	TB_epi	TB_epi	TB_epi	TB_epi	TB_hypo	TB_hypo	TB_hypo	TB_hypo	TB_hypo	TB_hypo	TB_hypo	TB_hypo	TB_hypo	TB_hypo	TB_hypo	TB_epi	TB_epi	TB_epi	TB_epi	TB_hypo	TB_hypo	TB_hypo	TB_epi	TB_hypo	TB_hypo	TB_hypo	TB_hypo	TB_hypo	TB_hypo	TB_hypo	TB_hypo	TB_hypo	TB_hypo	TB_hypo	TB_hypo	TB_epi	TB_hypo	TB_epi	TB_epi	TB_hypo	TB_hypo	TB_hypo	TB_hypo	TB_hypo	TB_hypo	TB_hypo	TB_hypo	TB_hypo	TB_hypo	TB_hypo	TB_hypo	TB_hypo	ME_epi	ME_epi	ME_epi	ME_epi	ME_epi	ME_epi	ME_epi	ME_epi	ME_epi	ME_epi	ME_epi	ME_epi	ME_epi	ME_epi	ME_epi	ME_epi	ME_epi	ME_epi	ME_epi	ME_epi	ME_epi	ME_epi	ME_epi	ME_epi	ME_epi	ME_epi	ME_epi	ME_epi	ME_epi	ME_epi	ME_epi	ME_epi	ME_epi	ME_epi	ME_epi	ME_epi	ME_epi	ME_epi	ME_epi	ME_epi	ME_epi	ME_epi	ME_epi	ME_epi	ME_epi	ME_epi	ME_epi	ME_epi	ME_epi	ME_epi	ME_epi	ME_epi	ME_epi	ME_epi	ME_epi	ME_epi	ME_epi	ME_epi	ME_epi	ME_epi	ME_epi	ME_epi	ME_epi	ME_epi	ME_epi	ME_epi	ME_epi	ME_epi	ME_epi	ME_epi	ME_epi	ME_epi
4-hydroxybutyryl-CoA-synthetase	1	2	5	2	3	1	1	7	1	1	1	6	1	0	1	0	1	0	2	1	6	3	6	19	12	6	9	0	5	1	1	0	2	4	1	4	1	7	1	2	4	2	8	5	2	0	3	3	0	4	4	0	14	1	4	0	2	1	0	1	0	2	2	1	0	0	1	2	5	0	6	5	1	5	5	1	2	5	2	4	1	0	1	2	3	8	5	4	3	3	3	0	9	6	0	1	5	6	2	0	0	4	5	2	3	0	6	1	1	9	7	4	3	6	1	5	9	8	2	2	5	2	3	4	11	8	4	11	2	1	3	8	2	7	1	5	1	4	3	1	3	2	5	2	5	5	3	4	5	2	0	3	4	7	0	6	3	1	2	1	5	3	1	4	1	3	2	4	1	6	1	3	2	8	1	0	0	5	1	3	1	0	5	0	0	0	2	3	4	0	2
aclA_alignment-sample1	0	3	1	2	6	2	2	3	4	0	3	7	2	5	2	4	2	2	1	1	22	19	46	8	12	46	23	0	9	2	1	4	7	4	2	16	3	22	9	4	8	11	9	8	3	6	15	5	0	8	10	5	24	3	6	0	10	7	0	5	2	6	8	3	1	0	6	10	10	6	17	1	3	7	5	11	2	11	4	5	13	3	7	5	9	28	18	19	5	14	14	0	23	20	0	3	8	12	4	0	5	18	11	2	4	8	8	11	8	14	18	26	11	7	6	3	8	5	3	0	3	1	2	4	4	11	5	3	1	6	3	8	3	6	1	1	1	9	7	1	2	2	2	2	4	8	6	3	5	2	3	7	5	3	0	4	10	2	4	3	6	1	6	12	1	5	3	7	2	7	1	3	6	4	1	2	3	3	5	4	4	1	4	1	2	0	4	3	3	7	4
aclB_alignment-sample1	0	1	0	1	1	1	3	1	0	1	3	2	1	5	0	0	2	0	0	3	5	4	8	14	9	8	5	0	3	2	1	0	0	0	1	3	0	4	2	9	4	4	2	0	1	2	7	3	0	4	7	2	7	4	2	0	4	3	0	1	0	2	3	2	0	2	3	2	5	4	10	5	2	2	2	2	4	2	5	6	1	0	0	5	5	7	7	3	1	3	6	0	7	2	0	1	4	3	0	0	0	7	2	1	4	2	6	3	1	3	2	10	3	4	1	1	5	6	2	1	0	1	2	1	0	4	1	1	1	1	7	4	2	3	1	0	3	4	1	0	0	2	1	0	2	1	1	1	1	1	0	3	0	3	0	0	3	0	0	1	1	1	2	5	2	1	0	5	5	1	0	2	2	4	2	5	2	1	1	0	0	0	1	0	1	0	2	0	0	2	1
TIGR02061-sample1	0	1	2	4	3	0	0	0	1	0	0	2	4	2	1	1	0	1	1	0	24	4	75	12	3	75	7	0	17	4	4	11	3	5	2	7	2	8	7	6	3	2	4	2	2	2	4	6	0	5	2	2	14	1	6	0	6	1	0	1	1	2	3	1	0	1	2	11	3	2	34	23	11	26	25	23	16	28	42	17	16	1	4	6	7	17	3	8	3	16	28	0	12	19	0	3	2	6	10	0	26	7	5	3	5	1	9	12	6	7	10	11	5	8	8	0	5	16	5	1	1	6	0	5	1	5	1	4	3	2	5	7	0	6	4	4	0	2	4	5	3	5	3	2	4	0	5	13	2	4	4	5	0	2	0	6	11	5	3	4	1	2	4	2	2	2	1	1	0	2	3	3	2	2	3	5	3	1	3	4	2	4	3	1	0	0	1	4	1	2	7
TIGR02689-sample1	0	1	1	0	1	0	0	0	0	0	0	0	0	1	0	0	0	0	1	1	0	0	2	2	3	2	4	0	1	0	1	0	0	1	0	0	0	0	0	0	0	0	0	0	0	0	0	1	0	0	4	0	1	1	1	0	1	0	0	0	0	0	0	0	0	0	0	0	0	1	1	2	1	1	5	1	1	3	0	1	1	0	0	1	1	5	0	1	0	3	2	0	2	1	0	0	1	1	0	0	0	0	0	0	1	0	1	0	2	0	0	0	0	0	0	0	0	3	1	0	0	0	0	1	0	0	0	0	1	1	0	0	1	1	0	0	0	0	0	0	1	0	1	0	0	2	1	0	2	0	0	3	2	0	0	0	0	0	2	0	0	0	0	1	0	1	0	2	0	3	0	2	1	0	0	0	0	0	0	0	0	1	2	0	2	0	0	1	0	0	0
TIGR02693-sample1	5	1	6	2	7	3	7	6	0	1	4	10	6	15	0	2	7	3	2	4	27	14	9	8	13	9	22	1	4	1	4	6	2	11	7	4	1	3	0	6	2	3	4	8	0	5	2	1	1	15	11	2	12	3	2	0	2	4	0	1	2	0	4	0	2	0	0	4	4	5	11	7	1	5	2	2	5	2	2	12	1	1	4	6	10	5	1	5	3	3	1	0	9	2	0	1	10	10	3	0	3	3	4	3	3	1	4	7	1	4	3	5	3	7	2	1	3	4	13	17	21	18	5	4	7	2	6	9	34	8	8	6	6	10	5	5	0	21	12	3	4	4	3	4	5	9	4	4	3	2	13	11	21	26	0	4	11	4	6	3	11	7	8	4	5	18	9	4	8	6	9	6	8	4	7	12	1	7	7	10	9	7	13	1	9	1	5	6	5	3	8
TIGR02694-sample1	1	0	2	0	0	0	1	0	0	0	0	0	0	0	0	0	0	0	0	0	1	1	0	3	0	0	2	0	1	0	1	1	0	3	0	0	0	0	0	1	0	0	0	0	0	0	0	0	0	2	0	0	1	1	1	0	0	0	0	0	0	1	0	0	0	0	0	1	1	1	1	3	2	0	1	1	0	3	3	1	1	0	0	0	0	3	0	0	0	0	1	0	1	1	0	0	0	0	0	0	1	1	2	0	0	0	1	0	0	2	0	0	0	0	0	2	1	0	0	0	0	4	1	0	0	2	3	4	4	0	2	2	1	9	1	0	0	0	0	0	0	1	0	2	0	1	2	1	2	0	0	1	0	0	0	0	0	0	0	1	1	2	3	0	0	1	0	0	1	1	2	0	2	2	0	1	1	3	1	0	5	0	1	0	0	0	0	0	4	0	2
TIGR02691-sample1	0	0	0	0	0	0	0	0	0	0	0	0	0	0	0	0	1	0	0	0	2	0	0	0	1	0	0	0	0	0	0	0	1	0	0	0	0	0	0	1	0	1	0	0	1	0	0	0	0	1	0	0	5	1	0	0	0	2	0	0	0	0	0	0	0	0	0	0	0	0	0	0	0	0	1	0	1	0	0	0	0	0	0	0	0	0	1	0	1	0	1	0	0	0	0	0	0	0	0	0	0	0	0	0	0	0	0	0	0	0	0	2	0	1	0	0	1	0	0	0	0	0	0	0	0	1	0	0	0	0	0	1	1	0	0	0	0	1	0	0	0	2	0	1	0	0	0	0	1	0	0	0	0	1	0	0	0	0	0	0	0	2	0	0	1	0	0	0	2	0	0	0	0	0	1	0	0	0	1	0	0	0	1	0	0	0	0	1	0	0	0
TIGR02910-sample1	0	0	1	1	1	2	0	1	0	0	0	2	2	2	2	0	0	2	0	2	3	4	1	0	0	1	4	0	0	0	0	0	0	0	0	0	5	0	0	1	0	0	2	5	0	1	2	1	0	0	1	1	2	1	0	0	1	0	0	3	0	1	0	0	0	0	0	0	1	0	3	0	0	0	0	0	0	0	0	1	0	2	0	0	0	2	2	0	0	0	2	0	1	1	0	1	2	0	0	0	1	0	0	1	0	0	0	1	0	0	2	0	0	2	0	0	0	0	0	0	0	3	1	1	3	1	0	1	2	2	0	2	0	3	0	0	0	1	0	1	0	0	1	1	1	0	0	1	0	0	0	3	2	2	0	1	0	1	1	1	0	0	0	0	0	1	0	0	2	3	0	0	0	1	1	0	1	0	1	0	1	0	1	0	0	0	0	1	0	2	1
TIGR02911-sample1	0	0	4	1	0	0	4	0	0	0	1	0	1	1	0	1	3	1	4	0	4	5	17	3	3	17	4	0	4	1	1	1	0	1	2	5	2	0	3	2	2	1	0	1	0	1	2	5	0	2	0	3	2	3	5	0	1	5	0	1	0	1	0	0	0	0	3	4	4	3	6	12	8	5	4	2	3	4	7	3	1	1	0	3	3	2	1	0	2	2	3	0	2	3	0	0	0	1	3	0	1	4	4	4	2	0	2	9	1	6	6	5	3	5	2	1	6	7	3	0	2	4	1	1	1	3	0	4	2	1	2	1	2	0	1	0	1	1	2	1	5	3	2	1	0	1	1	2	0	1	2	3	2	3	0	1	4	2	5	4	0	0	3	6	0	8	1	3	0	6	1	3	0	2	1	2	2	1	0	2	0	3	0	1	0	0	0	2	1	5	0
TIGR00014-sample1	0	0	1	0	1	0	0	0	0	0	0	0	0	1	0	2	0	0	1	1	1	0	0	6	0	0	0	0	0	0	0	0	0	1	0	0	0	0	0	0	0	0	0	1	0	0	8	1	0	3	0	0	0	0	0	0	2	1	0	0	0	0	0	0	0	1	0	0	0	0	0	0	1	0	0	0	0	0	0	3	0	0	0	0	1	1	0	0	0	0	0	0	1	0	0	0	0	0	0	0	0	0	0	0	0	0	0	0	0	0	1	0	0	2	1	0	0	0	1	0	0	1	0	1	1	3	0	0	0	0	0	0	0	0	0	1	0	0	0	1	0	0	0	1	3	0	0	0	1	1	1	1	1	0	0	3	2	1	0	0	0	0	0	1	0	2	0	1	0	0	1	1	0	0	0	0	1	0	0	0	0	1	0	0	0	0	0	0	0	0	1
TIGR02912-sample1	2	2	1	1	0	2	1	5	6	0	1	3	1	8	0	2	0	2	2	0	13	5	29	8	5	29	11	0	15	1	1	0	0	1	4	5	0	5	4	11	2	2	1	3	0	1	2	3	0	8	4	1	8	4	4	0	5	2	0	2	4	3	5	1	0	0	2	5	6	0	9	5	3	2	12	5	4	10	12	4	3	1	0	2	0	6	6	4	1	6	11	0	4	3	0	2	2	5	1	0	1	13	10	3	2	1	1	6	2	5	4	28	5	5	12	4	15	11	2	5	6	6	1	4	9	8	2	12	10	4	2	12	0	6	3	1	3	7	2	3	3	2	3	5	3	5	6	4	3	2	7	14	6	14	0	3	1	1	2	3	3	3	4	3	0	5	2	6	1	10	4	5	5	11	1	7	3	7	2	2	1	3	6	0	8	0	4	7	6	2	5
TIGR02416-sample1	6	7	18	10	13	6	12	10	4	8	9	7	11	22	9	8	6	5	12	15	49	15	92	19	25	92	123	2	45	25	3	20	17	27	14	62	17	20	46	40	6	37	28	8	24	25	78	18	8	91	88	13	74	26	28	0	20	27	0	15	14	32	31	5	5	2	22	13	78	9	85	67	17	59	51	31	19	50	46	40	22	8	14	33	40	36	25	11	38	15	37	0	33	40	0	23	33	23	54	0	16	70	32	22	15	25	19	37	12	14	23	146	50	72	44	26	74	43	13	11	11	17	9	10	14	18	20	25	7	10	16	24	13	13	8	9	9	17	14	8	13	18	8	19	23	7	14	17	20	11	23	30	9	17	0	18	21	13	15	13	8	13	9	20	8	25	6	23	6	30	9	18	18	19	5	11	9	10	13	6	16	4	8	2	15	0	5	8	13	17	10
coxM_alignment-sample1	1	1	0	1	4	0	5	0	0	0	0	0	0	1	0	2	1	1	2	2	1	3	3	1	3	3	0	0	3	0	1	2	0	0	0	2	0	1	1	0	0	1	0	1	1	0	0	0	0	1	3	0	11	1	1	0	0	0	0	0	2	0	0	0	0	0	1	0	0	0	3	3	0	5	3	2	1	1	1	1	0	0	1	0	0	2	1	2	0	0	2	0	2	1	0	1	0	1	2	0	0	4	1	0	2	2	0	1	0	2	3	3	0	4	0	0	0	2	1	0	0	3	0	3	0	1	1	2	1	0	1	1	1	2	0	1	0	1	2	0	4	0	1	0	0	1	0	1	1	1	2	1	2	2	0	0	2	3	0	0	1	1	1	2	2	1	0	1	1	1	0	1	1	1	0	1	1	0	7	1	0	2	0	0	1	1	2	0	0	2	0
coxS_alignment-sample1	6	11	13	4	16	11	33	13	6	7	14	15	5	21	10	12	13	3	6	19	133	17	270	34	23	270	183	11	167	59	35	33	32	71	62	197	16	68	124	97	43	90	69	34	34	44	174	82	8	145	126	24	161	45	74	3	85	67	0	19	23	82	70	26	7	12	109	63	278	27	216	123	54	135	171	92	44	192	143	117	78	12	40	112	67	90	68	36	134	60	93	0	97	98	0	56	79	48	118	0	53	174	147	66	52	78	42	131	29	86	56	419	185	183	150	91	167	101	12	7	30	21	12	15	35	16	12	26	47	17	15	43	7	28	7	16	13	28	23	22	13	13	22	29	18	15	21	18	15	6	28	36	34	31	0	21	31	48	13	20	18	14	7	19	17	34	10	35	15	55	22	16	29	19	5	27	10	26	8	5	34	9	23	0	23	3	3	27	26	16	12
TIGR00780-sample1	12	12	65	37	34	30	80	25	13	14	35	52	12	26	19	19	25	17	29	37	200	73	401	233	143	401	296	13	215	72	23	40	25	104	61	218	34	128	209	109	86	97	109	91	51	35	200	120	6	165	207	49	269	64	115	2	91	106	0	43	34	92	100	31	12	16	161	96	432	28	235	149	39	100	124	93	79	153	109	144	66	30	29	127	165	139	117	80	140	83	107	0	153	122	0	79	117	80	136	0	64	232	161	81	50	83	60	161	24	93	62	457	217	213	163	146	213	127	48	28	42	98	52	33	130	88	59	65	64	50	59	122	26	84	44	49	42	46	58	47	32	44	46	32	75	71	66	71	52	69	69	100	32	78	0	69	72	62	28	52	77	40	38	62	30	60	25	114	26	87	26	51	34	48	7	32	23	55	26	35	26	30	38	11	11	4	65	51	21	34	57
TIGR00781-sample1	14	23	80	23	46	38	73	58	15	11	34	76	13	30	16	29	21	11	18	37	472	88	791	246	115	791	401	6	327	96	38	47	35	99	75	322	43	134	325	164	130	134	110	104	61	59	291	184	8	235	217	67	343	61	228	4	139	132	0	68	75	134	120	32	18	27	184	166	653	30	464	202	90	220	251	154	163	279	213	260	79	19	60	137	179	180	141	136	144	118	175	0	211	205	0	119	126	157	223	0	87	457	301	98	118	192	124	272	47	87	104	814	349	417	282	220	334	198	52	23	42	77	51	45	133	78	58	60	69	37	39	152	26	144	41	33	27	62	51	44	49	78	50	29	62	59	70	91	44	61	77	97	29	56	0	82	84	67	34	65	64	63	48	52	46	66	32	114	45	100	41	62	31	32	16	32	41	35	32	50	18	33	31	12	9	3	84	39	21	37	44
TIGR00782-sample1	4	4	4	2	2	0	2	5	1	1	3	2	5	2	0	7	0	0	0	2	5	2	21	1	2	21	12	0	10	1	1	1	7	1	12	5	1	2	9	5	0	5	4	2	2	6	5	3	0	9	3	5	17	2	6	0	11	5	0	3	1	1	2	0	0	0	2	1	16	1	9	4	5	2	6	4	0	7	3	4	3	1	1	5	4	3	7	1	2	3	3	0	1	4	0	1	3	3	4	0	2	9	5	3	3	4	3	5	0	4	0	25	11	8	4	5	12	4	2	0	1	3	0	4	0	4	1	3	0	3	0	5	2	3	5	2	1	4	2	2	1	2	4	1	5	2	2	3	0	1	2	6	1	5	0	8	5	2	1	3	3	3	1	2	2	6	2	2	3	1	0	0	0	2	2	1	1	0	4	0	1	0	0	1	1	0	1	0	3	0	0
PF06778_seed-sample1	0	1	3	0	0	1	2	6	1	0	1	3	0	4	2	0	1	1	0	0	4	2	3	2	1	3	1	0	1	0	0	1	1	0	0	0	0	1	0	0	1	0	2	0	1	1	0	1	0	0	0	0	2	0	0	0	1	2	0	1	0	0	0	1	0	0	0	0	0	0	3	2	0	6	4	1	1	2	1	7	0	0	0	0	0	0	1	1	0	0	1	0	0	0	0	0	0	0	0	0	0	0	0	4	5	1	0	0	0	1	0	1	0	2	0	0	0	2	2	1	1	7	3	2	0	3	0	2	1	0	0	0	0	3	0	1	0	1	0	1	1	2	2	3	29	0	1	30	21	1	2	4	4	3	0	41	1	4	4	2	1	0	0	3	1	6	0	3	1	5	0	4	1	0	1	1	3	3	2	0	0	2	0	0	0	0	2	0	0	0	0
TIGR01702-sample1	3	0	1	2	0	1	1	4	1	1	2	6	2	3	2	1	1	1	0	4	10	10	19	9	11	19	10	0	25	2	1	2	3	1	1	10	1	15	3	9	2	5	1	2	1	1	1	5	0	5	3	0	20	5	5	0	5	6	0	1	0	3	3	1	1	0	6	4	1	1	19	4	4	11	8	9	8	12	10	8	2	1	3	3	8	18	5	6	4	6	3	0	6	9	0	2	4	10	3	0	6	14	3	1	3	6	0	7	3	24	10	28	6	10	9	1	14	9	2	1	3	1	3	0	3	4	1	2	2	1	2	7	3	15	3	0	4	5	3	2	1	2	1	3	1	4	0	1	6	4	1	6	4	7	0	4	3	2	2	6	2	1	4	0	5	4	3	15	0	36	1	7	1	0	0	0	2	1	9	2	0	23	5	0	4	1	4	7	1	5	2
TIGR00316-sample1	1	1	4	2	0	0	3	4	0	0	1	3	0	0	0	0	0	0	2	0	2	6	10	6	5	10	5	1	9	5	1	0	0	2	2	6	1	4	5	4	2	4	1	2	3	1	2	1	0	7	3	2	15	1	4	0	3	4	0	0	0	2	2	0	1	0	4	2	4	0	7	9	1	4	6	4	2	8	7	6	1	0	0	3	5	13	5	6	6	2	6	0	1	4	0	1	3	10	2	0	5	10	6	2	4	2	3	8	1	9	10	17	6	7	10	2	10	4	4	0	0	3	0	1	2	5	5	0	0	0	1	1	0	0	0	0	3	4	1	1	1	1	1	1	0	0	5	1	0	2	1	5	0	0	0	3	0	2	2	2	3	4	3	0	0	4	2	5	0	2	2	1	1	2	0	1	5	0	2	0	5	3	0	0	0	1	4	0	2	1	1
TIGR00381-sample1	4	0	4	1	0	1	2	0	2	0	0	1	0	0	0	2	2	0	1	3	4	3	1	6	4	1	4	0	3	0	2	1	1	1	1	2	0	0	0	1	3	1	2	3	1	1	2	0	0	3	2	0	5	0	3	0	0	2	0	1	0	0	1	0	0	1	1	0	4	3	2	2	2	1	1	0	2	1	1	1	0	1	0	5	1	8	1	5	3	0	1	0	2	0	0	0	2	1	2	0	3	0	2	3	2	2	1	4	0	3	4	7	0	4	0	1	3	0	1	0	5	3	0	0	2	2	3	4	3	2	1	2	3	6	0	3	1	1	1	5	5	7	1	0	3	0	3	1	4	2	5	2	1	4	0	1	1	1	2	3	10	1	1	4	1	3	5	0	2	4	2	5	1	2	0	0	2	2	3	2	2	1	3	0	2	0	2	2	2	0	0
TIGR02891-sample1	577	390	439	241	393	237	391	568	308	106	238	557	968	602	152	486	199	205	224	454	1166	551	1687	1333	1343	1687	1217	40	622	213	125	268	327	441	403	753	188	382	495	532	432	473	421	340	334	394	961	431	41	920	865	258	1664	325	442	19	400	428	0	181	170	480	401	134	37	62	526	460	1413	266	991	701	261	499	611	369	249	793	627	847	240	149	242	969	726	503	324	236	810	274	457	0	515	450	0	211	435	244	442	0	266	764	467	437	391	320	311	535	101	264	216	1476	636	782	536	475	721	513	400	262	584	492	281	348	629	443	398	565	651	394	490	863	299	720	172	371	337	467	531	319	335	399	417	351	480	443	471	525	555	360	671	809	658	825	0	578	622	499	350	425	524	372	503	504	297	572	283	565	382	804	314	540	454	236	201	335	333	299	347	345	242	370	398	62	294	47	457	289	229	369	469
TIGR02866-sample1	23	25	14	8	7	4	8	15	4	0	11	27	61	26	4	23	4	6	3	16	5	16	14	37	45	14	4	0	4	4	0	1	3	0	1	5	1	9	8	2	0	1	2	2	2	3	2	2	1	6	5	11	35	6	3	1	6	8	0	3	3	1	4	0	0	0	1	3	16	1	6	1	1	2	2	0	1	5	2	6	2	0	0	3	6	3	2	3	3	5	3	0	10	1	0	4	5	2	2	0	2	13	4	2	0	3	3	7	1	4	7	7	8	1	5	6	9	5	8	10	38	9	7	10	27	11	11	14	36	9	9	29	3	22	3	11	19	21	21	10	9	5	28	17	17	10	13	32	13	6	11	33	35	29	0	28	12	16	29	16	11	19	23	18	9	31	9	10	26	33	12	21	21	20	4	25	17	27	7	7	19	16	21	2	34	3	3	15	27	18	10
PF01654_seed-sample1	54	53	48	23	51	26	52	48	9	5	28	48	121	53	25	53	15	22	29	30	301	96	766	160	80	766	275	18	321	103	54	89	56	76	45	334	36	198	201	173	150	150	136	99	74	76	285	136	10	228	174	87	327	50	139	3	138	136	0	51	49	111	108	39	16	14	172	149	604	25	533	348	163	337	310	244	133	402	286	297	101	24	55	133	173	265	199	136	101	129	185	0	244	206	0	97	109	178	195	0	134	363	203	136	125	148	126	249	43	200	178	612	317	308	210	239	315	300	26	25	27	32	36	25	64	60	27	41	66	23	52	160	25	91	18	25	21	28	42	35	31	27	29	32	98	30	45	65	70	32	53	118	37	55	0	123	57	30	41	42	35	24	46	47	23	65	19	60	33	94	36	59	39	13	27	32	24	65	26	35	22	14	43	2	35	4	58	41	28	37	46
TIGR00203-sample1	2	7	4	4	9	6	7	1	1	1	7	6	5	7	5	5	0	2	16	2	6	4	12	20	8	12	14	0	15	3	2	2	3	2	5	20	0	3	17	3	5	4	7	4	0	2	16	4	0	10	7	3	13	3	10	0	8	5	0	1	2	3	1	2	2	2	8	9	50	2	6	1	3	3	3	4	3	5	1	3	2	1	2	5	5	4	4	3	5	2	2	0	7	5	0	5	7	4	10	0	4	22	8	6	5	6	4	11	1	1	4	38	13	17	6	18	13	3	5	2	2	8	6	4	5	6	3	5	10	4	15	7	0	6	2	1	3	2	3	6	4	7	5	4	7	14	5	12	3	4	6	41	5	6	0	6	5	6	11	11	10	7	5	6	0	14	10	14	3	9	11	22	4	7	4	3	2	2	7	8	3	2	3	0	3	0	9	3	0	4	8
TIGR01433-sample1	0	0	0	1	0	0	0	1	0	0	0	0	0	0	0	0	0	1	0	3	3	1	17	0	0	17	5	0	4	0	0	1	1	1	1	9	0	1	5	3	4	1	1	0	1	0	5	2	0	2	3	0	11	0	0	0	0	3	0	0	0	0	1	2	0	0	1	1	7	0	8	7	4	6	9	4	4	5	9	7	1	0	0	1	0	2	1	0	0	1	4	0	1	3	0	0	0	1	5	0	1	7	6	2	4	2	0	1	0	0	0	9	3	4	3	2	4	2	0	0	0	0	1	1	7	0	0	1	1	0	1	1	0	0	2	0	0	0	0	0	0	0	1	1	1	1	0	1	0	0	1	2	1	2	0	0	2	1	0	1	2	0	0	0	0	0	1	3	0	1	0	1	0	0	0	2	1	1	0	0	2	0	1	0	0	0	0	0	1	1	0
TIGR02847-sample1	0	0	0	0	0	0	0	1	0	0	0	0	0	0	0	0	0	0	0	0	0	0	0	1	0	0	0	0	0	0	0	0	0	0	2	0	0	0	0	0	0	0	0	0	0	0	0	0	0	0	0	0	1	0	1	0	0	0	0	0	0	0	0	0	0	0	0	0	0	0	0	0	1	0	0	0	0	1	0	0	0	0	0	0	0	1	1	0	0	1	0	0	0	0	0	0	0	0	0	0	0	0	0	0	0	0	0	0	0	0	0	1	0	0	0	0	0	0	0	0	1	0	0	0	0	0	0	0	0	0	0	0	0	0	0	0	0	0	0	0	0	0	0	0	0	0	0	0	0	0	0	0	0	0	0	0	0	0	0	0	0	0	0	0	0	0	0	0	0	0	0	0	0	0	0	0	0	0	0	0	0	0	0	0	0	0	0	0	0	0	0
TIGR01473-sample1	58	39	38	25	41	19	36	87	57	11	23	127	56	145	15	55	14	24	30	77	144	45	266	103	145	266	142	6	128	43	18	43	25	73	77	176	20	59	102	77	44	71	54	48	61	65	155	59	8	118	92	20	205	45	104	2	63	45	0	18	31	100	70	16	10	7	84	78	274	20	196	115	58	100	130	70	40	122	108	153	51	42	30	239	171	63	57	29	173	44	87	0	99	103	0	54	73	50	95	0	25	159	96	90	63	51	45	117	10	54	35	307	131	150	132	96	139	102	25	62	120	38	39	58	140	51	64	64	147	73	52	154	36	152	25	77	78	52	116	20	21	63	67	36	69	66	64	78	114	59	77	79	122	147	0	69	69	31	34	45	90	71	77	62	55	45	57	41	66	68	42	97	101	37	63	100	27	47	72	57	32	46	90	4	57	8	61	23	33	28	109
TIGR00455-sample1	99	85	175	80	176	84	152	160	57	25	97	106	195	133	79	83	60	73	89	100	652	145	495	315	272	495	170	5	230	69	47	68	38	60	47	113	34	136	128	99	113	111	116	97	32	27	149	202	3	122	118	37	271	51	274	2	105	135	0	53	32	93	112	23	12	9	81	188	222	25	269	174	42	195	139	138	194	296	125	276	38	6	45	92	170	178	144	151	82	66	88	0	165	112	0	88	76	160	86	0	82	374	281	84	160	135	205	193	22	82	121	326	155	378	160	75	163	147	90	74	107	155	69	122	142	132	122	159	127	118	139	204	83	121	68	101	92	115	166	135	140	143	146	133	110	118	131	135	136	110	185	278	151	191	0	152	185	187	112	139	148	139	141	129	88	212	75	187	106	279	99	181	97	59	55	91	90	75	118	77	69	125	81	19	87	15	110	64	68	131	101
TIGR02034-sample1	66	63	213	86	180	97	211	120	66	30	80	178	77	193	61	71	65	77	88	112	486	229	969	536	379	969	515	16	422	105	69	113	66	173	157	457	63	247	277	284	252	227	196	166	145	123	479	208	15	351	334	110	649	143	218	10	192	144	0	96	96	251	202	67	22	23	303	300	761	73	645	375	161	323	349	252	166	443	318	356	133	76	114	438	368	327	204	183	325	197	274	0	422	274	0	115	203	216	215	0	165	458	290	198	193	184	243	318	64	258	199	844	372	467	286	266	391	334	142	90	245	206	131	151	202	222	146	232	234	143	228	292	99	232	65	109	130	196	256	163	151	228	222	197	153	161	215	164	189	133	265	286	227	281	0	175	227	220	193	233	240	187	208	217	131	234	86	224	196	339	185	160	163	133	71	153	114	144	142	103	142	134	162	17	208	16	245	103	134	182	155
TIGR02064-sample1	0	3	0	2	0	0	0	2	0	0	2	4	0	0	0	0	0	0	0	2	4	2	1	6	1	1	2	0	0	0	1	0	0	1	2	1	1	2	3	1	3	2	1	0	0	5	0	4	0	1	3	2	13	3	1	0	2	5	0	0	0	0	0	0	0	0	1	0	0	0	0	0	0	0	1	0	0	0	2	0	1	0	1	1	6	5	1	0	2	1	2	0	6	3	0	0	5	0	1	0	1	0	3	1	0	0	1	1	2	2	0	4	1	2	2	0	2	0	3	0	1	0	0	0	3	1	0	3	4	3	2	0	0	0	0	2	1	2	0	0	0	1	1	0	1	3	1	0	2	1	2	2	2	2	0	3	3	2	1	2	1	0	1	3	0	2	1	0	2	2	0	3	0	1	1	0	0	0	0	0	0	0	0	0	1	0	2	0	2	2	3
TIGR02066-sample1	1	1	1	0	0	0	1	0	1	0	0	1	0	0	0	2	0	0	2	0	85	1	35	3	8	35	2	0	10	4	1	6	3	0	1	1	2	3	3	1	5	5	4	1	1	0	0	5	0	3	0	3	9	1	19	0	10	6	0	5	2	6	2	1	0	1	2	10	0	0	11	12	4	11	3	10	10	24	2	10	2	0	4	0	8	6	5	2	1	1	3	0	5	4	0	1	0	6	6	0	2	24	23	5	15	10	24	13	1	1	8	9	7	29	10	0	10	9	0	1	0	0	3	3	3	1	1	4	2	1	3	5	1	4	1	0	2	2	1	1	3	1	1	2	0	3	1	0	1	1	1	0	1	3	0	1	1	3	1	0	0	1	1	2	0	0	1	1	0	3	1	3	0	4	2	1	0	0	2	0	0	2	0	1	2	0	1	0	2	1	2
dsrD_PF08679_stockholm-sample1	0	1	0	0	0	0	0	1	0	0	0	0	0	0	0	0	0	0	0	1	2	6	1	2	1	1	1	0	0	0	0	0	0	0	0	0	0	0	0	0	1	1	0	0	0	2	1	0	0	0	0	0	1	0	0	0	0	0	0	1	0	0	0	0	0	0	0	1	2	0	0	0	0	0	1	0	0	0	0	0	0	0	0	0	1	0	0	0	1	0	0	0	0	1	0	0	0	0	0	0	0	0	0	0	0	0	0	0	0	0	0	0	0	0	0	0	0	0	0	0	0	0	0	0	0	0	0	2	0	0	1	0	0	0	0	1	0	0	0	0	0	0	0	0	0	0	0	0	1	0	0	0	0	0	0	0	0	0	0	0	1	0	0	0	0	0	0	1	0	0	0	0	0	0	0	0	2	1	0	1	3	0	0	0	0	0	0	1	1	0	0
TIGR03126-sample1	0	0	1	3	5	3	2	4	0	0	2	0	1	0	1	0	1	2	2	0	4	0	7	10	3	7	1	0	3	0	2	1	0	0	0	3	1	4	0	1	1	1	3	0	0	0	3	0	0	2	0	3	1	0	1	0	0	1	0	1	0	1	1	1	0	0	6	4	21	0	1	3	0	2	0	1	0	1	1	2	0	0	0	0	1	1	0	2	1	0	0	0	1	1	0	1	1	2	1	0	3	1	3	0	1	3	2	1	0	3	1	4	5	7	1	9	6	4	5	0	0	3	0	2	0	13	4	5	1	1	3	1	0	0	2	0	0	6	2	3	11	6	0	3	0	1	3	1	1	2	2	7	3	0	0	0	3	7	4	3	1	1	3	6	2	22	0	10	5	8	5	1	1	1	0	3	2	0	2	4	0	0	2	0	0	0	0	1	2	4	1
fcc_interpro-sample1	0	1	5	2	5	1	5	2	1	0	3	0	0	3	1	3	3	1	3	2	30	3	14	8	4	14	51	1	24	7	0	1	0	9	4	14	4	4	18	10	5	1	1	8	3	1	16	8	0	13	4	4	22	4	2	0	6	6	0	8	0	2	1	4	0	1	13	12	49	2	9	5	0	3	1	4	3	4	1	2	2	1	3	14	17	11	4	3	10	4	6	0	10	3	0	3	20	3	8	0	1	20	14	3	1	11	1	13	6	2	0	38	14	24	20	9	15	2	4	0	3	5	2	3	2	6	5	7	1	3	1	2	3	4	2	7	4	2	3	10	5	4	4	2	4	3	3	2	3	1	8	17	6	7	0	0	8	5	4	2	6	0	3	7	3	5	4	8	6	10	2	2	4	1	1	3	3	0	0	2	4	0	2	2	0	5	8	1	1	5	1
TIGR01591-sample1	5	0	11	4	18	5	12	17	8	4	10	20	6	18	4	7	3	3	14	10	39	48	126	80	40	126	62	2	33	17	8	11	6	14	15	54	5	27	27	29	20	17	15	13	6	4	49	19	3	37	41	7	75	15	20	0	10	12	0	10	4	20	14	3	4	2	29	28	100	8	56	30	9	31	25	19	8	31	25	36	19	3	9	25	32	32	19	20	14	14	41	0	40	44	0	14	23	17	16	0	16	48	27	19	19	11	28	25	9	20	15	70	34	46	27	34	23	38	8	9	14	14	22	11	26	19	11	29	29	14	33	70	7	26	11	9	10	16	11	15	6	22	11	9	13	22	12	25	21	13	24	17	20	21	0	17	18	10	15	31	24	25	14	15	12	19	11	17	9	22	15	23	19	12	7	17	13	20	7	12	10	7	16	2	20	1	30	21	10	14	20
TIGR01582-sample1	0	2	0	2	4	0	0	1	0	1	3	4	0	1	0	2	2	1	3	0	7	1	19	5	4	19	1	0	6	2	2	3	2	6	2	2	3	13	4	2	3	6	6	2	5	1	3	5	0	5	1	3	12	6	2	0	2	6	0	1	2	1	2	3	1	1	4	8	18	3	10	6	1	6	1	8	3	9	4	3	2	0	0	3	4	15	15	8	6	9	5	0	12	9	0	2	4	13	0	0	4	10	4	2	4	5	3	2	3	6	5	11	6	8	5	8	8	10	0	2	1	1	2	1	2	2	2	2	2	3	4	3	0	5	1	0	1	0	3	0	2	1	2	2	1	3	2	0	2	2	1	8	2	3	0	0	6	1	3	1	4	2	3	1	2	3	6	2	0	3	2	1	1	2	0	2	0	0	3	1	0	1	1	0	0	0	1	0	4	2	2
TIGR01583-sample1	0	0	2	0	2	0	2	0	0	1	0	4	0	2	0	0	0	1	2	2	1	1	11	5	3	11	12	0	0	0	0	0	0	2	1	0	0	0	0	4	0	1	0	0	0	0	1	0	0	14	7	0	4	0	0	0	0	0	0	0	0	1	0	0	0	0	2	2	2	0	4	4	1	1	1	1	1	3	3	5	0	0	0	0	0	1	0	0	0	1	0	0	0	0	0	0	1	0	0	0	0	0	1	0	1	0	0	0	1	0	0	0	0	0	0	0	2	2	0	0	2	0	1	0	1	4	2	0	4	0	0	2	1	2	0	1	2	0	1	1	1	0	4	1	1	3	1	3	4	2	0	0	1	2	0	3	0	1	3	1	3	1	1	0	1	1	0	0	3	4	1	1	1	0	2	4	0	0	1	1	0	0	1	0	4	0	2	0	1	2	1
TIGR02819-sample1	1	0	0	1	3	1	2	1	1	0	1	1	2	2	1	0	0	1	3	1	3	2	3	2	2	3	0	0	3	0	0	0	2	1	1	1	0	1	1	2	2	3	1	2	0	1	1	1	0	1	1	0	5	2	1	0	0	2	0	1	1	0	0	1	0	0	2	4	1	1	0	3	1	3	2	0	1	2	1	1	0	0	0	1	1	3	1	4	1	2	1	0	4	4	0	0	1	3	0	0	0	2	3	1	1	1	0	1	0	2	5	1	3	1	1	0	2	3	1	2	1	4	0	0	0	1	0	3	0	7	2	0	0	3	0	0	0	4	1	5	1	2	5	3	0	2	3	2	0	0	5	4	0	1	0	0	3	5	3	2	5	2	1	1	0	1	1	2	0	0	4	0	0	1	0	3	0	0	4	2	2	0	2	1	1	0	1	2	0	3	1
TIGR02512-sample1	0	0	0	3	1	3	2	3	2	5	3	3	1	5	2	0	3	1	1	1	8	4	24	5	22	24	5	1	20	12	1	3	2	1	3	12	3	19	7	1	5	0	8	0	2	3	2	4	1	3	1	4	18	5	5	0	8	2	0	2	0	0	1	0	1	0	6	7	1	3	20	16	4	17	16	13	11	19	6	7	3	0	2	0	2	25	19	13	0	5	13	0	22	9	0	5	1	32	7	0	17	12	16	3	7	14	11	19	7	36	37	26	19	24	20	0	28	18	1	6	5	4	4	2	1	2	0	2	7	2	4	7	1	3	2	6	3	1	0	2	2	7	2	0	4	1	10	6	9	0	3	4	3	4	0	3	3	1	0	2	6	0	4	2	5	1	4	6	3	5	1	4	1	0	0	3	1	0	7	3	1	1	1	0	1	1	7	1	2	1	4
TIGR04105-sample1	0	2	2	2	3	2	2	1	0	1	1	1	1	1	0	0	0	0	0	0	2	0	2	4	2	2	2	0	3	0	1	5	1	2	3	3	1	0	0	0	1	2	0	0	0	1	0	1	1	3	4	3	3	1	0	0	0	0	0	2	0	0	0	0	0	0	0	1	1	0	2	5	1	4	5	2	5	6	1	0	2	0	0	1	2	1	0	1	0	1	3	0	2	2	0	0	1	5	0	0	0	0	1	1	0	0	2	3	0	2	1	0	1	0	1	0	2	2	1	0	4	4	0	0	3	1	3	2	2	2	1	2	0	1	3	0	2	1	1	3	5	1	3	5	0	2	4	2	0	0	3	6	4	3	0	1	7	4	6	6	1	2	6	3	0	4	3	0	2	1	1	2	1	0	0	0	1	1	1	0	1	4	3	0	0	0	2	0	1	5	1
TIGR03119-sample1	1	1	2	0	1	0	1	1	0	1	3	3	0	3	0	1	0	1	2	0	18	4	57	22	2	57	14	2	20	6	1	1	2	2	8	21	1	27	19	7	9	13	5	2	1	2	30	4	0	11	9	10	14	2	9	0	7	4	0	3	4	11	8	5	4	0	26	21	175	1	31	10	4	11	12	14	14	17	17	15	9	0	9	2	6	44	25	12	2	17	17	0	45	27	0	7	5	12	13	0	16	20	20	4	4	5	14	9	8	12	8	34	12	21	19	58	15	18	1	0	2	2	11	2	0	20	3	8	2	2	7	5	0	4	1	2	3	1	3	1	8	4	4	1	4	1	2	7	4	3	4	3	2	2	0	6	0	2	3	2	4	3	2	1	0	4	2	5	3	2	6	6	1	2	3	2	4	1	1	4	0	2	2	0	2	0	13	2	0	4	4
TIGR01428-sample1	0	0	0	1	0	0	0	0	0	0	0	0	0	1	1	0	2	0	0	0	5	1	6	1	3	6	0	0	3	0	3	2	0	2	4	3	0	3	4	3	1	1	0	2	0	2	3	2	0	3	1	0	1	0	0	0	0	0	0	0	0	0	0	0	0	0	0	2	3	0	7	3	2	7	3	2	0	11	4	3	2	0	2	1	2	4	1	1	0	0	1	0	2	0	0	0	1	0	1	0	0	2	2	2	1	3	0	1	0	0	2	5	1	6	1	0	3	7	1	0	0	8	2	1	1	0	2	0	0	0	0	1	0	0	2	0	1	1	2	0	0	1	0	2	0	3	1	1	1	1	0	2	2	1	0	0	1	2	0	1	1	1	1	4	0	1	1	0	1	1	2	0	0	0	1	0	3	0	3	2	0	0	1	0	0	0	0	0	1	1	0
hzoA_alignment-sample1	0	1	6	3	3	1	5	1	2	2	2	1	2	4	3	1	2	0	0	2	9	5	5	12	2	5	8	0	10	1	1	0	1	4	2	3	0	3	0	3	9	2	3	1	0	3	4	5	0	3	1	1	7	6	3	0	2	5	0	1	2	0	4	2	0	0	1	3	4	0	7	2	1	0	5	2	0	4	0	6	1	2	3	3	7	4	2	2	6	4	2	0	4	2	0	0	4	1	1	0	0	4	5	4	2	1	1	6	1	0	0	4	3	8	2	5	3	2	3	0	5	2	3	2	6	5	4	3	2	8	0	3	3	9	5	1	1	3	2	7	2	6	6	5	3	0	4	5	3	3	3	9	2	5	0	1	8	1	1	2	13	1	1	1	0	5	5	2	2	13	1	4	1	1	1	2	2	1	1	1	1	4	0	1	0	0	1	0	1	4	0
hzsA_alignment-sample1	19	22	7	2	3	4	2	13	3	0	7	6	67	3	2	24	1	6	1	11	37	7	13	16	23	13	15	0	6	4	1	2	4	1	13	6	2	9	6	4	3	9	7	10	1	2	1	5	0	9	3	3	25	2	1	1	8	10	0	4	1	0	3	0	0	1	2	4	9	5	9	5	3	4	6	5	6	7	2	3	2	4	2	5	10	11	9	3	11	5	6	0	6	10	0	3	9	9	3	0	18	5	6	6	0	6	3	8	4	10	14	12	13	6	1	2	8	6	2	1	2	4	8	1	5	12	6	7	7	5	5	5	1	4	5	14	3	4	5	4	4	5	3	1	20	1	11	20	12	3	5	16	5	7	0	23	1	4	1	4	6	2	4	6	9	6	5	10	7	8	1	13	4	1	2	1	2	7	4	2	3	2	1	1	1	0	6	4	3	5	2
Hydrogenase_Vignais_Group_1_alignment-sample1	78	92	27	20	22	13	26	59	22	6	31	14	268	14	20	97	6	14	9	36	298	15	302	49	47	302	62	1	178	42	43	36	11	23	11	50	10	119	70	40	70	73	60	40	14	9	53	110	5	26	17	18	104	12	107	1	75	76	0	24	16	38	23	9	9	0	45	113	89	12	227	207	71	180	158	141	115	198	157	152	79	3	26	9	70	184	112	122	13	65	168	0	189	157	0	30	25	162	73	0	140	193	149	52	80	81	118	99	30	138	137	170	104	173	79	33	101	155	21	6	8	31	19	8	16	19	11	7	6	11	16	23	20	11	16	20	16	17	11	27	11	13	25	10	72	4	28	68	46	9	14	75	21	22	0	95	68	27	23	11	10	5	27	16	4	50	8	37	10	44	23	31	17	4	2	16	13	6	7	16	6	29	6	1	1	0	17	8	2	11	11
Hydrogenase_Vignais_Group_2a_alignment-sample1	129	133	9	19	11	8	8	71	29	1	18	22	285	12	2	103	4	12	10	29	26	5	58	36	46	58	38	0	24	12	8	8	8	15	5	14	6	36	7	18	10	15	16	13	5	5	12	11	1	24	42	7	56	5	17	0	19	17	0	4	3	11	6	1	1	4	12	20	21	1	73	59	22	55	32	25	15	68	49	34	30	0	7	11	17	57	30	22	7	26	59	0	39	47	0	9	11	23	8	0	30	23	15	12	22	8	17	20	12	35	36	51	17	24	9	9	16	33	12	5	4	8	12	8	7	16	4	11	3	2	18	12	6	14	6	23	7	9	14	4	7	5	14	6	115	5	8	79	35	8	8	50	14	21	0	125	24	16	10	7	9	2	10	13	8	28	4	17	15	31	13	11	14	1	3	14	11	2	8	8	2	1	19	1	3	0	6	6	7	5	4
Hydrogenase_Vignais_Group_2b_alignment-sample1	0	1	0	1	1	0	3	5	0	0	1	1	0	2	1	1	2	0	0	0	4	4	9	10	4	9	6	1	6	1	0	2	3	0	6	1	1	1	2	4	3	7	2	0	1	1	3	3	0	5	4	1	5	2	3	0	3	2	0	0	2	5	2	1	1	1	5	2	3	0	5	2	0	5	7	6	3	6	2	5	2	1	3	1	5	7	4	2	6	1	4	0	5	4	0	1	3	2	1	0	3	3	3	3	11	2	2	2	0	1	6	1	1	2	1	1	6	9	2	1	1	5	2	0	1	3	2	2	3	2	0	6	3	11	0	1	1	2	3	3	2	1	0	1	0	1	0	2	1	3	2	0	0	2	0	0	1	3	3	1	1	1	3	0	1	2	2	4	2	3	0	3	1	3	3	5	2	0	1	1	0	2	2	0	1	0	0	3	0	3	1
Hydrogenase_Vignais_Group_3a_alignment-sample1	5	0	0	0	0	1	1	0	1	0	1	3	2	1	0	0	0	0	0	1	3	6	4	2	4	4	6	0	0	2	0	1	0	2	1	1	0	1	0	0	2	0	0	0	2	0	0	1	0	2	5	0	5	4	1	0	0	1	0	3	0	2	0	0	0	2	0	1	0	0	1	2	0	0	0	1	0	1	0	1	0	0	0	2	0	2	3	0	4	0	3	0	0	3	0	0	2	2	0	0	0	1	3	3	0	2	1	0	1	2	0	2	1	1	1	1	1	1	1	1	0	4	1	7	2	2	3	1	2	5	0	2	6	9	5	1	2	4	1	2	2	2	1	2	0	3	2	3	3	1	1	3	5	2	0	3	0	2	1	2	2	1	1	1	0	5	1	3	2	6	2	0	2	2	1	1	0	0	2	2	1	0	2	0	1	0	1	2	0	2	1
Hydrogenase_Vignais_Group_3b_alignment-sample1	0	1	2	2	3	3	2	0	0	0	0	0	1	2	1	0	1	1	0	1	3	1	4	6	4	4	8	0	1	0	0	2	6	0	3	2	3	3	1	3	3	3	4	2	1	2	1	1	0	5	2	1	4	3	3	0	2	2	0	1	1	0	0	0	0	0	4	1	0	0	6	1	1	1	3	1	1	1	4	0	0	1	0	4	3	6	6	5	3	0	1	0	1	3	0	1	3	1	1	0	0	1	1	2	3	1	1	1	0	3	4	3	2	0	3	1	2	1	1	0	3	1	2	1	1	1	0	0	0	0	3	0	1	1	0	0	1	0	0	4	0	0	1	1	1	0	0	3	0	1	2	2	0	0	0	4	1	0	3	1	0	2	0	0	0	1	2	0	3	3	1	1	1	1	1	0	0	0	0	1	2	1	1	0	0	0	1	1	0	0	1
Hydrogenase_Vignais_Group_3c_alignment-sample1	61	67	56	30	82	23	65	48	17	7	48	13	163	16	43	64	18	11	31	31	403	3	296	67	52	296	44	3	177	63	37	41	12	13	15	53	9	107	51	39	60	63	83	42	21	14	65	79	1	34	18	19	87	6	98	1	64	68	0	21	20	34	28	15	7	1	53	111	114	9	215	192	80	201	172	131	164	281	175	174	70	1	25	6	45	176	140	134	7	90	187	0	156	148	0	21	13	163	49	0	149	194	170	48	108	78	81	94	25	164	146	179	82	178	74	43	107	155	41	1	5	68	26	20	4	32	23	25	2	29	39	8	29	5	16	20	11	43	14	58	35	20	33	42	38	16	25	62	44	13	30	123	30	21	0	66	98	60	42	44	21	19	39	32	15	101	9	93	18	107	43	48	10	4	6	9	24	1	13	30	3	54	9	4	0	0	24	0	3	35	11
Hydrogenase_Vignais_Group_3d_alignment-sample1	56	68	36	24	75	23	54	45	19	9	41	17	167	16	42	66	14	11	30	27	66	3	132	53	38	132	27	1	68	27	12	21	10	9	6	26	5	42	27	30	22	32	32	21	11	8	61	20	2	25	10	10	53	6	31	0	14	19	0	10	12	16	11	14	4	1	37	31	138	6	102	98	36	81	77	56	63	102	74	74	27	2	14	4	23	83	55	62	7	44	88	0	68	75	0	11	13	70	25	0	70	41	30	16	18	17	26	25	10	76	59	75	36	51	19	46	37	74	29	1	4	54	18	18	3	25	17	24	1	20	31	9	26	4	7	18	11	27	13	33	23	11	21	28	32	6	14	56	40	6	23	112	27	21	0	60	67	42	29	20	15	13	32	26	4	77	4	67	7	88	29	41	10	3	6	9	18	0	10	18	1	48	5	5	1	0	24	3	1	27	14
Hydrogenase_Vignais_Group_4_alignment-sample1	2	1	2	3	1	1	0	0	2	0	1	3	3	3	0	0	1	0	0	5	4	5	10	6	3	10	9	0	5	0	3	4	6	0	2	3	1	1	2	2	2	2	1	0	6	3	1	2	0	9	2	1	9	2	0	0	2	3	0	0	0	0	0	1	0	0	2	1	1	8	2	5	3	3	1	3	1	6	3	1	1	0	2	1	2	6	3	0	4	0	6	0	1	2	0	0	4	0	1	0	1	2	4	4	3	1	2	2	0	1	1	3	1	2	2	3	3	1	1	0	5	2	2	1	3	4	3	4	2	0	0	1	4	1	1	1	1	3	2	0	0	3	1	2	0	1	0	1	1	2	0	3	4	0	0	1	4	3	1	0	4	2	0	0	1	2	0	2	0	3	1	1	3	6	0	1	0	1	0	3	2	4	4	0	1	0	1	5	1	2	4
TIGR02659-sample1	1	1	0	1	0	0	0	1	0	0	0	0	0	0	0	0	1	0	0	0	2	0	1	4	2	1	1	0	0	0	0	0	0	0	0	0	0	0	1	0	0	0	0	0	0	0	0	0	0	1	0	0	0	0	1	0	0	1	0	0	0	0	0	0	0	0	0	1	0	1	0	0	0	0	0	0	0	0	0	0	0	0	0	0	0	0	0	1	1	0	0	0	1	0	0	0	0	0	0	0	0	0	0	0	0	0	0	0	0	1	0	0	1	0	0	0	0	0	1	0	0	0	0	1	2	0	0	1	0	0	0	2	0	5	0	3	0	0	1	0	1	0	0	1	2	3	1	1	3	1	0	0	1	2	0	1	1	1	0	0	0	1	0	0	1	0	0	0	1	2	0	2	1	0	0	0	0	1	1	0	0	2	1	0	0	0	0	1	0	0	1
TIGR02658-sample1	0	1	3	2	1	0	2	2	0	2	4	10	2	4	0	4	1	0	2	1	1	4	6	6	6	6	3	0	6	0	1	0	0	0	1	0	0	2	1	3	0	0	1	1	1	0	0	0	0	0	2	0	4	2	1	0	5	1	0	1	1	2	0	0	0	0	1	1	0	0	1	0	0	4	2	0	1	4	1	0	0	0	0	1	4	3	0	0	3	0	3	0	1	1	0	2	0	0	0	0	2	1	0	1	1	2	1	4	0	2	0	1	0	0	0	0	2	0	1	0	0	3	3	0	8	2	2	4	0	2	1	1	2	5	0	4	1	1	5	1	6	3	2	1	1	5	2	2	4	2	1	10	2	3	0	1	1	3	2	6	3	1	4	2	1	3	2	3	1	4	3	3	0	2	0	0	3	1	3	1	0	2	1	0	2	2	4	0	1	3	3
malonyl-CoA-reductase_alignment-sample1	3	1	21	7	17	5	9	4	6	6	10	3	3	9	5	4	7	6	8	10	14	3	12	15	5	12	2	2	5	1	1	4	5	9	4	2	2	5	2	3	8	4	6	3	7	3	16	2	0	7	3	2	41	6	3	0	4	3	0	1	2	15	2	1	4	2	0	5	22	3	20	6	2	8	6	2	11	9	9	11	3	3	6	28	14	5	5	4	22	0	5	0	8	5	0	2	3	8	1	0	6	5	3	5	7	6	8	11	2	8	9	8	6	4	6	9	9	3	6	11	12	13	2	11	4	5	9	16	11	7	7	11	6	6	7	5	8	9	17	11	11	7	8	5	3	7	12	5	3	3	21	26	10	22	0	0	15	20	8	11	13	5	5	13	6	18	10	29	8	30	8	6	8	3	3	5	7	3	7	5	3	11	6	4	1	2	1	1	8	10	8
TIGR03256-sample1	0	0	4	2	3	1	2	0	0	0	0	2	2	2	1	1	0	1	1	1	10	1	5	7	5	5	8	0	3	1	0	3	2	1	2	3	1	1	0	3	1	1	2	4	0	2	4	2	0	3	9	0	8	3	2	0	1	1	0	0	0	1	1	0	0	0	5	4	4	0	10	2	1	0	5	2	1	4	4	3	5	0	1	5	3	7	1	3	1	3	8	0	6	6	0	0	5	4	3	0	3	1	4	3	1	0	2	2	1	11	3	7	3	1	0	2	1	2	3	0	0	2	1	3	6	4	2	2	2	2	5	3	0	4	0	0	2	1	1	0	8	1	0	6	1	0	1	2	3	0	1	3	1	0	0	4	1	3	3	3	1	3	1	3	0	2	2	1	1	8	2	4	0	0	3	3	1	1	1	2	2	1	3	0	1	0	6	3	3	4	1
TIGR03257-sample1	8	2	0	1	4	0	3	4	3	1	1	3	8	3	0	4	0	3	0	9	6	8	9	10	12	9	1	0	3	3	0	0	0	2	2	2	0	3	4	2	0	3	1	2	0	5	6	0	0	3	1	3	10	3	3	0	1	1	0	0	1	4	6	0	0	1	2	0	7	0	6	5	0	3	6	1	1	2	2	1	0	0	1	0	1	5	3	2	0	3	5	0	5	3	0	2	1	5	5	0	4	6	2	2	3	5	1	5	1	6	0	7	8	4	7	1	6	2	3	4	5	3	1	4	4	1	1	3	9	5	3	19	3	12	4	5	7	3	13	1	1	1	2	2	3	3	7	7	8	1	3	5	9	11	0	11	4	4	1	4	6	3	4	8	3	3	2	4	3	4	0	5	3	1	1	3	2	1	3	4	1	2	2	0	6	2	1	0	0	2	3
MmoB_PF02406_full.stockholm-sample1	0	0	0	0	0	0	0	0	0	0	0	0	0	0	0	0	0	0	0	0	0	1	1	2	0	1	0	0	0	0	1	2	1	0	0	0	0	0	0	1	0	0	1	0	0	2	2	0	0	1	0	0	2	1	0	0	0	1	0	0	0	0	3	0	0	0	0	0	3	0	0	2	0	0	0	0	0	0	0	0	0	0	1	0	0	0	0	0	0	0	0	0	0	0	0	0	0	0	0	0	0	1	0	1	0	0	0	0	1	1	0	2	0	0	0	0	0	0	2	0	0	0	0	1	0	0	0	2	0	0	0	1	0	2	0	0	0	0	0	0	1	0	0	0	1	0	0	0	0	2	0	0	0	0	0	0	3	0	0	0	0	0	0	0	1	0	0	0	0	1	0	6	0	2	0	1	0	0	0	1	0	0	0	0	0	0	1	0	0	0	0
TIGR04550-sample1	0	0	2	0	0	0	0	0	0	0	0	0	0	0	0	0	0	0	0	0	1	2	0	3	0	0	1	0	2	0	0	1	0	0	0	1	0	0	1	0	1	0	1	1	0	1	1	2	0	0	0	0	1	0	0	0	0	0	0	0	0	0	0	0	0	0	0	0	1	1	1	0	0	0	0	0	0	0	0	1	0	0	0	0	0	0	0	0	0	0	1	0	0	0	0	0	0	1	0	0	0	0	0	0	0	0	2	1	0	1	1	1	1	1	1	2	0	0	0	0	0	0	2	0	0	4	0	0	0	0	2	0	0	0	1	0	0	0	0	0	2	0	0	1	0	0	0	0	0	0	1	0	0	0	0	1	0	0	0	1	1	0	0	2	0	0	0	0	0	0	1	1	0	0	0	0	0	0	0	0	0	0	0	0	0	0	1	0	0	0	0
TIGR03120-sample1	1	3	9	3	15	12	7	1	0	3	2	1	1	3	5	1	2	2	3	2	4	1	6	29	1	6	7	0	9	4	1	1	1	0	1	12	1	11	3	0	3	2	3	1	0	0	5	2	0	6	1	1	11	0	3	0	3	3	0	0	0	2	1	1	0	0	6	2	40	1	3	2	0	2	1	4	0	2	1	1	2	0	2	0	5	4	10	7	1	6	3	0	8	7	0	3	1	9	0	0	3	5	5	0	0	7	4	7	1	4	8	14	9	11	5	14	5	4	4	1	0	6	9	2	1	11	4	24	0	5	13	3	1	1	4	2	0	3	2	2	2	5	4	5	1	6	3	5	2	3	5	27	3	6	0	3	2	3	3	4	3	5	1	5	0	11	1	20	3	10	7	11	0	5	1	4	4	3	4	5	0	2	0	0	0	2	12	9	3	6	3
TIGR03259-sample1	0	0	1	0	1	1	2	0	0	0	0	1	0	2	0	0	0	0	0	0	3	1	5	1	1	5	5	0	2	0	0	1	2	1	4	3	0	2	0	0	0	0	0	1	0	0	2	0	0	0	0	4	6	1	0	0	0	0	0	0	0	2	1	0	0	0	0	1	0	1	3	3	2	1	0	2	1	7	0	1	0	0	0	2	2	1	2	2	1	0	1	0	0	0	0	1	5	0	1	0	4	6	2	0	2	2	1	6	0	0	0	3	5	1	1	0	1	3	0	0	0	1	0	1	1	0	2	0	1	2	0	2	4	3	0	0	0	0	1	1	0	1	0	2	0	1	0	0	0	1	0	1	0	1	0	1	1	1	0	0	2	0	2	2	1	1	4	1	0	0	0	1	1	1	0	0	0	0	1	0	1	0	1	0	1	0	0	1	0	0	0
pqq_xoxF_mxaF_alignment-sample1	7	6	23	13	15	20	23	29	9	3	14	44	7	26	6	16	10	4	28	12	88	30	237	497	129	237	102	7	105	28	16	15	21	25	30	143	13	76	114	58	64	64	70	25	17	22	245	57	2	75	69	58	144	27	56	5	42	62	0	17	31	43	47	23	10	5	113	63	570	14	127	41	16	50	31	47	22	90	51	61	32	11	37	60	72	103	65	44	35	52	56	0	101	103	0	39	51	42	76	0	36	169	78	37	36	52	63	88	12	40	42	274	108	137	91	188	78	68	23	16	20	26	124	21	47	124	29	67	49	23	142	66	18	55	17	12	13	5	14	17	20	48	12	20	55	36	56	72	71	40	53	33	13	36	0	58	28	11	33	34	43	57	28	39	8	21	57	20	23	30	38	27	12	9	13	21	46	20	34	36	4	18	25	3	2	5	344	24	6	13	63
TIGR03507-sample1	1	1	3	1	9	2	1	1	2	0	0	0	1	4	3	0	3	0	0	0	97	7	46	5	19	46	29	0	22	8	4	6	4	5	5	8	5	22	7	14	6	2	5	8	4	8	7	17	1	13	19	2	15	2	18	2	11	10	0	5	1	7	4	0	0	0	3	16	6	0	30	20	6	19	13	26	16	37	16	24	2	1	4	5	9	17	13	12	1	6	13	0	23	6	0	5	9	15	7	0	4	31	24	12	19	4	11	24	2	12	8	25	8	26	8	3	10	24	6	4	6	3	4	4	2	3	3	2	8	1	2	5	1	7	1	1	2	4	1	1	1	3	4	4	2	0	1	2	2	6	4	3	1	5	0	2	6	7	2	5	1	1	4	1	1	1	2	11	4	5	5	7	2	4	2	6	2	0	1	3	3	1	6	1	3	0	2	0	2	2	3
TIGR03509-sample1	1	0	0	2	4	3	1	2	1	0	2	4	2	4	0	1	2	1	2	2	12	6	29	2	2	29	14	0	26	8	2	2	4	1	6	33	1	3	23	8	4	4	5	8	1	1	14	13	0	3	4	3	17	1	7	0	6	14	0	3	1	4	10	2	1	3	8	1	57	2	18	12	3	7	12	4	6	21	8	10	15	1	12	3	5	11	14	5	4	12	15	0	13	23	0	14	6	5	22	0	6	28	24	0	1	12	4	31	2	8	5	64	24	36	29	22	38	8	0	0	2	0	3	0	1	0	0	3	8	0	1	0	2	0	0	0	1	0	3	1	2	0	1	0	1	0	0	0	2	1	1	4	0	2	0	0	1	1	0	2	1	3	2	4	1	3	2	2	0	2	5	1	2	2	1	0	2	2	0	0	1	0	1	0	1	0	4	0	0	0	1
TIGR01706-sample1	2	2	8	2	3	4	5	4	3	1	3	1	0	7	1	2	1	3	1	6	41	11	125	24	5	125	12	0	26	10	11	22	3	10	1	47	2	31	33	17	18	16	6	12	4	5	11	12	1	12	5	13	18	4	22	0	22	20	0	4	4	16	5	4	0	3	6	10	23	4	117	71	34	75	67	54	32	96	69	58	30	0	2	0	9	40	21	19	3	31	58	0	37	46	0	10	8	20	24	0	49	42	22	14	30	18	13	24	13	24	22	45	22	32	15	5	23	66	6	0	2	17	8	7	6	7	5	3	4	6	9	4	9	5	16	2	2	2	9	6	7	14	15	3	0	5	13	2	6	12	11	9	1	7	0	5	43	8	1	3	4	5	9	10	1	4	4	7	3	6	7	1	2	1	5	5	6	3	4	1	3	2	4	1	4	2	14	1	3	3	3
NapB_PF03892_full.stockholm-sample1	0	0	0	0	0	0	0	0	1	0	0	0	0	0	0	0	1	0	0	1	1	1	2	1	2	2	2	0	0	0	0	0	0	1	0	1	1	1	0	0	0	0	0	1	0	1	1	0	0	0	1	0	2	2	0	0	0	0	0	1	1	0	0	0	0	0	0	1	0	0	0	1	0	0	1	0	0	2	0	2	0	0	0	0	0	2	1	2	0	0	1	0	0	1	0	0	0	1	3	0	0	2	0	0	0	0	0	2	0	1	0	3	2	0	1	0	2	0	0	0	0	1	0	1	0	0	0	0	0	0	0	1	1	0	1	0	0	3	1	0	0	0	1	0	1	0	0	1	0	0	2	0	0	1	0	0	3	0	0	0	1	0	0	2	0	2	0	0	0	0	0	1	0	0	0	0	0	1	0	0	0	1	0	0	0	0	0	0	0	1	0
TIGR01580-sample1	1	9	22	9	9	20	13	20	4	4	3	55	4	55	2	14	7	3	18	21	64	253	266	131	53	266	62	8	79	22	25	31	12	11	22	78	14	72	92	45	18	46	29	23	17	27	72	53	2	71	48	18	65	16	35	2	29	47	0	11	40	70	50	20	26	12	30	22	60	15	273	223	75	199	194	134	60	253	198	119	92	4	51	13	35	155	73	44	11	137	165	0	162	161	0	22	33	80	48	0	126	75	47	32	44	37	35	50	49	70	59	122	60	83	49	12	59	189	21	27	41	30	53	13	140	47	35	41	111	16	41	300	15	173	23	19	9	23	30	11	12	25	27	10	54	42	34	61	57	46	35	31	40	73	0	74	36	19	28	26	34	30	12	41	16	23	14	24	19	27	32	24	43	59	16	42	18	113	10	59	59	17	50	1	58	2	121	85	29	10	64
TIGR01660-sample1	0	2	4	0	7	7	3	14	5	2	1	27	1	28	5	5	7	1	6	6	24	149	55	137	21	55	20	8	20	2	2	11	5	8	5	18	3	24	19	8	7	14	13	7	2	6	11	14	1	24	21	6	32	3	11	1	15	22	0	1	12	14	9	4	5	4	8	9	10	3	89	56	24	57	46	34	21	58	49	30	18	3	18	5	15	46	25	17	2	30	22	0	33	43	0	3	16	24	8	0	23	14	6	15	19	11	13	9	4	22	17	21	17	17	10	2	9	40	10	29	28	8	51	5	59	38	18	16	49	6	29	216	5	92	14	4	4	10	29	5	6	15	10	7	54	20	32	38	63	31	20	13	12	46	0	39	27	5	5	10	31	17	8	24	2	15	14	18	11	11	13	23	22	41	12	25	11	79	8	40	23	8	47	0	41	4	100	81	22	7	35
TIGR04266-sample1	1	0	2	0	0	2	3	1	0	0	0	0	1	1	0	0	1	1	0	3	4	2	2	5	6	2	2	0	2	0	0	1	1	0	0	4	0	1	1	3	5	0	0	1	1	0	2	1	0	1	0	0	4	0	1	0	3	2	0	2	2	0	0	0	1	0	0	2	1	0	3	0	1	1	1	0	2	1	0	2	0	0	0	2	4	5	1	0	2	1	1	0	0	0	0	1	0	0	0	0	1	7	2	1	0	1	0	2	0	0	1	3	0	1	1	0	1	1	4	1	0	1	4	0	0	0	1	5	1	0	3	4	0	6	1	1	2	1	3	2	1	2	2	0	2	0	0	0	0	1	2	2	3	0	0	3	3	3	2	5	0	1	1	2	5	4	1	4	4	6	1	3	0	1	0	1	5	0	2	1	5	0	0	0	2	0	1	2	0	0	2
TIGR01861-sample1	2	1	4	0	0	1	4	3	5	0	0	7	3	4	1	0	3	0	1	2	47	2	34	7	7	34	16	1	32	9	4	11	0	1	12	5	7	35	12	8	42	15	49	29	2	3	2	77	0	6	5	10	83	11	44	1	26	28	0	18	5	12	5	0	2	0	5	36	6	0	24	38	13	23	21	27	24	24	16	32	7	1	10	5	28	43	46	54	4	14	19	0	44	28	0	7	4	56	6	0	25	56	52	7	17	22	57	22	3	16	34	25	16	59	27	4	33	19	4	3	11	8	2	1	8	6	3	1	10	2	1	8	2	5	0	6	6	2	3	0	1	2	1	7	3	6	2	1	0	2	6	2	5	11	0	6	6	3	0	1	8	2	3	2	2	1	2	6	4	3	7	4	2	2	3	3	2	3	2	5	2	4	4	1	6	0	2	1	2	1	5
TIGR01282-sample1	81	70	4	11	6	3	7	61	26	5	13	4	171	10	3	58	1	18	2	30	167	3	146	23	40	146	24	0	68	12	18	18	10	15	10	51	12	40	33	23	23	31	22	15	8	1	71	45	0	14	16	19	65	6	66	1	35	32	0	12	11	28	15	9	3	2	35	61	146	2	110	85	32	76	87	58	71	126	76	86	39	3	8	9	18	80	53	52	6	25	59	0	73	69	0	25	9	50	30	0	61	101	72	38	56	33	50	45	10	59	43	95	38	98	50	42	40	71	9	2	3	3	7	3	2	8	2	11	4	2	17	5	3	5	2	24	20	15	12	3	4	5	3	4	51	8	5	41	20	6	6	34	12	14	0	101	6	5	4	2	8	3	2	3	4	17	2	9	6	8	8	12	8	2	4	4	6	2	1	4	2	0	8	0	1	1	1	2	3	1	4
TIGR01860-sample1	2	0	5	0	3	0	1	1	0	0	2	1	0	4	1	1	1	0	1	0	6	5	9	7	10	9	5	0	4	0	0	2	0	0	3	2	2	4	0	1	6	4	5	3	0	3	3	9	0	2	3	3	9	1	3	0	3	2	0	3	0	1	0	0	0	0	2	1	1	1	1	2	0	2	5	2	1	5	0	4	1	0	2	0	2	5	6	3	0	0	4	0	3	1	0	0	2	2	0	0	2	3	3	1	2	0	5	1	0	4	7	6	6	7	3	0	3	3	4	0	2	1	0	4	1	0	3	3	1	2	2	3	2	7	0	1	0	1	2	1	1	1	4	4	1	1	4	5	3	0	3	1	1	4	0	1	6	4	5	3	1	0	4	5	0	4	2	2	3	4	2	1	2	1	2	2	1	1	1	1	0	1	0	0	2	1	1	0	0	3	2
TIGR02931-sample1	0	0	4	1	0	1	5	0	0	2	0	0	1	0	0	0	1	0	0	0	12	8	12	1	7	12	4	0	11	6	2	4	3	1	1	2	2	11	4	1	2	5	6	3	1	2	5	17	0	1	1	4	20	3	4	0	11	9	0	5	1	2	4	1	0	2	3	10	6	0	8	16	5	8	10	11	6	17	19	11	5	0	5	1	5	16	5	8	3	7	17	0	19	11	0	3	1	14	3	0	16	18	11	1	8	6	17	11	3	7	9	5	5	19	6	2	5	6	0	0	0	3	2	2	2	3	3	1	0	5	1	7	3	4	2	1	0	0	1	1	4	4	1	2	0	0	2	2	1	3	3	0	2	1	0	0	3	2	0	3	8	1	3	0	2	2	1	3	0	8	1	3	2	2	0	1	3	1	1	1	5	1	0	0	0	1	1	2	2	0	3
TIGR01286-sample1	149	124	5	30	4	9	3	125	42	2	37	27	414	12	2	152	2	32	6	72	49	4	92	49	88	92	30	0	25	4	3	12	5	8	5	29	8	29	21	16	9	20	13	13	5	2	34	21	1	12	4	10	52	8	13	0	9	15	0	8	6	12	11	8	3	2	27	14	100	1	73	32	6	30	37	21	15	30	27	30	8	2	7	9	20	29	20	17	3	10	23	0	47	24	0	11	11	22	16	0	8	34	17	12	14	18	13	15	3	18	16	44	21	18	15	26	16	34	14	5	12	10	11	6	8	17	2	10	5	8	23	10	3	6	1	43	33	12	16	4	2	9	2	3	102	4	4	80	46	9	9	64	23	20	0	152	4	7	6	8	12	6	3	12	7	26	10	15	23	19	6	15	22	3	1	11	8	2	4	5	3	1	21	1	3	2	9	4	2	4	9
TIGR02932-sample1	1	2	1	3	4	1	0	3	0	0	0	0	0	3	0	0	4	1	3	1	9	1	7	6	4	7	10	0	8	4	2	4	1	2	0	7	1	10	3	3	9	0	13	0	2	0	1	14	0	1	3	4	12	4	3	0	2	10	0	4	3	1	4	0	0	1	1	5	2	4	3	1	2	3	4	3	4	6	2	3	2	0	1	3	12	8	10	9	2	1	3	0	5	8	0	3	0	9	3	0	4	14	7	1	3	4	16	5	0	6	5	10	2	3	4	0	7	0	5	0	2	3	1	2	4	2	0	4	1	2	1	3	1	3	1	1	4	1	4	0	1	3	4	3	1	3	1	2	0	0	1	2	0	4	0	1	0	4	1	1	4	1	2	1	0	4	2	5	1	1	3	1	4	1	1	3	1	1	3	0	0	0	1	0	2	2	3	1	1	3	2
TIGR02929-sample1	1	0	0	0	1	0	1	0	1	0	0	1	0	3	0	0	1	0	0	2	2	2	2	0	0	2	2	0	1	0	0	0	0	0	0	0	2	0	0	1	0	0	0	5	0	0	1	0	0	0	0	3	5	0	0	0	0	0	0	0	0	0	0	0	0	0	0	0	1	0	0	1	0	0	0	0	0	0	0	0	0	0	0	1	1	0	0	0	0	1	0	0	1	0	0	0	0	0	0	0	0	0	1	0	0	1	0	1	0	1	0	0	0	0	0	0	0	1	0	0	0	2	0	0	1	0	0	0	0	0	0	2	1	9	0	1	1	1	0	0	2	0	1	0	0	0	0	0	0	0	2	0	1	1	0	0	3	0	0	0	1	1	1	0	1	0	0	1	0	1	0	1	0	0	0	2	0	0	1	0	1	0	2	0	1	0	1	0	2	0	1
TIGR02930-sample1	0	0	0	0	2	0	0	0	0	0	0	0	0	0	0	0	0	0	0	0	2	1	0	3	0	0	0	1	0	0	0	2	0	0	0	0	0	0	1	0	0	0	0	0	1	2	2	0	0	0	0	0	1	0	0	0	0	0	0	0	0	0	0	0	0	0	1	0	1	0	0	0	0	0	1	0	0	0	0	1	1	0	0	0	0	0	1	1	0	0	0	0	0	0	0	0	0	1	0	0	0	0	0	0	1	0	0	0	0	0	0	1	0	0	0	0	0	0	0	0	0	0	0	0	0	0	0	0	0	0	1	0	0	0	0	1	0	0	0	0	0	0	0	1	0	1	0	0	0	0	0	0	1	0	0	0	1	0	0	0	0	0	0	1	0	0	0	0	1	0	0	0	0	0	1	1	0	0	0	7	0	0	0	0	1	0	1	0	0	0	0
TIGR01287-sample1	49	53	30	21	29	13	28	31	20	10	16	26	119	26	17	57	13	17	10	27	578	10	341	25	33	341	84	2	149	45	41	57	35	46	54	52	24	89	89	60	92	74	88	55	44	27	103	175	2	71	63	46	169	27	190	3	98	101	0	39	33	56	53	7	6	4	50	115	118	16	193	209	66	184	106	119	148	242	145	261	31	12	43	29	89	123	93	133	61	30	79	0	102	90	0	57	40	117	69	0	85	274	209	106	174	102	183	134	14	64	87	213	69	292	114	37	127	145	22	9	14	39	16	21	18	24	20	29	15	25	26	50	25	45	15	12	12	18	25	26	17	20	32	19	37	34	26	48	21	10	33	61	13	37	0	62	54	43	13	24	31	13	24	28	8	33	13	49	19	62	15	24	11	6	6	12	16	6	17	17	10	13	14	2	4	3	9	9	12	14	14
TIGR02374-sample1	0	2	5	1	3	3	1	4	2	0	3	6	1	4	0	1	7	5	3	3	88	6	193	9	8	193	128	5	80	16	6	25	14	32	37	90	12	29	67	68	28	42	26	34	27	29	189	25	1	70	92	29	106	14	35	2	30	26	0	8	33	51	32	22	5	22	112	45	456	20	120	47	24	66	70	39	28	77	79	76	34	17	29	60	55	49	35	17	94	48	37	0	62	41	0	28	40	29	44	0	25	80	44	31	26	25	18	57	12	31	21	143	64	67	47	139	57	58	3	3	8	14	7	12	8	9	11	8	6	8	9	9	6	15	3	2	2	4	2	2	7	11	9	1	4	7	4	3	8	8	6	7	5	9	0	5	11	10	1	4	13	9	4	13	1	3	3	7	5	5	2	7	1	6	3	6	3	7	4	8	2	2	14	1	1	1	8	6	3	3	3
TIGR02378-sample1	1	0	2	1	3	1	1	1	0	0	1	5	0	2	1	0	0	0	1	1	4	5	1	4	5	1	1	0	1	0	0	1	0	1	1	1	0	1	0	1	0	1	3	1	0	0	0	0	0	1	2	0	2	2	0	0	0	1	0	0	0	0	1	0	0	0	0	0	0	1	0	0	0	0	0	0	0	0	0	3	0	0	2	0	0	3	0	0	0	1	1	0	3	0	0	0	1	1	0	0	0	0	0	0	1	0	0	0	0	0	1	0	0	0	0	0	2	0	1	0	0	1	0	0	0	2	2	0	1	2	3	5	0	1	0	0	1	1	3	1	0	1	1	1	0	0	1	0	1	1	2	0	0	1	0	1	0	0	1	0	2	1	3	0	1	0	0	0	0	2	1	1	0	0	1	0	2	3	0	1	0	0	0	0	2	0	0	2	1	0	0
TIGR02376-sample1	1	1	1	1	0	1	1	1	2	0	0	0	0	0	0	1	1	0	0	0	6	3	7	3	1	7	1	0	6	2	0	3	0	0	1	4	0	5	1	0	2	1	2	0	0	0	0	2	0	0	1	0	1	2	0	1	0	3	0	0	4	7	2	2	0	0	0	2	1	0	7	2	3	4	3	1	1	9	0	8	4	0	2	2	0	2	3	1	0	5	1	0	12	3	0	2	0	3	2	0	4	3	0	4	2	2	1	0	0	4	3	5	0	4	1	1	5	5	1	0	0	1	4	1	1	3	1	4	0	0	1	3	0	7	2	2	1	1	2	1	1	0	2	0	1	2	1	1	0	2	0	2	2	4	0	2	1	1	3	0	2	1	0	2	0	1	2	1	1	3	3	2	1	0	2	2	2	1	0	0	3	1	1	0	0	0	0	6	1	3	0
norB_alignment-sample1	1	3	5	1	5	4	4	0	2	0	5	1	3	4	1	3	3	6	0	2	32	12	152	10	14	152	37	3	58	16	7	7	8	8	8	52	6	34	28	28	9	11	21	8	1	4	25	22	0	16	8	4	30	6	26	0	24	19	0	8	4	8	10	5	1	0	10	7	57	1	88	44	17	55	49	41	32	64	52	27	24	0	6	9	16	41	42	23	4	16	34	0	39	33	0	14	14	29	26	0	14	64	44	12	13	30	13	47	7	41	24	110	55	58	43	21	51	45	8	3	5	5	3	6	7	7	2	11	2	3	2	9	4	6	5	5	1	6	5	5	4	6	9	4	3	4	7	2	3	5	7	12	3	5	0	1	13	14	2	7	3	3	5	8	4	13	4	7	1	12	5	5	1	1	0	2	2	0	4	3	2	2	1	0	4	1	0	2	4	3	2
norC_alignment-sample1	8	7	6	6	7	8	11	8	6	1	4	13	12	10	1	6	5	2	2	12	223	10	117	53	42	117	3	1	43	19	16	11	3	4	6	21	3	34	24	16	29	11	25	11	3	2	6	52	0	8	1	6	19	3	56	0	35	38	0	8	8	8	11	2	4	0	4	40	13	2	70	34	14	51	31	32	55	77	32	73	3	1	4	0	11	37	30	35	0	8	16	0	41	17	0	10	1	24	14	0	7	86	66	22	52	27	37	39	0	12	16	40	16	69	20	4	35	33	4	6	23	4	15	9	23	20	10	17	16	8	14	37	7	13	4	10	13	9	15	4	5	5	11	6	13	19	8	16	11	21	17	16	15	27	0	20	17	7	3	8	12	11	8	13	8	19	9	13	10	12	7	25	5	12	9	11	9	16	10	16	4	5	10	1	5	0	22	18	3	5	10
nxrA_alignment-sample1	1	3	3	1	34	4	8	9	3	1	4	10	1	9	6	8	2	3	2	4	65	12	19	26	22	19	266	8	9	3	0	141	107	54	3	9	37	7	4	135	3	7	5	32	83	316	13	96	11	276	89	21	332	102	36	6	7	44	0	34	44	28	5	1	0	3	4	10	2	3	13	12	15	13	11	5	6	7	14	62	1	191	353	185	15	9	4	9	90	6	5	0	8	10	0	2	110	4	5	0	5	9	15	14	123	8	6	10	4	7	7	6	10	15	8	2	18	7	5	18	16	7	7	7	6	10	16	8	11	3	4	6	6	14	2	30	5	3	46	7	11	9	77	9	9	13	4	16	8	6	7	17	6	86	0	18	10	18	5	17	15	8	30	10	3	6	5	4	3	11	52	11	8	0	3	10	3	6	10	3	1	7	4	3	2	4	15	2	2	5	5
nxrB_alignment-sample1	6	2	6	4	6	1	3	5	2	1	2	9	2	7	1	4	2	1	2	3	2	9	9	15	25	9	7	0	2	2	0	4	1	4	0	2	1	0	1	6	2	2	7	6	1	3	1	5	0	3	9	3	7	0	3	0	4	1	0	2	0	1	0	0	2	0	3	5	1	7	4	7	0	3	5	1	3	3	1	4	0	2	1	6	3	2	2	2	3	1	3	0	2	6	0	1	8	1	0	0	0	3	0	0	2	0	3	2	1	2	2	3	3	3	2	1	3	3	1	6	6	3	1	3	10	4	3	5	16	1	3	9	0	10	1	5	4	7	4	1	3	3	4	3	5	2	6	3	6	1	3	0	11	14	0	1	3	7	4	4	10	3	5	3	5	7	4	7	4	3	3	5	3	3	6	3	1	9	3	3	4	1	4	0	6	0	3	3	5	2	3
nirS_alignment-sample1	0	1	6	0	7	4	2	5	0	2	1	5	1	6	1	1	6	1	8	1	38	9	117	19	3	117	5	0	7	3	5	7	2	6	1	5	2	8	6	16	2	9	5	3	1	6	3	4	0	9	5	4	21	1	6	0	6	1	0	1	1	1	1	3	0	0	2	7	3	1	82	20	5	23	13	20	19	46	22	38	2	0	3	1	3	8	11	5	0	3	1	0	5	3	0	4	10	5	8	0	4	8	5	14	6	1	7	4	1	9	1	6	4	4	4	4	6	26	17	6	3	55	5	7	4	9	7	3	10	2	6	3	11	5	29	2	1	10	9	6	6	9	29	2	4	2	13	10	2	31	4	6	8	9	0	2	86	12	1	7	10	4	7	7	1	5	3	2	4	4	5	8	0	5	1	10	1	1	0	2	2	1	4	0	3	0	9	3	8	2	5
TIGR04247-sample1	0	0	2	0	0	2	2	0	0	0	2	8	0	0	1	1	0	0	1	0	6	4	2	1	4	2	1	0	0	0	1	2	0	0	1	1	0	0	0	1	2	7	2	1	1	1	0	1	0	4	3	1	4	2	1	0	1	1	0	1	1	2	0	0	0	1	0	0	3	1	3	4	0	2	4	0	1	2	4	2	1	1	0	2	2	4	3	3	0	0	1	0	2	2	0	0	2	0	0	0	0	2	1	7	0	0	1	1	1	2	3	3	2	1	2	0	1	3	4	2	1	7	0	0	5	0	2	2	0	0	1	4	0	4	2	0	5	0	4	0	0	4	3	0	0	1	2	1	1	2	2	1	0	2	0	1	8	1	1	0	4	3	1	2	0	2	2	0	2	1	2	3	2	0	2	2	3	4	1	3	0	0	1	1	3	0	2	3	0	3	1
TIGR04246-sample1	39	28	55	26	64	40	62	44	60	6	30	36	42	61	16	45	17	28	39	73	11	201	31	172	147	31	12	1	12	2	3	6	4	10	6	19	1	6	4	10	5	12	8	4	5	6	19	6	0	7	6	5	25	4	9	0	6	6	0	2	2	7	4	1	0	1	8	12	13	3	15	18	4	15	9	9	4	24	10	14	6	4	2	6	6	7	9	5	6	5	13	0	14	5	0	3	10	8	5	0	12	19	17	6	6	6	7	10	3	4	4	26	6	13	6	9	18	9	52	34	41	68	23	30	35	25	45	66	75	47	29	180	22	85	13	43	86	53	123	24	61	59	45	28	66	51	58	70	69	52	61	100	102	105	0	55	71	68	20	77	46	66	66	57	40	84	33	63	74	66	11	54	45	16	10	28	45	108	61	47	14	67	23	7	62	5	38	71	31	30	27
NrfA_PF02335_full..stockholm-sample1	3	0	4	0	2	0	3	4	0	0	1	0	2	1	0	2	2	1	1	2	17	4	21	3	8	21	4	0	13	5	9	22	12	3	2	6	6	14	3	3	7	13	4	1	3	3	13	19	1	3	5	6	27	7	7	0	11	5	0	2	1	1	3	0	0	0	1	13	5	0	32	64	21	50	37	28	7	43	31	39	3	0	1	1	10	20	16	23	0	4	11	0	18	20	0	2	3	21	3	0	6	10	15	15	22	9	8	9	1	13	6	16	5	9	5	0	11	22	1	1	0	5	4	3	2	1	0	3	3	2	4	3	0	7	0	1	1	1	5	1	2	4	1	5	3	0	2	3	2	1	1	2	2	3	0	4	8	4	3	3	3	2	2	3	1	1	0	4	0	9	0	1	1	4	3	2	6	2	2	1	2	2	1	0	1	1	2	3	3	0	3
TIGR03152-sample1	0	0	1	0	0	0	1	1	1	0	1	1	0	1	0	0	1	0	0	4	4	4	2	3	8	2	3	0	2	0	0	0	1	5	2	1	1	2	2	3	0	2	1	0	1	4	4	2	0	4	3	1	9	3	0	0	2	2	0	0	0	3	2	0	0	1	0	1	2	1	6	2	2	3	2	2	2	4	3	8	1	1	2	7	4	5	4	2	2	1	4	0	2	1	0	1	1	2	0	0	1	0	0	2	0	2	0	4	0	0	1	1	0	2	0	1	1	2	0	2	3	2	1	0	4	8	2	1	1	0	0	6	2	7	0	0	1	1	1	0	1	2	0	0	0	1	0	0	3	0	0	1	1	4	0	1	0	1	1	1	1	1	0	5	0	3	0	3	0	3	2	5	5	4	3	2	0	1	4	0	4	0	1	0	1	0	0	2	0	1	1
TIGR03148-sample1	4	1	3	0	1	1	6	2	1	0	2	7	5	2	0	0	2	0	1	8	4	5	9	8	2	9	7	0	2	3	0	0	1	1	0	0	2	4	3	1	3	0	1	2	0	2	4	0	0	9	3	0	6	2	2	0	1	2	0	2	0	0	0	0	0	1	2	0	0	1	11	2	0	1	2	4	1	4	0	2	0	0	2	1	2	9	4	1	1	2	1	0	4	2	0	0	6	3	1	0	1	6	1	1	2	0	3	2	0	3	0	2	3	4	1	0	5	2	1	1	8	1	3	3	6	2	1	0	5	2	1	6	2	5	0	2	6	2	3	0	3	1	3	0	6	0	2	1	4	0	1	3	11	4	0	1	1	2	1	3	1	0	0	2	3	1	4	0	9	7	4	2	13	2	4	2	2	5	1	1	4	3	1	0	7	1	6	5	2	1	10
TIGR03153-sample1	0	0	0	0	0	0	1	0	0	0	0	0	0	0	0	1	0	1	1	0	3	0	0	0	7	0	4	0	0	1	1	2	4	0	0	0	0	0	1	1	0	0	1	0	1	0	1	0	0	1	1	0	2	0	0	0	1	1	0	0	0	0	0	0	0	0	0	0	0	0	1	0	0	0	1	0	0	0	0	0	0	0	0	0	1	0	0	0	1	0	3	0	0	0	0	0	0	1	2	0	0	0	2	1	1	0	0	0	0	0	0	3	1	1	1	0	0	1	0	1	0	1	0	0	0	1	2	0	1	1	0	0	0	0	0	1	1	0	0	0	1	0	0	0	0	2	2	0	0	0	0	1	2	0	0	0	0	1	1	0	1	0	2	0	6	0	0	0	3	0	1	0	0	0	0	2	0	0	0	0	0	0	1	0	0	0	0	0	0	0	0
TIGR01323-sample1	1	0	3	0	7	2	4	1	1	0	2	3	2	5	0	0	1	3	1	3	4	2	0	7	3	0	12	0	2	0	0	3	1	4	4	3	1	0	3	9	6	3	4	2	0	3	8	3	0	21	22	0	12	3	3	0	1	1	0	1	1	3	2	0	0	1	3	3	7	0	8	4	2	3	1	4	0	2	2	5	0	0	1	0	4	3	1	1	2	0	3	0	4	1	0	0	12	0	2	0	1	0	0	1	1	0	2	1	0	1	2	3	3	1	1	4	2	3	6	0	0	3	3	0	1	3	1	5	4	3	3	7	0	4	2	2	0	2	2	2	3	3	6	1	3	2	1	1	1	4	1	7	2	6	0	4	0	3	4	4	2	3	1	2	1	5	1	4	2	8	5	6	5	1	2	2	0	4	0	1	4	1	3	0	1	1	1	0	1	2	3
TIGR03888-sample1	0	1	3	2	3	1	7	2	0	1	1	3	0	2	1	1	1	0	0	1	4	1	17	4	5	17	4	0	0	0	0	1	1	0	1	5	0	0	3	0	3	3	2	1	0	0	3	0	0	1	0	3	4	0	1	0	0	1	0	1	0	2	4	0	1	13	0	1	4	0	2	2	0	0	2	0	0	2	0	1	0	0	1	1	1	2	0	0	0	1	0	0	1	1	0	1	1	0	3	0	1	8	0	0	1	1	2	1	0	1	1	5	1	5	1	0	4	1	4	1	2	3	1	0	4	0	0	2	4	2	1	1	1	3	1	0	3	2	1	0	1	2	2	0	1	2	0	0	2	3	1	4	3	2	0	2	5	2	2	5	4	1	2	2	0	5	0	3	2	3	1	1	2	1	2	2	1	4	0	11	1	1	3	0	1	0	2	2	0	0	1
TIGR04315-sample1	1	1	3	0	1	0	1	0	0	2	0	2	0	6	0	0	0	1	0	1	18	1	60	6	2	60	8	0	12	7	5	13	1	2	3	5	1	14	5	6	9	12	12	3	0	2	4	8	0	5	2	1	8	2	7	1	7	8	0	2	1	3	2	2	0	3	3	9	1	0	49	64	17	47	38	37	15	59	22	21	1	1	1	2	2	26	15	13	1	4	10	0	18	18	0	3	4	18	3	0	10	8	7	24	20	6	8	10	0	21	18	7	7	8	8	1	7	31	2	1	3	5	0	3	0	2	14	1	1	5	0	2	0	1	2	2	0	2	1	1	2	2	0	2	0	17	7	3	0	0	3	1	2	1	0	0	8	1	0	0	4	2	4	7	1	1	3	1	5	3	1	4	1	1	0	0	0	0	2	0	2	0	0	0	2	0	1	1	3	0	1
TIGR03479-sample1	6	11	27	12	26	12	18	19	12	4	8	31	8	34	9	16	13	13	21	7	34	84	46	104	52	46	29	1	32	8	1	15	2	7	19	23	6	17	13	14	19	13	4	6	4	7	26	10	1	25	17	16	38	4	15	0	19	6	0	3	4	11	6	7	4	2	20	20	93	5	33	25	9	34	26	20	11	35	19	25	14	2	7	15	6	21	18	11	13	17	20	0	13	28	0	3	18	19	11	0	20	32	17	16	16	13	10	18	3	27	22	47	21	33	18	39	15	30	13	20	35	29	21	11	28	38	16	43	53	15	34	93	10	50	7	15	13	17	27	19	20	17	20	18	36	33	28	40	29	24	32	29	23	39	0	36	36	24	14	14	18	27	24	31	14	33	11	34	12	42	25	20	27	17	11	20	19	41	15	38	13	16	26	4	35	2	49	22	20	14	22
TIGR03478-sample1	0	1	4	0	3	1	2	1	0	1	1	1	0	0	4	2	4	2	3	0	16	0	4	3	1	4	6	0	8	2	3	2	0	2	1	1	2	4	1	1	4	3	2	1	0	1	1	3	0	3	3	3	8	1	1	0	2	2	0	2	0	0	0	0	0	1	1	4	6	1	8	5	3	2	7	3	2	5	4	5	1	0	1	2	3	3	2	3	2	2	1	0	3	3	0	1	0	3	1	0	2	7	5	1	7	3	2	1	0	2	4	3	4	3	4	1	4	3	3	2	6	2	3	2	0	0	3	3	1	0	4	2	1	3	1	1	0	6	3	0	2	2	5	1	2	2	3	2	1	3	3	6	4	1	0	2	3	5	1	4	4	3	2	1	3	1	0	10	10	11	2	3	0	3	1	1	1	2	2	0	0	0	1	3	2	2	1	1	0	1	3
TIGR03080-sample1	2	0	2	1	1	1	1	2	0	0	0	1	0	0	0	1	3	0	2	0	11	18	7	1	2	7	23	0	7	0	1	4	1	8	3	0	0	3	0	5	0	0	1	3	1	2	6	0	0	3	3	0	1	0	0	0	1	0	0	0	0	2	3	1	0	1	3	1	6	1	3	2	2	0	0	3	2	1	0	8	0	0	0	4	2	1	1	0	0	1	1	0	1	2	0	0	7	0	1	0	2	0	2	2	2	1	1	1	1	0	0	0	2	2	2	6	2	3	0	0	1	4	3	0	0	1	0	3	4	0	4	2	0	2	0	1	0	0	1	2	1	1	1	2	0	0	4	3	0	0	4	3	3	3	0	1	1	2	0	1	0	8	0	3	0	1	1	1	0	3	1	2	2	1	0	2	2	2	0	0	2	3	2	0	0	0	7	1	1	1	0
TIGR03079-sample1	0	1	2	1	9	6	4	1	0	1	3	5	0	1	1	1	0	1	3	1	11	6	31	30	6	31	9	1	8	3	2	2	0	1	1	7	2	11	17	3	6	3	6	0	5	2	45	3	1	7	5	12	19	1	7	0	2	7	0	0	3	3	7	13	4	1	16	8	124	3	28	12	5	17	13	2	7	26	13	16	6	0	6	3	10	13	6	7	1	18	5	0	22	12	0	2	8	12	6	0	10	19	4	3	8	2	2	11	1	5	7	20	6	9	5	43	7	12	2	1	3	2	9	1	9	16	1	11	2	1	17	22	0	18	1	5	4	10	3	3	2	0	1	3	9	4	5	10	1	4	3	5	2	6	0	4	4	0	3	5	5	3	7	5	2	2	2	1	5	5	2	2	2	3	0	3	5	2	1	9	1	1	5	1	1	2	29	10	7	2	5
TIGR03078-sample1	1	4	13	1	32	16	4	5	0	0	2	4	0	5	9	2	0	1	11	2	28	0	82	142	2	82	10	2	27	6	2	4	1	1	5	23	5	23	20	5	68	14	21	5	2	2	112	6	1	10	8	18	64	18	15	0	12	14	0	6	6	31	21	19	10	2	46	40	339	9	40	8	4	21	11	17	8	32	18	25	8	0	11	2	12	31	20	9	5	33	14	0	35	31	0	8	8	15	16	0	17	18	13	8	8	10	42	30	5	16	7	55	28	18	20	100	17	20	4	2	2	2	81	11	10	107	5	59	2	3	95	0	4	10	3	2	1	2	3	7	8	15	4	5	21	4	22	34	54	13	25	3	2	7	0	24	6	0	22	11	6	19	5	4	0	0	2	6	0	12	14	35	2	1	0	1	34	1	2	2	0	3	4	0	0	6	70	1	0	19	32
propionyl-CoA-synthase_alignment-sample1	13	5	46	17	38	13	35	7	11	10	11	13	14	19	6	13	14	18	12	20	38	17	26	40	59	26	33	1	21	5	3	13	16	10	10	15	7	11	16	15	6	5	8	11	5	8	4	1	0	15	14	10	35	10	11	0	9	9	0	5	3	10	8	2	3	1	6	12	17	4	33	12	4	12	19	6	15	8	9	15	4	0	4	8	14	13	11	6	7	8	14	0	12	5	0	4	19	7	12	0	7	21	8	8	11	9	9	19	0	16	13	29	10	21	15	5	18	14	31	15	12	40	7	30	11	15	29	20	21	37	27	19	16	17	14	11	23	21	64	15	18	31	25	15	12	11	32	17	19	16	38	48	24	36	0	14	50	31	10	24	30	39	33	33	20	41	21	27	19	45	9	24	15	7	6	11	15	12	22	11	4	19	6	4	12	1	8	10	9	20	9
TIGR01432-sample1	0	1	2	0	1	0	0	2	0	0	0	0	0	3	0	1	1	1	2	1	2	5	6	1	2	6	4	0	2	2	0	1	0	0	1	2	0	1	1	1	1	1	0	0	1	1	0	0	0	2	1	0	2	0	3	0	1	0	0	0	0	0	0	0	0	0	0	0	0	2	4	4	0	0	3	0	4	5	0	1	0	0	0	0	0	0	2	0	1	1	1	0	4	2	0	1	0	0	0	0	0	3	1	1	0	1	0	1	1	0	0	1	1	1	2	0	1	2	2	2	1	2	2	3	5	3	1	1	2	2	0	0	1	0	1	2	0	1	0	2	2	3	2	1	0	6	1	2	0	0	1	1	2	4	0	0	5	1	0	0	2	1	2	1	1	1	2	2	0	3	3	4	2	1	0	2	0	0	2	0	3	0	2	0	0	1	0	2	0	1	1
TIGR02882-sample1	24	12	35	14	25	20	27	22	22	7	9	24	26	25	6	12	10	11	18	21	66	35	94	82	72	94	127	1	24	7	6	14	11	42	39	30	10	12	16	54	35	39	26	26	32	49	52	16	3	73	66	7	105	26	33	2	24	8	0	12	4	29	18	2	3	2	43	39	21	9	59	48	18	33	34	18	16	43	35	73	19	15	15	127	76	29	11	11	94	19	34	0	39	40	0	7	50	6	13	0	22	31	19	25	35	10	33	19	7	15	6	34	12	24	13	6	20	26	21	15	51	44	18	33	41	27	25	38	49	31	25	37	28	30	11	19	32	35	47	10	23	26	40	23	33	30	35	24	37	28	42	37	52	59	0	20	39	25	19	50	20	38	38	32	16	35	20	28	27	33	16	28	27	13	16	17	20	16	42	23	6	24	35	4	29	2	28	11	19	26	33
TIGR02486-sample1	4	1	3	0	3	3	6	0	3	0	2	3	2	0	1	4	3	1	2	2	22	5	31	4	9	31	28	1	23	9	3	7	1	4	3	11	13	10	10	16	15	8	9	19	4	3	4	6	1	7	4	6	30	4	9	1	8	4	0	0	2	7	2	1	3	0	5	12	5	3	26	14	8	16	10	12	12	13	6	8	6	1	2	0	15	20	18	8	3	7	10	0	21	16	0	0	8	29	9	0	12	16	8	5	8	8	4	10	0	21	21	34	10	15	12	1	11	8	3	1	1	6	1	2	1	1	3	3	4	4	5	8	1	2	0	2	0	1	5	6	3	1	2	1	2	2	5	0	0	2	5	6	2	9	0	3	11	7	3	3	4	2	2	3	3	12	3	11	1	16	4	3	1	1	2	5	0	1	0	0	3	10	4	1	0	1	1	2	1	3	3
rubisco_form_I_alignment-sample1	98	110	87	48	77	34	98	84	38	15	44	43	334	92	35	128	47	31	21	52	408	49	147	270	91	147	251	16	27	18	27	86	210	42	20	15	123	55	9	125	28	93	161	68	127	155	101	118	31	510	337	108	972	192	56	4	105	118	0	110	21	48	40	40	8	36	66	57	45	71	90	100	45	49	107	51	8	100	71	182	14	38	194	88	168	120	33	18	165	10	60	0	29	22	0	0	162	10	13	0	57	7	22	89	94	27	10	55	5	10	12	27	42	23	31	5	129	53	49	10	25	128	159	33	31	166	34	120	24	32	106	293	32	350	15	34	27	61	40	64	45	29	38	60	135	36	55	138	100	32	87	168	39	80	0	214	156	70	57	51	78	19	50	76	4	116	36	120	29	209	44	72	45	14	60	24	66	7	22	52	9	73	77	7	3	7	25	27	20	65	110
rubisco_form_II_alignment-sample1	1	2	4	0	2	2	5	5	1	1	2	3	2	5	2	2	1	0	2	1	51	2	140	7	9	140	26	1	44	16	5	13	22	13	5	85	3	28	41	38	25	30	26	11	12	8	49	25	0	21	24	10	71	15	31	0	21	39	0	17	16	23	20	8	5	2	35	17	92	5	95	40	21	34	23	33	16	66	38	48	17	2	14	10	25	20	16	15	9	25	31	0	33	30	0	24	12	14	47	0	9	74	53	12	22	38	9	58	2	17	9	134	59	75	54	39	59	60	3	2	8	9	2	2	3	0	3	3	1	5	13	1	4	8	12	6	4	4	6	6	2	5	2	2	0	2	8	5	2	6	5	8	5	4	0	6	16	5	3	3	2	1	0	6	4	2	1	4	4	6	1	4	3	3	5	4	4	5	0	4	2	2	3	1	1	2	6	3	6	1	7
rubisco_form_III_alignment-sample1	0	0	4	0	0	0	3	0	1	0	1	1	1	2	0	0	0	1	0	2	3	5	2	5	3	2	3	0	4	2	0	3	3	1	1	1	4	1	3	2	0	1	2	0	1	2	0	1	0	2	1	1	6	5	0	0	0	2	0	0	0	0	3	0	0	0	0	2	6	1	1	2	2	1	3	1	0	0	0	1	0	2	0	2	0	0	0	2	1	0	0	0	0	1	0	0	4	0	0	0	1	1	1	3	1	1	1	1	0	0	1	1	1	0	0	0	0	2	0	0	1	0	1	2	5	2	1	4	4	0	3	4	0	3	2	2	1	3	3	0	2	3	3	4	2	1	4	0	0	2	3	2	0	1	0	2	1	1	0	1	2	1	4	1	0	1	2	3	1	2	0	1	1	3	1	1	0	0	2	0	0	0	2	0	0	1	0	2	2	3	0
rubisco_form_II_III_alignment-sample1	1	0	1	2	4	1	2	2	0	1	1	2	2	3	0	1	0	0	2	2	2	2	6	12	1	6	1	0	5	5	0	5	9	1	1	0	1	3	2	0	4	0	3	0	1	2	2	0	0	2	2	5	17	3	2	0	1	1	0	3	0	1	2	0	0	0	5	5	8	2	5	2	2	1	2	1	1	1	3	2	4	0	0	4	1	5	0	5	1	0	3	0	1	2	0	0	1	4	0	0	7	2	7	1	4	5	2	2	0	7	5	2	0	1	1	2	2	2	3	1	6	7	4	3	4	15	7	16	0	2	8	1	2	2	0	3	1	11	8	2	5	2	4	9	2	2	1	8	5	5	7	4	5	2	0	4	14	2	6	3	2	3	5	2	0	4	4	2	3	6	8	4	0	14	5	11	10	4	3	4	1	3	7	1	1	1	0	8	9	2	2
rubisco_form_IV_alignment-sample1	3	1	1	5	3	2	4	2	3	1	3	4	2	1	1	1	1	3	0	3	4	6	5	8	11	5	2	0	2	1	0	2	2	1	1	5	1	1	2	1	3	1	0	0	0	0	0	2	0	3	1	0	4	1	3	0	3	2	0	0	0	1	0	0	0	0	5	1	1	1	0	1	1	3	1	2	3	2	2	2	0	0	1	1	2	4	1	2	2	0	4	0	4	1	0	0	4	3	0	0	0	1	2	3	1	3	1	2	0	5	3	6	3	1	1	0	0	3	1	4	2	3	0	6	7	5	6	2	11	6	3	1	2	5	0	1	7	4	5	4	1	4	9	2	1	4	6	7	2	1	3	3	8	7	0	2	6	2	3	4	3	3	6	8	1	1	3	4	7	4	8	8	11	1	6	2	3	1	2	2	4	1	6	0	2	0	2	5	1	3	1
TIGR00339-sample1	48	47	45	28	47	22	40	38	9	2	30	8	123	15	17	43	8	17	17	24	22	8	53	25	29	53	6	0	14	9	2	4	3	3	4	4	2	12	8	7	2	15	10	3	1	4	5	5	0	6	2	4	9	2	4	1	8	6	0	0	3	3	2	2	1	0	5	4	6	3	39	23	6	29	13	16	6	34	25	10	22	0	3	5	2	16	12	5	8	16	31	0	17	19	0	3	2	14	5	0	23	7	13	7	11	2	7	11	14	20	12	9	8	12	4	1	9	32	21	3	3	26	5	9	1	12	3	9	3	6	11	11	17	13	6	16	12	12	15	20	22	4	8	24	30	3	14	30	33	3	13	84	13	18	0	63	47	35	12	15	9	7	18	17	1	42	0	55	7	63	12	28	5	5	6	5	9	5	6	14	1	27	5	3	1	2	6	2	5	21	10
TIGR03313-sample1	4	2	10	3	6	3	7	1	0	2	3	3	5	9	2	3	5	0	1	4	16	8	8	14	10	8	14	0	9	8	2	4	6	3	9	4	12	15	5	6	5	10	8	3	4	3	7	8	1	3	7	6	25	1	11	0	5	3	0	2	0	3	4	1	1	4	7	9	7	7	8	2	1	5	8	4	7	8	4	8	1	0	2	1	21	32	12	10	7	3	9	0	6	4	0	1	2	6	2	0	5	10	9	3	4	3	5	7	2	14	8	14	10	13	8	4	18	5	10	7	3	20	4	6	3	6	5	6	6	7	6	9	11	5	2	0	6	6	6	1	8	9	1	6	3	4	12	3	10	4	5	17	4	10	0	5	9	5	11	10	11	1	9	14	3	10	2	3	7	13	6	3	2	3	7	3	4	3	5	5	2	5	8	3	0	0	3	3	4	4	10
TIGR02821-sample1	5	9	19	10	13	2	11	19	4	3	5	10	5	11	0	7	7	6	4	8	16	10	8	19	6	8	40	0	6	2	3	3	3	15	2	10	4	5	4	10	4	6	12	11	4	3	11	15	2	37	41	1	28	14	6	2	6	11	0	8	1	4	11	3	2	1	2	5	2	2	8	7	5	9	9	4	5	6	6	13	1	1	5	11	5	10	7	2	18	4	5	0	13	4	0	4	14	6	0	0	2	6	4	13	7	1	3	4	1	5	2	10	2	7	4	4	4	5	5	1	11	15	5	6	15	7	17	8	9	18	12	21	10	16	6	12	9	3	10	18	15	17	11	10	12	8	18	8	9	5	26	14	6	9	0	8	13	15	5	5	32	6	4	19	2	12	4	9	8	15	10	8	5	7	5	12	5	11	2	3	8	7	3	1	9	0	5	9	8	9	7
TIGR02818-sample1	99	96	72	60	106	50	74	132	31	19	57	32	357	65	39	140	18	37	55	78	58	29	58	87	92	58	69	3	43	4	11	20	17	18	8	46	11	25	28	36	61	35	41	25	20	21	30	36	1	76	78	13	110	25	28	4	25	23	0	28	18	38	46	14	8	7	50	40	51	26	54	42	19	43	34	29	14	38	21	53	19	1	12	36	43	41	16	18	33	40	32	0	59	35	0	7	42	16	25	0	27	38	38	39	14	27	30	23	18	18	17	79	47	44	33	20	32	27	40	43	58	44	32	20	31	37	19	50	33	34	30	61	19	26	19	76	32	30	43	59	46	79	33	51	94	21	39	62	64	30	56	213	60	87	0	124	64	56	41	31	80	17	38	56	18	130	14	110	37	138	75	75	36	16	26	50	33	25	18	43	19	30	25	4	14	4	16	24	30	44	23
TIGR03451-sample1	0	4	10	3	2	2	4	5	2	0	4	6	0	6	1	0	0	2	3	6	8	7	13	5	6	13	11	1	3	1	1	1	8	4	1	8	1	5	4	5	5	7	5	11	2	6	11	1	1	18	9	3	20	7	3	0	4	4	0	1	0	3	2	2	0	0	6	11	19	7	11	8	3	7	3	3	2	6	10	9	16	1	7	3	4	7	7	3	3	2	10	0	6	6	0	0	5	6	5	0	9	6	4	6	3	5	6	5	6	4	2	5	3	4	6	2	4	9	6	2	8	7	2	4	3	1	5	4	6	1	3	10	3	9	1	6	1	2	6	3	6	7	1	8	2	5	2	4	1	2	5	8	2	6	0	6	7	13	4	3	6	4	3	1	1	2	2	4	1	9	3	1	8	3	0	6	4	4	1	2	8	2	7	0	5	0	2	3	3	3	2
sor_PF07682_full.stockholm-sample1	0	0	2	3	9	0	1	1	1	0	1	2	0	6	0	1	0	3	3	0	3	6	7	5	8	7	0	0	1	0	1	0	1	0	1	0	1	0	0	0	0	0	3	0	1	0	1	2	0	2	2	0	2	1	0	0	1	0	0	0	0	0	0	0	0	0	2	4	2	0	4	2	2	3	6	6	3	4	5	1	2	1	0	1	0	4	1	1	1	1	5	0	4	4	0	0	0	1	0	0	12	3	1	4	3	0	1	3	3	4	4	3	2	0	0	0	1	1	0	2	4	4	0	0	1	2	3	5	5	4	2	3	0	2	0	0	0	2	0	0	1	3	2	1	1	3	2	0	1	1	1	2	6	7	0	0	2	1	2	0	1	2	2	1	2	4	2	1	0	2	1	5	1	4	1	0	0	3	0	2	2	2	3	0	1	0	0	3	2	1	3
TIGR04486-sample1	11	10	25	10	24	8	19	18	14	5	12	32	6	19	8	6	13	7	15	25	184	26	481	38	37	481	257	4	230	67	18	35	40	80	76	309	16	77	198	112	39	66	62	71	59	68	280	105	4	126	147	25	226	32	114	3	85	105	0	32	47	117	100	52	12	11	143	44	533	30	280	145	64	130	173	78	50	175	146	176	86	40	60	146	133	63	69	36	169	80	108	0	71	109	0	100	88	42	222	0	56	311	167	49	56	125	25	193	47	56	23	626	266	269	246	174	291	116	9	18	18	37	15	18	41	22	32	25	37	21	18	38	14	37	12	7	5	17	27	13	13	25	18	20	15	19	21	17	13	22	24	45	20	27	0	18	22	24	17	20	23	20	30	23	4	28	15	24	17	57	10	25	17	21	11	17	11	17	10	6	14	19	18	2	8	3	15	19	14	23	20
TIGR04555-sample1	12	5	10	9	11	6	17	5	7	4	8	20	4	12	7	5	9	9	8	19	101	13	260	37	29	260	156	2	158	42	9	24	20	43	33	207	11	38	121	56	22	35	33	38	35	29	178	46	2	68	61	21	106	20	61	2	43	51	0	17	24	59	61	21	5	8	99	27	326	25	164	59	37	61	102	39	20	72	96	95	50	20	23	100	69	31	31	18	85	48	62	0	52	53	0	56	38	22	113	0	24	184	126	29	29	72	22	120	24	20	23	412	163	166	152	107	157	55	9	7	24	6	9	18	29	23	29	20	22	13	15	28	10	22	8	12	17	10	29	11	9	15	10	11	11	15	18	7	6	12	18	29	15	21	0	11	26	8	5	19	25	18	14	13	5	29	7	20	12	28	14	15	14	3	5	12	7	18	14	13	7	9	10	0	10	3	13	10	16	10	15
TIGR04488-sample1	6	3	5	9	10	5	12	6	9	1	6	11	4	7	2	2	4	3	6	12	69	7	256	20	11	256	116	5	160	38	6	19	19	39	34	216	12	53	139	58	26	40	37	25	23	26	166	55	2	49	65	30	108	20	52	3	47	60	0	16	27	53	65	32	6	8	80	23	328	17	138	80	24	53	111	47	21	103	65	90	59	18	26	76	77	50	51	25	81	45	60	0	63	76	0	52	40	27	129	0	27	183	104	34	30	73	24	117	29	31	27	398	155	195	143	103	192	73	6	7	13	6	3	7	25	4	8	2	13	7	8	14	7	7	5	8	6	9	15	5	8	7	11	3	9	19	7	8	7	4	14	17	17	22	0	9	20	4	2	13	7	13	16	10	6	10	4	7	7	10	7	5	14	6	5	6	2	7	10	4	9	2	4	2	8	1	7	4	1	4	4
sulfur_dioxygenase_sdo_alignment-sample1	1	1	2	0	0	1	5	0	0	0	0	1	1	3	0	0	1	0	1	2	1	1	5	3	1	5	1	0	1	1	0	1	1	0	2	0	0	0	1	0	0	0	0	2	0	0	2	1	0	0	0	0	1	2	1	0	1	1	0	0	0	2	0	0	0	0	4	0	18	0	1	1	1	1	0	1	0	0	0	2	0	0	0	1	0	0	2	0	1	0	0	0	2	2	0	2	0	0	0	0	0	5	0	0	0	0	2	1	0	1	1	3	2	0	0	4	0	0	1	3	0	0	0	1	1	3	1	0	2	0	1	0	0	2	1	3	1	0	2	1	2	2	2	0	2	1	0	3	1	0	0	2	1	1	0	1	3	0	0	7	0	0	2	0	0	3	2	3	1	2	0	1	0	1	3	0	1	6	0	8	0	0	0	1	0	0	1	3	4	0	1
thiosulfate_reductase_phsA_alignment-sample1	0	1	1	1	3	2	3	1	2	1	3	1	0	3	2	1	0	3	0	1	18	4	10	5	8	10	8	0	2	1	2	1	4	5	3	2	2	1	0	2	1	3	1	1	4	2	1	2	0	2	3	2	13	5	3	0	5	2	0	1	0	1	2	0	0	2	3	2	2	0	7	6	1	6	1	5	2	0	2	4	1	0	3	2	4	4	4	3	5	0	3	0	3	4	0	1	3	3	1	0	4	3	3	3	1	1	1	3	1	2	5	3	4	2	1	1	1	2	4	0	0	5	1	5	1	1	2	1	1	5	4	7	1	5	1	1	1	3	0	1	3	3	0	5	1	7	5	3	1	1	3	5	2	3	0	1	7	2	5	2	8	8	3	4	1	1	3	8	0	6	1	1	0	1	2	1	3	1	3	2	2	4	1	1	2	0	0	4	4	2	2
TIGR00193-sample1	0	1	1	1	2	0	0	5	0	1	0	1	2	0	0	0	1	0	1	0	2	0	1	0	1	1	0	0	2	0	0	0	0	0	1	0	0	1	0	0	0	0	1	0	0	0	0	1	0	0	1	0	1	0	0	0	0	0	0	0	0	0	0	0	0	0	0	2	0	0	0	1	0	0	0	0	0	0	0	1	0	0	0	0	0	0	0	0	1	0	2	0	0	1	0	0	0	0	0	0	0	0	0	0	0	0	1	0	0	0	0	1	0	1	0	0	1	0	1	0	0	3	0	0	0	0	0	0	0	2	0	1	0	0	1	0	1	0	1	1	0	2	0	0	0	0	0	0	1	1	1	8	0	0	0	0	0	0	2	1	1	1	0	0	0	0	0	0	1	1	0	0	2	1	0	0	0	1	1	0	0	0	2	0	0	0	0	1	0	0	0
TIGR00192-sample1	0	0	1	0	0	0	0	1	0	0	0	0	0	0	0	0	0	0	0	1	5	1	1	0	0	1	2	1	0	1	0	0	0	1	0	1	0	1	1	1	1	0	1	0	0	0	0	0	0	0	2	0	3	1	0	0	0	1	0	0	0	1	2	0	0	0	1	0	1	0	1	2	0	0	0	0	0	1	1	4	0	0	0	2	3	3	1	0	1	0	0	0	1	0	0	0	1	1	1	0	0	0	1	0	1	1	2	2	0	1	4	1	5	1	3	0	3	2	1	0	0	0	0	0	1	1	1	2	1	1	3	0	0	4	2	2	0	0	3	0	0	1	0	1	2	0	5	4	2	0	1	4	0	0	0	3	1	0	0	1	1	0	3	3	0	0	0	1	0	1	0	0	1	0	1	0	1	1	0	3	0	1	0	0	0	0	2	0	0	0	2
TIGR01792-sample1	25	25	24	23	37	10	19	28	9	8	26	16	55	18	24	22	18	15	25	12	45	9	50	20	27	50	46	1	33	6	6	12	7	17	18	26	6	10	18	29	16	22	15	16	6	11	33	17	0	27	34	14	52	5	10	0	9	12	0	7	6	6	14	5	4	4	36	27	57	11	55	43	13	26	32	29	19	38	39	45	9	1	8	37	21	19	10	15	44	12	14	0	22	13	0	5	16	13	14	0	5	24	11	22	19	13	23	9	0	9	8	24	19	14	8	23	19	27	14	4	1	27	17	12	18	27	8	8	11	10	16	14	14	11	3	15	7	12	19	13	11	6	9	13	41	8	15	27	21	11	15	84	11	15	0	49	19	15	12	11	7	9	18	16	7	51	5	42	15	50	14	20	4	9	9	14	11	5	10	9	6	20	7	2	2	3	17	4	2	14	12
TIGR03315-sample1	1	0	5	1	2	0	2	3	0	0	0	3	3	4	1	1	1	2	2	5	36	12	11	8	4	11	23	1	10	2	6	10	3	8	3	5	3	8	4	6	7	7	7	3	2	4	5	9	1	10	5	1	19	6	8	2	7	4	0	7	2	0	5	0	0	0	2	9	2	8	18	21	5	22	29	17	24	32	6	12	0	1	2	4	11	17	16	5	5	2	11	0	18	7	0	1	3	5	1	0	3	14	12	11	19	12	6	11	2	13	13	11	9	13	3	3	13	11	4	4	7	4	4	2	9	1	2	6	2	2	5	10	2	8	5	2	2	3	5	3	3	3	3	3	6	3	3	1	2	1	4	4	3	8	0	1	9	3	6	2	7	2	5	1	2	2	4	3	2	7	4	2	1	6	3	6	3	4	1	4	4	5	5	0	0	2	2	6	3	3	3
TIGR03312-sample1	0	2	4	0	0	0	0	0	0	0	0	0	0	1	1	0	1	0	0	0	3	2	1	6	1	1	1	0	2	1	0	0	0	2	1	0	2	0	1	0	1	2	0	2	0	0	0	0	0	0	0	0	2	1	1	0	1	1	0	0	0	0	0	0	2	0	0	1	1	3	0	3	0	1	0	0	0	0	0	3	0	0	0	2	3	1	0	1	1	0	1	0	2	1	0	0	0	0	0	0	0	1	1	0	0	1	1	2	0	2	2	0	1	1	1	0	1	1	0	0	1	0	2	2	0	8	0	0	0	1	3	0	0	1	0	0	0	2	0	1	2	1	0	1	0	0	1	3	1	2	0	1	0	3	0	2	0	2	0	0	1	1	0	1	0	4	0	0	0	0	0	1	0	0	0	1	1	0	1	0	1	0	0	0	0	0	4	0	0	2	1
gi|118567952|gb|ABL02757.1|sqr	119	86	97	49	63	58	85	98	43	22	47	57	319	73	22	104	39	21	32	60	1753	132	1996	212	111	1996	577	24	553	151	198	235	105	176	100	518	94	580	474	396	465	361	463	224	127	127	700	527	13	520	378	205	733	117	617	15	328	445	0	142	165	376	314	89	55	21	434	542	1745	61	1269	856	267	823	460	566	518	1084	566	1036	161	64	186	210	324	717	498	407	180	312	394	0	750	557	0	275	278	407	335	0	250	1085	686	365	547	377	557	599	68	256	321	1177	513	960	455	619	566	697	70	41	45	98	67	57	98	85	77	58	97	67	105	188	52	168	53	55	43	57	74	42	60	63	77	76	135	70	74	130	106	59	79	153	78	122	0	182	187	83	63	59	56	55	69	77	35	90	35	108	39	144	59	109	52	44	45	38	43	71	47	51	73	37	63	14	31	5	129	64	39	67	53
gi|500800570|ref|WP_011998629.1|4-hydroxybutyryl-CoA-dehydratase	5	10	29	10	23	8	17	8	11	4	10	13	6	20	3	4	13	6	8	8	78	11	78	22	29	78	203	4	147	65	10	19	15	60	41	155	13	75	114	71	54	51	45	40	31	53	129	55	11	97	130	16	194	36	69	1	45	46	0	17	15	46	50	11	12	3	82	125	187	43	91	99	35	90	109	56	36	69	63	99	50	20	29	59	65	83	84	60	55	61	99	0	91	88	0	37	62	69	99	0	134	140	138	32	34	66	81	101	24	168	119	347	140	153	98	50	150	62	13	12	33	37	11	12	41	22	30	18	36	27	20	18	12	14	13	10	15	11	24	19	18	19	27	18	8	23	23	15	14	7	28	53	32	40	0	22	36	42	7	19	18	16	31	21	13	23	19	22	15	42	18	16	16	11	5	16	5	19	12	13	9	12	11	2	24	4	9	12	12	23	17
