ME36464|contig-2351001193	30551	0	0	0	0	0	0	0.00763384	0.0300947	0.0084681	0	0.0168676	0	0	0.0185991	0.0425115	0.0415629	0.0925723	0.189046	0	0	0.00816869	0.00587864	0.028895	0.0252134	0.0291939	0.092929	0	0.00816543	0.0142397	0.0438722	0.669764	0.0641651	0.0154679	0.00773341	0.0473945	0.087186	0.00770585	0.00800053	0	0.042832	0.0209709	0.00820462	0.00666954	0	0.00733464	0	0.00587396	0	0.0152667	0.00776609	0	0.0413445	0.657126	0.0670628	0.00717155	0	0	0	0.012147	0	0.00547609	0.00833084	0.00809797	0.0208492	0.00653942	0.0155062	5.81718	0.561452	0.0178269	0.00899824	0	0	0	0	0	0	0.0170611	0.0641498	0	0.0189939	0	0	0.00660581	0	0	0	0	0	0	0	0	0.0226073	0.0150765	0.0185253
ME36464|contig-2533	27962	0	0	0	0	0	0.0137265	0.0130356	0.00999419	0	0.00864198	0	0	0.0078108	0	0.0147037	0.023934	0.0666957	0.217042	0.00799767	0	0	0.00603198	0.0398983	0.0232245	0.00639535	0.0377907	0	0.033481	0.00795265	0.0173177	0.545781	0.0385816	0.00719006	0.0159768	0.0247093	0.0503958	0	0	0.00729848	0.0330647	0.0241034	0.00806803	0	0	0	0	0.00704328	0	0.00548254	0.00795149	0	0.0163351	0.829766	0.0761296	0	0.0168482	0.0155137	0	0.00831457	0.00758896	0.016375	0	0.0218212	0.00857184	0	0.0374891	5.59236	0.496805	0.00824435	0.00541267	0	0.00918931	0	0.00809672	0	0	0.0174305	0.0375618	0.0271723	0.00828308	0.00791978	0	0.00962377	0	0	0	0.0154047	0	0	0	0	0.0363914	0.0153684	0.00639256
ME36464|contig-2228000588	27623	0	0.006911	0	0	0	0	0	0	0	0	0	0.00584451	0	0	0.0257306	0.0271373	0.046894	0.226739	0	0.0176672	0.00820245	0	0.0335161	0.00839006	0.034583	0.0235459	0	0.017133	0.0225376	0.00790296	0.393457	0.0407893	0	0.0265064	0.00905044	0.0221667	0	0	0	0.0235549	0.0148848	0	0	0	0	0	0	0.00915071	0.00705804	0.00937397	0.0332243	0.0444338	0.819821	0.118486	0.00680372	0.0182346	0.0102998	0	0.0156233	0	0.0160276	0	0.0245194	0.00757548	0	0.0419287	5.59062	0.597993	0.00672918	0	0	0.00614129	0	0	0	0	0.00591934	0.00801795	0	0.00820245	0	0	0	0	0	0.0073186	0.00835019	0	0	0	0.00824773	0.0320647	0	0.00930387
ME36464|contig-2367002878	21361	0	0	0	0	0	0	0.0109843	0.0158738	0	0	0	0.0165688	0	0	0.0207229	0	0.128829	0.201061	0	0	0	0.0117596	0.0458435	0.0329938	0.00822219	0.0422582	0	0.0117495	0.0264126	0.0206274	0.598673	0.0330294	0.00926589	0.0322365	0.0390554	0.0285087	0	0.00969761	0	0.0469667	0.034277	0.00984939	0.00997756	0	0	0	0	0	0.0265508	0.0465594	0.00878407	0.0436817	0.798006	0.0833214	0.00883941	0.0114141	0.0118052	0.0109895	0	0	0.0170001	0.00716367	0	0.0324877	0	0.0199742	5.14532	0.417403	0.00898104	0.0112773	0	0	0.0100339	0	0	0	0	0.00831462	0.0399484	0.0115173	0	0	0.00874134	0.015669	0	0	0	0	0.0197849	0	0.0111499	0	0.0229413	0.0256557
ME36464|contig-1001820	21157	0	0	0	0	0	0	0	0	0	0	0	0	0	0	0	0	0.0603195	0.15945	0	0	0.011872	0	0.0377021	0	0.0113444	0.00159305	0.0353888	0	0.00188106	0	0.792517	0	0	0	0.0251509	0	0	0	0	0.00949535	0	0	0.00795449	0	0	0.0112338	0	0.0290672	0	0	0.00935255	0.0104132	1.08551	0.0880494	0	0.00983844	0.0125006	0	0	0.00940439	0.00906592	0	0	0.0117238	0.0137958	0	7.01578	0.799325	0.00849052	0.0219563	0.0104222	0	0.00844391	0.0104644	0.0123064	0	0.00144697	0	0	0	0	0	0	0.00815283	0	0	0.0107631	0	0	0	0.0111149	0	0	0
ME36464|contig-2219002592	18736	0	0	0	0	0	0	0	0	0	0	0	0	0	0	0.0509335	0.0136006	0.0690635	0.208866	0	0	0	0	0.0150323	0.0149278	0.0261288	0.0364054	0	0.00993884	0.0230996	0.0223824	0.465498	0.0391247	0	0	0.0563026	0.0606573	0	0	0	0.00802139	0.0229233	0	0	0	0	0	0	0	0	0.0233675	0	0.0253793	0.585624	0.0511854	0.0133851	0.0374031	0.0155208	0	0.014086	0.0125587	0.00999126	0.0406793	0	0.011854	0	0.0380833	5.52698	0.461614	0	0	0	0	0	0	0	0	0.0339668	0.0100535	0	0	0	0	0	0	0	0	0	0	0	0	0	0.0245794	0	0.0371463
ME36464|contig-1001675	18700	0	0	0	0	0	0	0	0.0119426	0	0	0	0	0	0	0	0.0518279	0.087266	0.119783	0	0	0.0233246	0	0.0384489	0.0101907	0.0349984	0.0222368	0	0.0136244	0	0.0214966	0.457554	0.0130673	0	0.00924609	0.0385037	0.0402079	0	0	0	0.0256971	0.0100623	0	0	0	0	0	0	0	0	0	0	0.0112108	0.591148	0.137219	0	0.0259328	0.0112803	0.0131377	0.0109956	0	0	0	0	0	0	0.0225008	5.49332	0.466791	0.0131896	0	0.0129188	0	0	0	0	0.0117081	0.0207376	0.00810249	0	0	0	0	0.014009	0	0	0.0100723	0	0	0	0	0	0	0.0178513	0.0246305
ME36464|contig-6002854	18345	0	0	0	0	0	0	0.0108241	0.015364	0	0	0.0129529	0	0	0	0.0255481	0.0094882	0.143041	0.115567	0	0	0.0288123	0	0	0	0.0131821	0.0544601	0	0.0210926	0.0127225	0.0154516	0.456574	0.0211876	0.0106579	0	0.0608837	0.0679498	0	0	0	0	0.0493001	0	0	0	0	0	0	0	0	0	0	0.0359155	0.778936	0.0540888	0	0.0142275	0	0	0.0126081	0.0229314	0.0230962	0.0232104	0	0.0291376	0	0	6.38879	0.575573	0	0.00854224	0	0.0120011	0	0	0.0132336	0	0.0350427	0.02652	0	0.0240103	0	0	0	0	0	0	0	0.0117844	0	0	0.0136458	0.0240554	0	0.0221602
ME36464|contig-1398	17209	0	0	0	0	0	0	0	0	0	0	0	0	0	0	0	0	0	0.118328	0	0	0	0	0	0	0	0	0	0	0	0	0.638378	0	0	0	0.0243932	0	0	0	0	0	0	0	0	0	0	0	0	0	0	0	0	0	1.05646	0.0536981	0	0	0	0	0	0	0	0	0	0	0	0	6.62618	0.618574	0	0	0	0	0	0	0	0	0	0	0	0	0	0	0	0	0	0	0	0	0	0	0	0	0	0
ME36464|contig-2320000507	17122	0	0	0	0	0	0	0.0143713	0	0	0	0	0	0	0.0120504	0.0352012	0.0134779	0.0974353	0.156235	0	0	0	0	0.0208034	0.0304066	0.0126499	0.0896882	0.0139471	0	0.0117978	0	0.650802	0.0266874	0	0.0125749	0.0259592	0.0116154	0	0.014616	0.0297605	0.0218406	0.00807996	0	0	0.0105937	0	0	0	0	0	0.0280206	0.0146636	0.0889993	0.916398	0.100527	0	0.0105389	0.015404	0	0	0.0156886	0.0126332	0.0101796	0.0135912	0	0.0138955	0.00832934	6.25045	0.524551	0.0119205	0	0	0	0	0	0.0162412	0	0	0.0263663	0	0	0	0	0	0.0135977	0	0	0	0	0	0	0	0.0118006	0.0260129	0.0400791
ME36464|contig-2001539	16723	0	0	0	0	0	0.0114117	0	0	0.00982499	0	0	0	0	0.0119772	0.0456915	0.0620436	0.125729	0.251029	0.0145061	0.014629	0.0127095	0	0.0166452	0.0259908	0	0.115226	0.0118967	0.0165041	0.0118412	0.00975161	0.500644	0.0431558	0.0144181	0.0168088	0.0771451	0.122738	0	0	0.0282805	0.0231717	0.05126	0	0.0113434	0	0	0	0	0	0	0.0519536	0.0264271	0.0634006	0.703547	0.0409992	0	0.0122692	0	0.0159597	0.0303012	0.0132507	0.0122063	0	0	0.0117842	0	0.0915342	6.6483	0.466843	0.0132556	0	0	0	0	0.0128811	0	0	0	0.0535945	0	0.0122183	0	0	0	0	0	0	0.0122198	0	0	0	0.0217111	0	0.0150445	0.0337568
ME36464|contig-2876	16037	0	0	0	0	0	0	0	0	0	0	0	0	0	0	0	0	0	0.05521	0	0	0	0	0	0	0	0.0305226	0	0	0.0100557	0	0.689033	0	0	0	0.0475152	0.0154959	0	0	0	0	0.0333483	0	0	0	0	0	0	0	0	0.0169047	0.0162581	0.0282916	0.741063	0.0124944	0	0	0	0	0	0	0	0	0	0	0	0.0139717	6.33353	0.409222	0.0158883	0	0	0	0	0	0	0	0	0.0125617	0.0169198	0	0	0	0	0	0	0	0	0	0	0	0	0.0140304	0	0
ME36464|contig-30002761	15602	0	0	0	0	0	0	0	0	0.0125297	0	0	0	0	0.0116095	0	0.0504811	0.0444357	0.112665	0	0	0.0144402	0	0.0475594	0.0417712	0	0.0575858	0	0	0.0307023	0.0164647	0.601949	0.0312665	0.0129793	0	0	0.0414965	0	0	0	0.0308057	0.0127732	0	0	0	0	0	0	0	0	0	0	0.0308138	0.807723	0.0464013	0	0.0136364	0.0271037	0	0.0117244	0	0	0	0	0.0173346	0	0.0262395	4.91789	0.341765	0	0	0	0	0	0	0	0	0.0266834	0.0142405	0	0.015693	0	0	0	0.0164096	0	0	0	0	0	0	0	0.0132463	0	0
ME36464|contig-2224000222	15414	0	0	0	0	0	0.0149433	0	0.0152993	0	0	0.0440587	0	0	0	0.0522139	0.0272921	0.0983979	0.160232	0	0	0.0260382	0	0.0638525	0.0298009	0.0742052	0.112209	0	0	0	0.0254068	0.530942	0.0327246	0	0.0558298	0.0422789	0.0905696	0	0	0.0172092	0.0168622	0.0486	0	0	0	0.018274	0.0161355	0	0	0.0132053	0.0135387	0.0371333	0.0256667	0.817703	0.060331	0	0.0280149	0.0278446	0	0	0	0	0	0	0.0329685	0	0.028972	5.36047	0.527681	0.0155478	0	0	0	0	0	0	0	0.0356905	0.0285714	0.0134179	0.0118841	0	0	0	0.0114774	0	0	0	0	0	0	0	0.0266248	0	0.0258275
ME36464|contig-1000421	14944	0	0	0	0	0	0	0.0169398	0.0169679	0	0	0.0465196	0.0307724	0	0	0.0296021	0.029278	0.0731909	0.176458	0	0	0	0	0.0781961	0	0.0453731	0.0763343	0	0	0.0180441	0	0.33767	0.0187147	0.0128788	0.0117064	0.0764722	0.0349077	0	0	0.0293348	0.0132792	0.013627	0	0	0	0	0	0	0	0	0	0.0166552	0.013214	0.708196	0.108585	0	0.0644539	0.0139253	0	0.036629	0	0	0	0.0128752	0.029351	0	0.0308063	4.87621	0.483473	0	0	0	0.0138487	0	0	0	0	0.0360882	0.028532	0	0.0175076	0	0.015162	0	0.0147424	0	0	0	0	0	0	0.0172652	0	0.0172342	0.0188783
ME36464|contig-938	13704	0	0	0	0	0	0	0	0	0	0	0	0	0	0.0162117	0.0520096	0.0503164	0.158402	0.225381	0	0	0	0	0.0377771	0.0186331	0.0478058	0.0945559	0	0	0.053991	0.0200963	0.54501	0.03558	0	0.0118958	0	0.044866	0	0	0	0	0	0	0	0	0	0	0.0359777	0	0.0161849	0.0133243	0.0333333	0.0199398	0.484591	0.103511	0	0.015585	0.0176391	0	0	0	0	0	0	0.0188338	0	0	5.10432	0.619786	0	0.0125848	0	0	0	0	0	0	0	0.0330068	0	0.0119084	0.0212541	0	0	0	0	0	0	0.0126659	0	0	0	0	0	0
ME36464|contig-709	13693	0	0	0	0	0	0	0.0159747	0	0	0	0	0	0	0.0170553	0.0334463	0.0277422	0.189682	0.210475	0	0	0	0	0.0142631	0.0151755	0	0.027847	0.0332907	0.0158264	0.0152988	0	0.768663	0.0585711	0	0	0.0880688	0.029383	0	0	0.0181599	0.0362117	0	0	0	0	0	0	0	0	0.0180065	0.0319446	0.0131787	0.031403	0.907395	0.135113	0	0	0.0204451	0	0	0.0181599	0	0	0	0	0	0	6.12763	0.538995	0	0.0131986	0	0.0549649	0	0	0.0433733	0	0.027357	0.0380873	0	0.0382439	0	0	0	0.0160573	0	0	0	0	0.0147092	0.0141143	0	0.0177912	0	0.0171153
ME36464|contig-2299000311	12815	0	0	0	0	0	0	0	0.021182	0	0	0.0208384	0	0	0	0	0.0402842	0.0281884	0.138932	0	0.0216002	0	0	0	0.056764	0.0396024	0.0185889	0	0	0	0.026942	0.418004	0.033293	0.0346219	0.0161381	0	0.022025	0	0.0142084	0	0.0205562	0.0355616	0.0167354	0	0	0	0	0	0	0.0179911	0.0215409	0	0.0188694	0.588723	0.0180057	0.0171202	0.0201727	0.0188252	0	0	0	0	0	0	0	0	0	4.36119	0.599129	0	0	0.0180086	0	0	0	0	0.0178326	0.0141232	0.0547613	0	0.020761	0	0	0	0	0	0	0	0	0	0	0	0	0.0143007	0
ME36464|contig-20000861	11837	0	0	0	0	0	0	0	0	0	0	0	0	0	0	0	0.0644228	0.0846269	0.0406319	0	0	0.0150864	0	0.0609039	0	0.0338745	0.0188679	0	0	0.022781	0	0.422717	0	0	0.0186597	0.0413339	0.0183936	0	0	0	0	0	0	0	0	0	0.0159356	0	0	0	0.021722	0	0.0381686	0.819446	0.0872271	0.0210434	0.0446781	0	0	0	0	0	0.0239159	0	0	0.0362808	0.084013	5.41143	0.678493	0	0	0	0.0174454	0	0	0	0	0.0143696	0.0225379	0	0	0.018858	0	0	0	0	0	0	0	0	0	0	0	0	0
ME36464|contig-565000519	11632	0	0	0	0	0	0	0	0	0	0	0	0	0	0	0	0.0203499	0.0138418	0.0542449	0	0	0	0	0	0	0	0.0414656	0	0.0190043	0	0.0196183	0.551364	0.0387631	0.0213241	0	0.0226988	0.0214056	0	0	0	0.0172875	0	0.0164491	0	0	0	0	0.0189049	0	0	0	0	0.0187199	0.615207	0.0399036	0	0	0	0	0	0	0.0231002	0	0.0168569	0	0	0.0227719	4.64888	0.441481	0	0	0	0	0	0	0	0	0	0.0700125	0	0	0	0	0	0.0216887	0	0	0	0.0249285	0	0	0	0.0211532	0	0
ME36464|contig-3001122	11618	0	0	0	0	0	0	0.0453733	0.0183494	0	0	0	0	0	0.0208482	0.0308036	0.0493298	0.0912911	0.166428	0	0	0	0	0	0.0224709	0.0234431	0.0195061	0	0	0.0530641	0.0399107	0.54625	0.111438	0	0	0	0	0	0	0.0350125	0.05505	0	0	0	0	0	0	0	0	0	0.0174138	0	0.0190111	0.568907	0.0318198	0	0.039657	0.0573345	0	0	0	0.0223254	0	0.0163422	0.0392385	0.0209078	0.0375536	5.74379	0.362897	0	0.0146638	0.0407652	0	0	0	0	0	0.0586922	0.059907	0	0	0	0	0	0.0177837	0	0	0	0	0	0	0	0.0181412	0.0152057	0.0360207
ME36464|contig-606	11471	0	0	0	0	0	0	0	0.0175057	0	0	0	0	0.0228364	0	0.0312132	0.0383954	0.160823	0.154955	0	0	0.015768	0	0.0201288	0.0250386	0.0592075	0.130474	0	0	0	0.0174613	0.587985	0.0415876	0	0	0.017046	0.0223509	0	0	0	0	0	0	0	0	0	0	0	0	0.0206316	0	0	0.0436827	0.757294	0.0603206	0	0.00334872	0	0	0	0	0	0.0166531	0	0	0	0	5.43756	0.423568	0	0	0	0	0	0	0	0	0.0435412	0	0.0182115	0	0	0.0204766	0	0	0	0	0	0.018584	0	0	0	0	0	0
ME36464|contig-1001483	11309	0	0	0	0	0	0	0	0	0	0	0.0217931	0	0	0	0	0	0.131678	0.0899972	0	0	0	0	0.0415938	0	0	0.0820834	0	0	0	0.0231384	0.725645	0.0206441	0	0.0244328	0.0742615	0.0379282	0	0	0.016809	0.0200018	0.0558972	0	0	0	0	0	0	0	0	0.0163468	0	0.106838	0.676231	0.0176487	0	0.0180031	0.0190415	0	0	0	0.0185508	0	0	0	0	0.0858851	6.00744	0.282723	0	0	0	0.0146153	0	0	0	0	0.0406063	0.0205057	0	0.0420307	0	0	0	0	0	0	0.0146261	0	0.0186701	0	0	0	0.0413025	0.0216013
ME36464|contig-1525	11293	0	0	0	0	0	0	0	0	0	0	0.0225619	0.0226207	0.0231187	0	0.0161839	0.0592729	0.0198913	0.149019	0	0.0206661	0.0180529	0.0217491	0.045065	0.0397418	0.0365865	0.0227629	0	0	0.0217131	0.046069	0.625747	0	0	0	0.0362179	0.0235446	0	0	0	0	0.0399853	0	0	0	0	0	0	0	0	0.0641037	0.0192113	0.041456	0.686588	0.0638866	0	0	0.023123	0	0	0.0183056	0	0	0	0.0235662	0.0180363	0.0792891	5.50244	0.39518	0	0.0303895	0	0	0	0	0	0	0.0609992	0	0	0.0243161	0	0	0	0	0	0	0	0	0	0	0	0.0175794	0	0
ME36464|contig-1002604	11000	0	0	0	0	0	0	0	0	0	0	0	0	0	0	0.014175	0	0.0663449	0.126634	0	0	0	0	0.0665846	0.0418878	0	0.0179958	0	0.0208018	0.0362141	0.0431865	0.479871	0	0	0	0.0880849	0.0550095	0	0	0	0.019169	0.0643303	0	0.0187984	0	0	0	0	0	0	0.0435728	0	0.0179482	0.936792	0.115516	0	0	0	0.0249811	0	0	0	0	0.0174858	0.026017	0	0.0406966	5.69826	0.500189	0	0	0	0.0163671	0.0211014	0.0220227	0	0	0.118098	0.0432519	0.0183608	0.0567967	0	0	0	0	0	0.0187358	0	0	0	0	0	0.0189179	0.0175156	0.0353832
ME36464|contig-2001026	10977	0	0	0	0	0	0	0	0	0	0	0	0.0189412	0	0	0	0	0.119226	0.058187	0.0263233	0	0.0192581	0	0	0	0.0130992	0.106312	0.019127	0	0.0453899	0.00786059	0.515863	0.0188322	0	0.0258645	0.0275273	0.0367529	0	0	0.043676	0.0194	0.0228155	0	0	0	0	0	0	0	0	0	0.0371107	0.037584	0.775362	0.0397269	0	0.0391284	0.0745801	0	0.0224496	0	0	0	0	0	0	0	4.77173	0.446518	0	0	0	0	0	0	0	0	0.0629205	0.0151759	0	0.0214401	0.021535	0	0	0	0	0	0	0	0	0	0	0.0366859	0	0.0222812
ME36464|contig-7000830	10625	0	0	0	0	0	0	0	0	0	0	0	0	0	0	0.0206721	0.0209866	0.0371897	0.0966316	0.0256612	0	0	0	0.0239615	0.0300678	0.0183639	0.0524403	0.0160643	0	0.0411724	0	0.4348	0	0	0.0197001	0.0186585	0.0952474	0	0	0.0433206	0	0.0429929	0	0	0	0	0	0	0	0	0	0	0.0159632	0.848802	0	0	0	0	0	0	0	0	0	0	0.0390387	0	0.0901776	5.82985	0.647261	0	0	0	0.0193232	0	0.0170505	0	0	0	0	0	0	0	0	0	0	0	0.0189346	0	0	0	0	0	0.020202	0	0
ME36464|contig-2295000752	10085	0	0.0185204	0	0	0	0	0.0193522	0	0	0	0.0503575	0	0	0	0	0.024956	0.100819	0.181582	0	0	0	0	0.0256144	0.0265643	0.0261329	0.0385772	0	0	0.0230825	0	0.508017	0.050646	0	0.0241126	0.0212589	0	0	0	0	0.0182946	0.0318478	0	0	0	0	0	0	0	0	0	0	0.0410506	0.743727	0.0947696	0	0.0204905	0	0	0	0	0	0	0	0	0	0.0527406	5.56591	0.421608	0.0433882	0	0	0	0	0	0	0	0	0.0219666	0	0	0	0	0.0214308	0	0	0	0	0.0390876	0	0	0	0.0660661	0	0
ME36464|contig-28001215	9966	0	0	0	0	0	0	0	0.0271008	0.0264484	0	0	0	0	0	0.0229367	0.0294611	0.0690306	0.129252	0	0	0.0228751	0	0	0.0171254	0.0226795	0.108778	0	0	0.0268288	0.0230415	0.777545	0.0476141	0	0.020746	0.049454	0.111775	0	0	0	0.0553579	0.0362228	0	0.0275335	0	0	0	0	0	0	0	0	0.0675251	0.848631	0.111367	0	0	0	0.0286344	0	0	0.044626	0.0268231	0	0.0221267	0	0.0225556	6.1191	0.630763	0.0182428	0	0	0.0238045	0	0	0	0	0	0.0300042	0.045321	0.0243442	0	0	0	0	0	0	0	0	0	0	0	0	0.0216205	0
ME36464|contig-4000897	9889	0	0	0	0	0	0	0	0	0	0	0	0	0	0	0.0479358	0.0644752	0.0785828	0.193289	0	0	0	0	0	0	0.0282629	0.0195829	0	0	0	0	0.610918	0.0415656	0.0217644	0.0258794	0.061501	0.0396029	0	0	0.0247174	0	0	0	0	0	0	0	0	0	0	0	0	0.0195251	0.779323	0.0932445	0	0.0254568	0.0497302	0	0	0	0	0	0	0	0	0	5.11405	0.569452	0	0.0257007	0	0	0	0	0	0	0.0230322	0.0762559	0	0	0.0281392	0	0	0	0	0	0	0	0.0195705	0	0	0	0	0
ME36464|contig-1001729	9819	0	0	0	0	0	0	0	0.0282727	0	0.0254336	0.0257858	0	0	0	0.040634	0.0218294	0.110922	0.221286	0.0282969	0	0.0205691	0	0.12456	0.0725643	0.045217	0	0	0.0294838	0	0.0254228	0.522072	0.0265703	0.0255455	0	0.144076	0.0713906	0	0.0181024	0	0.0261452	0.0509304	0	0	0	0	0	0	0	0	0	0	0.0286018	0.976218	0.0253488	0	0.023731	0.0771773	0	0	0.0222411	0.0535163	0	0.0178742	0.0192779	0	0.076292	5.44894	0.722465	0	0	0	0	0	0	0	0	0	0.0252531	0	0	0	0	0	0	0	0	0	0	0.0179047	0	0	0	0.0213197	0.0167217
ME36464|contig-9002447	9694	0	0	0	0	0	0	0	0	0	0	0	0	0	0	0	0	0.0713823	0.187419	0	0	0	0.0221574	0	0	0	0.0301556	0	0	0	0	0.224989	0	0	0	0.00129702	0.0217813	0	0	0	0	0	0	0	0	0	0	0	0	0	0	0	0.015625	0.699268	0.0853843	0	0	0	0	0	0	0	0	0	0	0	0.037365	5.34179	0.428063	0.0442478	0	0	0	0	0	0	0	0	0.025378	0	0.0208468	0	0	0	0	0	0	0	0	0	0	0	0.0279517	0	0
ME36464|contig-47000009	9509	0	0	0	0	0	0	0.0297128	0	0	0	0.0241322	0	0	0.0264696	0	0.0608964	0.0273278	0.255763	0	0	0	0	0.0506231	0	0.0458807	0.0477556	0	0.0258668	0.0281783	0	0.469475	0	0	0	0.0799603	0.216525	0	0	0.0228898	0.0267062	0.0434305	0	0.0459593	0	0	0	0	0	0	0.0262955	0	0.0237493	0.651444	0.111907	0	0	0.0246941	0	0.0243151	0.0200286	0	0	0	0.044278	0	0.0766942	5.10098	0.656872	0	0	0	0	0.0315082	0	0	0	0.0271877	0.0296419	0.0275482	0	0	0	0	0	0	0	0	0.0223839	0	0	0.0254284	0.0295122	0	0
ME36464|contig-3002747	9181	0	0	0	0	0	0	0	0	0	0	0.013376	0	0	0	0	0.0327888	0.0875729	0.0930312	0	0	0.0291595	0	0.142694	0.048895	0	0.0244879	0	0.0248944	0.0269499	0.0446194	0.665525	0	0.0206692	0	0.0299805	0.0267093	0	0	0	0.0263368	0	0	0	0	0	0	0	0	0	0.055359	0.0212159	0.0310254	0.749573	0.0627357	0	0	0	0	0	0.0259162	0.0301335	0	0	0.02514	0.0274129	0.0443581	5.62093	0.482247	0	0.0220647	0	0.0306251	0	0	0	0	0.104602	0.0298388	0	0.0476844	0	0.0290385	0	0	0	0	0	0	0	0	0	0	0	0.0510799
ME36464|contig-18001457	8653	0	0	0	0	0	0	0	0	0	0	0	0	0	0	0	0	0.07872	0.0906102	0	0	0.0287209	0	0	0	0	0	0	0	0	0	0.35507	0.026568	0	0	0.0214347	0	0	0	0.0425222	0	0	0.0342391	0	0	0	0	0	0	0	0.027572	0	0.0519481	0.62547	0.0244436	0	0	0	0.0251794	0	0	0	0	0	0.0249301	0	0	5.40985	0.518528	0	0	0	0	0	0	0	0	0	0.032729	0	0	0	0	0	0	0	0	0	0	0	0	0	0.0463222	0	0.0278487
ME36464|contig-14000480	8580	0	0	0	0	0	0	0	0	0	0	0	0	0	0	0.0221759	0	0.0813896	0.11133	0	0	0	0	0.023593	0	0.0683215	0.0352666	0	0	0.0408288	0.048395	0.487748	0.0290086	0	0	0.0274023	0.0221814	0	0	0	0	0.0270634	0.0308581	0	0	0	0	0	0	0	0.0300245	0	0.0220426	1.02323	0.188957	0	0	0.0240727	0	0	0.0316254	0.025	0.0251287	0.0213235	0.0336196	0	0.0574515	5.46762	0.587889	0	0	0	0	0	0	0	0	0.0272192	0	0.0284802	0	0	0	0	0	0	0	0	0.0275184	0	0	0	0.0613346	0	0.026135
ME36464|contig-2315003062	8574	0	0	0	0	0	0	0	0	0	0	0	0	0	0	0.0776116	0.0804076	0.147297	0.284678	0	0	0.0552961	0.0236104	0.029759	0.019936	0.0436547	0.105755	0	0.0253988	0	0	0.491172	0	0	0.0796124	0.0612395	0.0883002	0	0.0509452	0	0.0300098	0	0	0	0	0	0	0	0	0.0430464	0	0.0221814	0	0.861267	0.0157171	0.0295996	0.0251472	0	0	0.0291881	0.0111629	0	0	0	0	0.0274914	0.0292383	5.78001	0.490554	0	0	0	0.0234528	0	0	0	0	0.0705521	0.0257985	0	0	0	0	0	0	0	0.0250553	0	0.0319646	0.0335463	0	0	0	0	0.0303291
ME36464|contig-30001954	8559	0	0	0	0	0	0	0	0	0	0	0.0323692	0	0	0	0	0.0905178	0.0900923	0.20377	0	0	0	0	0	0	0.0271036	0.166934	0	0.0538414	0	0	0.709127	0.0312922	0	0	0.0163854	0.0486546	0	0	0	0	0.0244322	0	0	0	0	0	0	0	0	0.0251874	0	0.084469	0.804143	0.14233	0	0.0196633	0	0	0	0	0	0	0.0249416	0.104687	0	0	5.32308	0.354307	0.0228754	0	0	0	0	0	0	0	0	0	0	0	0	0	0	0	0	0	0	0	0	0	0	0	0.0285679	0
ME36464|contig-2199001238	8281	0	0	0	0	0	0	0	0	0	0	0.0282911	0.0245453	0	0	0	0.0623965	0.0754428	0.187396	0	0	0	0	0.0313816	0	0.0581707	0.029468	0	0	0	0	0.441689	0.05209	0	0	0.0243654	0	0	0.0278874	0.0311744	0.0282048	0	0	0	0	0	0	0	0	0	0.0333291	0.0263124	0.0273293	1.03591	0.0309515	0	0	0.0270305	0	0.0249332	0	0	0	0	0.0410139	0	0.0886963	5.08417	0.473088	0	0	0	0	0	0	0	0	0.0257096	0.0965974	0	0	0	0	0	0	0	0	0	0.0249968	0	0	0	0	0	0
ME36464|contig-1002171	8269	0	0	0	0	0	0.0154238	0	0	0	0	0	0	0	0	0.0280219	0	0.17843	0.107704	0	0	0	0	0	0.0650812	0.0300243	0	0	0.0299554	0	0	0.560183	0.0265937	0	0	0	0.0764429	0	0.0525443	0	0	0	0	0	0	0	0.0308162	0	0	0	0.0828131	0.0240611	0.0336092	0.694243	0.073989	0	0	0.0346061	0	0	0	0	0	0	0	0.0283055	0.0265475	5.19309	0.416847	0	0	0	0	0	0	0	0	0.0228171	0.0838545	0.0204212	0	0	0	0	0	0	0	0	0	0	0	0	0	0	0
ME36464|contig-4002179	8221	0	0	0	0	0	0.0228293	0	0.0183923	0	0	0.0237575	0	0	0	0	0	0.117504	0.131636	0	0	0	0	0.0248104	0.0301042	0	0.0875434	0	0.0405284	0.0538669	0	0.627451	0	0	0	0	0.0264069	0	0	0	0.0565869	0	0	0	0	0	0	0	0	0	0	0.024081	0	0.495205	0	0	0	0	0	0.0258941	0	0	0.028337	0	0.0616096	0.0257858	0.0730705	4.9334	0.605206	0	0	0	0	0	0	0	0	0	0	0	0.0137444	0	0	0	0	0	0	0.0515225	0.032001	0	0	0.0331314	0	0.030451	0
ME36464|contig-3002464	8193	0	0	0	0	0	0	0	0.0295598	0	0	0.0582549	0.0304823	0	0	0	0	0.0828715	0.0897949	0	0	0	0	0	0	0.0265772	0.0628306	0	0	0.0272879	0.0334405	0.516527	0	0	0.0259941	0.0603793	0.0481153	0	0	0	0.0272389	0.031495	0	0	0	0	0	0	0	0	0.0829795	0	0	0.533427	0.0587402	0	0.0225196	0.0335268	0	0.053004	0	0.0298469	0.0392485	0	0.053974	0	0.0273231	4.35518	0.500322	0	0	0	0	0.025641	0	0	0	0.0270305	0.0335095	0	0.0559495	0	0	0	0	0	0	0.0290135	0	0.050535	0.0260679	0	0.0513844	0	0
ME36464|contig-1865	8181	0	0	0	0	0	0	0.0238433	0	0	0	0.0300762	0	0	0	0	0.0263124	0.191687	0.147693	0	0	0	0.02636	0.0224835	0	0	0.0518155	0	0	0.0210133	0	0.576839	0.0226483	0.0358386	0.0921511	0	0.0417472	0	0	0	0.047999	0	0	0	0	0	0	0	0	0	0.0297642	0	0.148835	0.647989	0.152109	0.0351013	0.02191	0	0	0	0	0	0.0220389	0	0.0197394	0.0113475	0	4.92029	0.401856	0	0	0.0504581	0	0	0	0.0244028	0	0.0956555	0	0	0.0293092	0	0	0.0272083	0.0310847	0	0	0	0	0	0	0	0.0237327	0	0.0593472
ME36464|contig-766	8160	0	0	0	0	0	0	0	0	0	0	0	0	0	0	0	0.0301345	0.0370179	0.108966	0	0	0.0212325	0	0	0.0303423	0	0.0279865	0	0	0.033092	0	0.4938	0	0	0	0.0283752	0.0144703	0	0	0	0.027871	0	0	0	0	0	0	0	0	0	0	0	0	0.946392	0.0627426	0	0	0	0	0	0	0	0	0	0	0	0	5.69439	0.384854	0	0	0	0	0	0	0.0756085	0	0.0303775	0.0264043	0	0	0	0	0	0.0263839	0	0	0	0	0	0	0.0328742	0	0	0
ME36464|contig-722	8141	0	0	0	0	0	0	0	0.0344379	0.0297287	0	0.0267289	0	0	0	0.0253787	0	0.119242	0.0889726	0	0	0	0	0	0	0.0285751	0.0301338	0	0.0229364	0	0	0.563641	0	0	0	0.0492272	0	0	0	0	0.0235416	0	0	0	0	0	0	0	0	0.0316021	0	0	0	0.954011	0.124497	0	0	0	0	0	0	0	0.0299262	0	0	0	0	4.65241	0.523773	0	0	0.025814	0	0	0	0	0	0.0507969	0	0	0.0263465	0	0	0	0	0	0	0	0	0.031538	0	0.0362121	0	0	0.0241214
ME36464|contig-6000104	8000	0	0	0	0	0	0	0.0283716	0	0	0	0	0	0	0	0	0	0.0844568	0.170151	0	0	0	0	0	0	0.0816354	0.0643027	0	0.032339	0.0607181	0	0.521235	0	0	0	0.026859	0.0647757	0	0	0	0	0.0292644	0.0345512	0	0	0	0.0725211	0.034028	0	0	0	0	0.028078	0.655	0.0295905	0	0	0.0271092	0	0.0205805	0	0.021372	0.0275798	0	0	0	0	6.32277	0.360121	0	0.0241872	0	0	0	0	0.0298784	0	0	0.0588158	0	0	0	0	0	0	0	0	0.0272415	0.032672	0	0	0	0.0349974	0	0
ME36464|contig-2002571	7948	0	0	0	0	0	0	0.0300292	0	0	0	0	0	0	0	0.0334661	0.056516	0.0276817	0.0812683	0	0	0	0	0.0301092	0	0	0.109912	0	0	0	0	0.538645	0	0	0	0.0682121	0.0804995	0	0	0	0.0557177	0	0	0	0	0	0	0	0	0	0.0292242	0	0.0568091	1.07273	0.0498803	0	0.0572681	0	0	0	0	0	0.030295	0	0.0546688	0	0	6.2863	0.437018	0.0271277	0	0.0262107	0	0	0	0	0	0.0544923	0	0	0.0264909	0	0	0	0	0	0	0	0	0	0	0	0	0	0
ME36464|contig-26001756	7873	0	0	0	0	0	0	0	0	0	0	0	0	0	0	0.0221328	0	0.0653314	0.0656708	0	0	0	0	0	0	0	0.0219351	0	0.0327561	0	0	0.476861	0.0296128	0	0	0.034854	0	0	0	0	0	0.0203781	0	0	0	0	0	0	0	0	0.0221387	0.0509452	0	0.781748	0.0888083	0	0	0	0	0	0	0	0	0	0.0886739	0	0	4.35232	0.365991	0	0	0	0	0	0	0	0	0	0	0	0.0676348	0	0	0	0	0	0	0	0	0	0	0	0.0298187	0.0291863	0
ME36464|contig-2003058	7791	0	0	0	0	0	0	0.0279549	0.0381212	0	0	0	0	0	0	0.0591347	0.101453	0.0997689	0.204109	0	0	0	0	0.0312968	0.0264197	0	0.0673561	0	0	0.0276911	0.0489624	0.658619	0.0307546	0.0522601	0	0.0492584	0.0793651	0	0	0	0	0	0	0	0	0	0	0	0	0.0261837	0	0	0	0.733324	0.0976769	0.0332926	0.040304	0	0.0240522	0.0348664	0	0	0	0.0343237	0	0	0	5.35773	0.384855	0	0	0	0	0	0.029304	0	0	0	0.0319424	0	0.0618627	0.028688	0	0	0.0278419	0	0	0.0388957	0	0	0	0.0262045	0	0	0
ME36464|contig-27002441	7752	0	0	0	0	0	0	0	0.0210786	0	0	0	0	0	0	0.0278157	0	0	0.132011	0	0	0	0	0.0296854	0.0291621	0.0268126	0.0332421	0	0	0	0.0899918	0.212844	0.0656497	0	0.024693	0.0584131	0.0886525	0	0	0	0.0525742	0	0	0.0276642	0	0	0	0	0	0	0	0.0267103	0	0.687432	0.064873	0.0314208	0	0.0339076	0	0	0	0.0255046	0	0	0	0	0.0595791	3.98839	0.470668	0	0	0	0	0	0.0308238	0	0	0	0	0	0	0	0	0	0.036592	0	0	0	0	0	0	0	0.0352267	0.0369155	0
ME36464|contig-2277002200	7739	0	0	0	0	0	0	0	0.0316742	0	0	0.035729	0	0	0	0	0.0374778	0.0665298	0.15568	0	0	0.0330001	0	0	0	0	0.0150747	0	0.0280246	0.0233766	0	0.430406	0	0.0265208	0.0261036	0.0286419	0	0	0	0	0.0324737	0	0	0	0	0	0	0	0	0.0273261	0.0306053	0	0.0920136	0.72067	0	0.0281921	0.0351237	0.0372552	0	0	0	0	0	0	0	0	0.0354552	4.90808	0.309416	0.0280399	0	0	0	0	0	0	0	0	0	0	0.0335479	0	0	0	0	0	0	0	0	0	0	0	0.0232526	0	0
ME36464|contig-8000082	7710	0	0	0	0	0	0	0	0.0191355	0	0	0.0497526	0	0	0	0.0987383	0.0634441	0.0302364	0.143781	0	0	0	0	0	0	0.0294441	0.0283434	0	0	0	0	0.614783	0.115342	0	0.0316959	0.0697578	0.0337449	0	0	0	0.0278082	0.033443	0	0.0242599	0	0	0	0	0	0	0.0323731	0	0	1.04323	0.0243132	0	0	0.0563806	0	0	0	0	0	0	0.0542582	0	0	5.59105	0.384879	0	0.0317482	0	0	0	0	0.0614517	0	0.0241559	0.028862	0	0.0567776	0	0	0	0	0	0	0	0	0	0	0	0.0622082	0	0
ME36464|contig-42002345	7399	0	0	0	0	0	0	0	0.0297713	0	0	0	0	0	0	0	0	0.0659009	0.116717	0	0	0	0	0	0	0	0.0664079	0	0	0	0	0.728549	0	0.024086	0	0.082938	0.064909	0	0	0	0.0635284	0	0	0	0	0	0	0.0313709	0	0.0240722	0	0.0607015	0.0718683	0.465924	0.0629933	0	0	0.0290188	0	0	0.0368353	0	0	0	0.0661501	0.0319805	0.0338837	5.19337	0.412498	0	0	0	0.0638542	0.0282762	0.0343889	0	0	0.0368459	0.0379038	0	0	0.0241275	0	0	0	0	0	0	0.0395172	0	0	0	0.0271123	0	0.038743
ME36464|contig-4002680	7244	0	0	0	0	0	0	0	0	0	0	0	0	0	0.0302852	0.0373572	0.0428404	0.0368576	0.158777	0	0.032106	0	0	0.057042	0	0.0323434	0.028374	0	0	0.0412023	0.0379432	0.545561	0	0	0	0	0.077374	0	0	0	0	0.0289898	0	0	0	0	0	0	0	0.0361958	0.0317995	0	0.0279649	0.789451	0.140446	0	0	0.0355569	0	0	0.0328349	0	0.0708003	0	0	0	0.0348018	5.5647	0.587658	0.0352113	0	0	0	0	0	0	0	0.165103	0.0362702	0	0	0.0326087	0	0	0	0	0	0	0	0	0	0.00516224	0	0	0
ME36464|contig-6001600	7014	0	0	0	0	0	0	0	0	0	0	0	0	0	0	0	0	0.141793	0.0739501	0	0	0	0	0.152313	0	0	0.175746	0	0	0	0	0.294421	0.0688976	0	0.0333738	0.0299757	0.0394298	0	0.0384148	0.0179005	0	0.0377273	0	0	0	0	0	0	0	0	0	0.0365152	0.139545	0.619595	0.118925	0	0	0	0	0	0	0	0	0	0	0	0	5.29806	0.562348	0.0226237	0	0	0	0.0416287	0	0	0	0	0.0387538	0.068845	0	0	0	0.0356709	0	0	0	0	0	0	0	0	0	0	0
ME36464|contig-865	6950	0	0	0	0	0	0	0.0333946	0	0	0	0	0	0	0	0.0414881	0	0	0.238937	0	0	0	0	0	0.0381421	0.0176706	0.0256607	0	0.0346307	0.0248238	0	0.609461	0.0324159	0	0	0.0720652	0.0294028	0	0	0.0347733	0.0298165	0.0720624	0	0	0.0642595	0	0	0	0	0	0	0	0	0.645038	0.0742331	0.0392759	0	0.0359337	0	0.0640123	0	0	0.035386	0	0.0346626	0	0.0290055	5.36369	0.490043	0	0	0	0.0404908	0	0	0	0	0.0536316	0.0607735	0	0	0	0	0	0	0	0	0	0.03702	0	0	0.0366944	0	0	0
ME36464|contig-4002342	6926	0	0	0	0	0	0	0	0.0353395	0	0	0	0	0.0322034	0	0.0417947	0	0.0434381	0.0706354	0	0	0.0366718	0.0393276	0.0282233	0	0	0	0	0.0356813	0.0319902	0	0.349877	0.101903	0	0	0.0593769	0.0358131	0	0	0	0.0345304	0.0310197	0	0	0	0	0	0	0	0.0319705	0	0	0	1.13393	0.0498768	0	0	0	0	0.024439	0	0	0	0	0	0	0.0314233	5.99815	0.47417	0	0	0	0	0	0	0	0	0	0.0311152	0	0.0368259	0	0	0	0.0309326	0	0	0	0	0	0	0	0.0360111	0	0.0252463
ME36464|contig-93000465	6921	0	0	0	0	0	0	0.0541622	0	0	0	0	0	0	0	0	0.0572925	0.0394635	0.13783	0	0	0.0444102	0	0	0	0.0439883	0.0322581	0	0.0295521	0.0374019	0	0.602799	0.0936876	0	0	0	0.0652207	0	0	0	0.0669636	0	0	0	0	0	0	0	0.025964	0	0.0396862	0.0384202	0	0.831621	0.0360499	0	0.0375442	0	0	0	0	0	0	0	0.0252658	0.0551193	0	5.89481	0.939991	0	0	0	0	0.037448	0	0	0	0.0277051	0.0386928	0	0	0	0	0	0	0	0	0	0	0	0	0	0	0	0.0314281
ME36464|contig-1030002953	6882	0	0	0	0	0	0	0.0306502	0	0	0	0	0	0.0376978	0	0.0276918	0	0.0758375	0.0902174	0	0	0	0	0	0	0.0236025	0.0326087	0	0	0.0695262	0.0253713	0.683478	0.0767923	0	0	0	0.0365212	0	0	0	0.039246	0	0	0	0	0	0	0	0	0	0	0	0.0403525	0.76751	0.108184	0	0	0	0	0	0	0	0	0	0	0	0	4.52913	0.354799	0.0413697	0	0	0	0.0381395	0	0	0	0	0	0	0	0	0	0	0	0	0	0	0	0	0	0	0	0	0
ME36464|contig-2002881	6876	0	0	0	0	0	0	0	0	0	0	0	0	0	0	0	0.0567618	0.0361689	0.26018	0	0	0	0	0.0878147	0.146702	0	0.0797327	0	0.0252635	0	0	0.492567	0.022889	0.000464972	0	0.106932	0	0	0	0	0.0680483	0	0	0	0	0	0.0797214	0.0377826	0	0	0	0	0.0648406	0.818715	0.0940118	0	0	0	0	0	0.0337775	0	0.0319182	0	0	0	0.0363241	5.57351	0.543384	0	0	0	0	0	0	0	0	0	0.0338404	0	0.026087	0	0	0	0	0	0	0	0	0	0	0	0.0719603	0	0
ME36464|contig-1902	6698	0	0	0	0	0	0	0.0380816	0	0	0	0	0	0.0344938	0	0.0302548	0.0413078	0.072318	0.118127	0	0	0.0268285	0.040601	0	0.0352	0.134271	0	0	0	0	0	0.542834	0	0.0321964	0	0	0	0	0	0.0779159	0.067271	0	0	0	0	0	0	0	0	0	0	0.0646085	0	0.49095	0.0389279	0	0.0653282	0	0	0.0653074	0	0	0	0	0.0403638	0	0.0250639	4.71659	0.411887	0	0	0	0	0	0	0	0	0	0.0429438	0.0539591	0	0	0	0	0	0	0	0	0	0.0407218	0	0	0.0287081	0	0
ME36464|contig-467001685	6680	0	0	0	0	0	0	0	0	0	0	0.0433878	0	0	0	0	0	0.0357029	0.058833	0	0	0	0	0.07294	0.0300064	0	0.035428	0	0	0	0	0.572661	0.038756	0	0	0.0758256	0.0795527	0	0	0	0	0	0	0	0	0	0	0	0	0	0	0	0.0406958	0.565924	0.1888	0	0	0	0.0296095	0	0	0	0	0	0.0336	0	0.0653218	5.27271	0.473634	0	0	0	0.03568	0	0	0	0	0	0.040666	0	0	0	0	0	0	0	0	0	0	0	0	0	0	0	0
ME36464|contig-16000451	6548	0	0	0	0	0	0	0	0	0	0.0341169	0.0340203	0.0404568	0	0	0	0.0428105	0.150638	0.228791	0	0	0	0	0.0117917	0.0372131	0.0705863	0.0976089	0	0	0	0	0.34062	0.0674487	0	0	0.0443826	0	0	0	0	0	0	0	0	0	0	0	0	0	0	0	0	0	0.640859	0.104446	0	0	0	0	0	0	0.0453655	0	0	0.0797646	0	0.0626431	6.20098	0.440744	0	0	0	0	0.044637	0	0	0	0	0.0327118	0.0350016	0.0170157	0	0	0	0	0	0	0	0	0	0	0	0	0.0366612	0
ME36464|contig-114000093	6464	0	0	0	0	0	0	0	0	0	0	0	0	0	0	0	0	0.0278607	0.0757224	0	0	0	0	0	0	0	0	0	0	0	0.0256368	0.351968	0	0	0	0.0371969	0	0	0	0	0.037661	0	0	0	0	0	0	0	0	0	0	0	0	0.837896	0.0447464	0	0	0	0	0	0	0	0	0	0	0	0	4.6337	0.41526	0	0	0	0	0	0	0	0	0	0	0.0394693	0	0	0	0	0	0	0	0	0.0768592	0	0	0	0	0	0
ME36464|contig-1001870	6369	0	0	0	0	0	0	0	0.0481175	0	0	0	0	0	0.0369496	0	0	0.103117	0.124515	0	0.0360101	0	0	0.0401552	0	0.0389742	0	0	0.0385198	0.129689	0.0325996	0.518904	0	0	0	0.0345875	0.0339553	0	0	0	0	0.0354324	0	0	0	0	0	0	0	0	0	0	0	1.19501	0	0	0	0	0	0	0	0.0327786	0	0	0	0	0	4.57196	0.58416	0	0	0.0316658	0.0363698	0	0	0	0	0	0	0	0	0	0	0	0	0	0	0	0	0	0	0	0.0311395	0.0284944	0
ME36464|contig-8001772	6204	0	0	0	0	0	0	0.0292286	0	0.0268817	0	0.0339688	0	0	0	0.0321466	0.0876039	0	0.109684	0	0	0	0	0.0777508	0	0.0787921	0	0	0.0427336	0	0.0385413	0.38766	0	0.0375433	0	0.0367928	0	0	0	0	0	0.037133	0	0	0	0	0	0	0	0	0.108057	0	0	0.752929	0.0379286	0.0448718	0	0	0	0	0	0	0	0	0	0	0.0677643	4.85232	0.524386	0	0	0	0	0	0	0	0	0.0313149	0.0473137	0	0	0	0	0	0	0	0	0.0454388	0	0.0426491	0	0	0	0.0412764	0
ME36464|contig-2002295	5968	0	0	0	0	0	0	0	0	0	0	0.0805927	0	0.0424801	0	0	0.0388087	0.133357	0.285921	0	0	0	0	0.0385451	0.125543	0	0.116359	0	0	0.13456	0	0.681081	0	0	0.0414713	0	0.07354	0	0	0	0	0.0450126	0	0	0	0	0	0	0	0	0.0766042	0.0754411	0.0734606	0.791487	0	0	0	0.0157324	0	0	0.0791561	0.036049	0	0	0	0	0	5.27274	0.126037	0	0	0	0.0426147	0.0377529	0	0.0189805	0	0	0.0424648	0	0.082068	0	0	0	0	0	0	0	0	0	0	0	0	0	0
ME36464|contig-1263	5878	0	0	0	0	0	0	0.0306085	0.0401325	0	0	0	0	0	0	0.0456044	0.0484404	0	0.322664	0	0	0	0	0	0	0	0.040287	0	0	0	0.0393773	0.711538	0	0	0	0.0360559	0.0406742	0	0.0425688	0	0	0	0	0	0	0	0.0280117	0	0	0	0	0	0	0.817999	0.117658	0	0	0.0514706	0	0.0425064	0.00751466	0	0	0	0	0	0	5.90752	0.57533	0	0	0	0	0	0	0	0	0.083425	0	0	0	0	0	0	0	0	0	0	0	0	0.0342289	0	0	0	0.0726872
ME36464|contig-12000023	5871	0	0	0	0	0	0	0	0	0	0	0	0.0308087	0	0	0	0.0494213	0	0.0618898	0	0	0	0	0	0	0.0139989	0	0	0	0	0	0.454429	0	0	0	0	0.0365071	0	0	0	0.0362571	0	0	0	0	0	0	0	0	0	0	0	0.0278541	0.639371	0	0	0	0	0	0	0	0	0	0	0.0963058	0	0	5.34466	0.820885	0.07404	0	0	0	0	0	0	0	0	0	0	0	0	0	0	0	0	0	0	0	0	0	0	0	0.0461992	0
ME36464|contig-2311002400	5746	0	0	0	0	0	0	0	0	0.0469103	0	0	0	0	0	0.0337838	0	0.045369	0.0872926	0	0	0	0	0.0409125	0	0	0.118967	0	0	0	0.0461712	0.255255	0	0	0	0	0	0	0	0.0358753	0	0	0	0	0	0	0	0	0	0	0	0.0450113	0	0.727647	0.0357412	0	0	0	0	0	0	0	0	0	0	0	0	4.26382	0.516529	0	0	0	0	0	0	0	0	0	0	0	0.0352166	0	0	0	0	0	0	0	0	0	0	0	0	0	0
ME36464|contig-4001394	5671	0	0	0	0	0	0	0	0	0	0	0	0	0	0	0	0.0617967	0.0330342	0.131956	0	0	0	0	0	0	0.0399694	0	0	0.0910997	0.0510768	0	0.183705	0.0406767	0	0	0.0414993	0.0498953	0	0	0	0.0954191	0	0	0	0	0	0	0	0	0	0.0359931	0.124025	0	0.740846	0.0534249	0	0	0	0	0	0	0	0.0529625	0	0.071742	0	0	4.36754	0.417794	0	0	0	0	0	0	0	0	0	0.0395264	0	0	0	0	0	0.0446309	0	0	0	0	0	0	0	0	0	0
ME36464|contig-31002986	5533	0	0	0	0	0	0	0	0.0349912	0	0	0	0	0	0	0	0	0.102961	0.0441956	0	0	0	0	0	0.0825959	0.045767	0.165193	0	0.0307301	0.0371893	0	0.405083	0.0431388	0	0.0342399	0	0.0371602	0	0	0	0	0.0462981	0	0	0	0	0	0	0	0.0418541	0.0406806	0	0	0.641146	0.208897	0	0	0	0	0.0422453	0	0.029337	0	0	0	0	0.0509904	4.63957	0.49912	0	0	0	0.0503625	0	0	0	0	0	0.0380467	0	0	0	0	0	0	0	0	0	0	0	0	0	0	0	0
ME36464|contig-22000542	5425	0	0	0	0	0	0	0	0	0	0	0	0	0	0	0.0117835	0.0964579	0.124624	0.178206	0	0	0	0	0	0	0.0824804	0.0369255	0	0.0315937	0.044991	0	0.404234	0.0468594	0	0	0.0569938	0.0503496	0	0	0.0387767	0	0.04091	0	0	0	0	0	0.0347513	0.048474	0	0.0401598	0	0	0.822687	0.0346346	0	0	0	0	0	0	0	0	0	0	0	0.051693	4.48129	0.476514	0	0	0	0	0	0	0.044097	0	0	0.0318573	0	0	0	0	0	0	0	0	0	0	0	0	0	0.0410246	0	0
ME36464|contig-7002652	5398	0	0	0	0	0	0	0	0	0	0	0	0	0	0	0	0	0.0763497	0	0	0	0	0	0.0411622	0.0569697	0.0807102	0.0470137	0	0	0	0.035743	0.259839	0	0	0	0	0.0331458	0	0	0.039992	0.0404972	0.0347111	0	0	0	0	0	0	0	0	0.086581	0	0.0363162	0.648059	0.0491143	0	0	0	0	0	0	0	0	0	0.0428744	0	0.0441176	4.46419	0.549437	0.0348089	0	0	0	0	0	0	0	0	0	0	0	0	0	0	0.0428571	0	0	0	0	0	0	0	0	0	0
ME36464|contig-10000907	5381	0	0	0	0	0	0	0	0	0	0	0	0	0	0	0	0	0	0.187285	0	0	0	0	0	0	0	0	0	0	0	0	0.66492	0	0.0466008	0	0.0809881	0	0	0	0	0	0	0	0	0	0	0	0	0	0	0	0	0	0.638225	0	0	0	0	0	0	0	0	0	0	0	0	0.0584192	5.05027	0.301875	0	0	0	0	0	0	0.0455005	0	0	0	0	0	0	0	0	0	0	0	0	0	0	0	0	0	0	0
ME36464|contig-1000293	5353	0	0	0	0	0	0	0.0387345	0	0	0	0	0	0	0	0.0360689	0.0846701	0	0.0824679	0	0	0	0	0	0.0442406	0	0.175728	0	0.0397647	0	0	0.6308	0	0	0.0506997	0.0460191	0	0	0	0	0	0	0	0	0	0	0	0.0486322	0	0	0	0	0.0406965	0.619221	0.130002	0	0	0	0	0	0	0	0.0513081	0	0	0	0	5.33157	0.445954	0	0	0	0	0	0	0	0	0	0	0.0467575	0	0	0	0	0	0	0	0	0	0	0	0	0	0	0
ME36464|contig-1001484	5349	0	0	0	0	0	0	0	0	0	0	0	0	0	0	0	0	0.0415056	0.0880375	0	0	0	0	0	0	0	0	0	0	0	0	0.208274	0	0	0	0	0	0	0	0	0	0	0	0	0	0	0	0	0	0	0	0.0445795	0	0.886442	0	0	0	0	0	0	0	0	0	0	0	0	0	5.2408	0.634057	0	0	0	0.0500102	0	0	0	0	0	0	0	0	0	0	0	0	0	0	0	0	0	0	0	0	0	0
ME36464|contig-11000219	5320	0	0	0	0	0	0	0	0	0	0	0	0	0	0	0	0.034955	0.132624	0.227142	0	0	0.0540541	0	0	0.0484401	0	0	0	0	0	0	0.337413	0	0	0	0.0375154	0	0	0	0.045733	0	0.0423971	0	0.0311863	0	0	0	0	0	0.0446939	0.0471429	0	0	0.822764	0.0519427	0	0	0	0	0	0	0	0	0	0	0	0	6.05294	0.498979	0.0322976	0	0	0	0	0	0.045864	0	0	0	0	0	0	0	0	0	0	0	0	0	0	0	0	0	0	0.00245399
ME36464|contig-26000906	5290	0	0	0	0	0	0	0	0	0	0	0.044687	0	0	0	0.0340723	0.0921431	0.1007	0.168111	0	0	0	0	0	0	0.0509488	0.0816832	0	0	0.0904233	0	0.301929	0.0247951	0	0	0.0996287	0.0577002	0	0	0.0414955	0	0	0	0	0	0	0	0	0	0	0.0402464	0.0535275	0.0414274	0.652965	0	0	0.0330731	0.0880049	0	0	0	0	0	0	0	0.101562	0	4.69807	0.469803	0	0	0	0	0	0	0	0	0.0343198	0.103583	0	0.0484137	0	0	0	0	0	0	0	0	0	0	0	0	0.0436933	0
ME36464|contig-1033000905	5254	0	0	0	0	0	0	0	0	0	0.0387003	0	0	0	0.0538238	0	0.038334	0.196681	0.126351	0	0	0.0427563	0	0.045719	0	0.0430175	0.0590191	0	0.0426501	0.0519669	0	0.394748	0	0	0	0	0.0912288	0	0	0	0	0	0	0	0	0	0	0	0	0	0	0	0.0487603	0.726205	0	0	0.0455298	0	0	0	0.0540149	0.0393049	0.0409768	0	0.055141	0	0.0396266	4.6637	0.435637	0	0	0	0	0.105765	0	0	0	0	0	0	0	0	0	0	0	0	0	0	0	0	0	0	0	0	0
ME36464|contig-9002064	5247	0	0	0	0	0	0	0	0	0	0	0	0	0	0	0	0	0	0.109469	0	0	0	0	0	0	0	0	0	0	0	0	0.309795	0	0	0	0.108637	0.0470271	0	0	0	0	0	0	0	0	0	0	0	0	0	0	0	0	0.656489	0.0151547	0	0	0	0	0	0	0	0	0	0	0	0	4.89666	0.256995	0.0902677	0	0	0	0	0	0	0	0.0429193	0	0	0	0	0	0	0	0	0	0	0	0	0	0	0.0369371	0	0
ME36464|contig-19001696	5214	0	0	0	0	0	0	0	0	0	0	0	0	0	0	0	0	0.0805439	0.128458	0	0	0	0	0	0.0451112	0	0.0419111	0	0	0.0471816	0	0.427231	0	0	0	0	0.0767626	0	0	0	0	0	0	0	0	0	0	0	0	0	0	0	0	0.338388	0	0	0	0	0	0	0	0	0	0	0	0	0	4.4415	0.609349	0.043669	0.0382845	0	0	0	0	0	0	0	0	0	0.0249058	0	0	0	0	0	0	0	0	0	0	0	0	0	0
ME36464|contig-469000970	5208	0.0380117	0	0	0	0	0	0	0	0	0	0	0	0	0.0595888	0	0	0.038961	0.229962	0	0	0	0	0	0	0.0547629	0.100713	0	0	0.0386706	0	0.485386	0.12005	0	0	0.0425934	0.102757	0	0	0.0319682	0	0	0	0	0	0	0	0	0	0	0	0	0	0.754784	0	0	0	0.0519916	0	0.0438596	0	0	0.0885917	0.0415622	0	0	0	4.91192	0.690765	0	0.0867197	0	0	0	0	0	0	0	0	0	0	0	0	0	0	0	0.0425042	0	0	0	0	0	0.0330544	0	0.0489745
ME36464|contig-5001645	5205	0	0	0	0	0	0	0.048087	0	0	0	0.0402431	0	0	0	0.0367662	0	0	0.0514382	0	0	0	0	0	0	0.0474491	0.0545874	0	0	0	0.0503447	0.783581	0.0500521	0	0	0	0.0562173	0	0.0517061	0	0.110115	0.0488416	0	0	0.0557295	0	0	0	0	0	0.0321839	0.047798	0.0774369	0.526951	0.0473298	0	0	0.0570589	0	0	0	0.0470219	0	0	0.0462827	0	0	5.81516	0.443446	0	0	0	0.0450262	0	0	0	0	0.0489437	0.0500943	0	0	0	0	0	0	0	0	0	0	0	0	0	0	0	0
ME36464|contig-2875	5148	0	0	0	0	0	0	0	0	0	0	0	0	0	0	0	0	0.0366992	0.038674	0	0	0	0	0.0380365	0.04	0.058861	0.0575861	0	0	0	0	0.361522	0	0	0	0	0	0	0	0	0.0474884	0.12294	0	0	0	0	0	0	0	0	0	0	0	0.525274	0.110216	0	0	0	0	0	0	0	0	0	0	0	0	5.24576	0.270207	0	0	0	0	0	0.0505499	0	0	0	0.0566398	0	0	0	0	0	0	0	0	0	0	0	0	0	0	0.0399151	0
ME36464|contig-2236000645	5019	0	0	0	0	0	0.0465724	0	0	0	0	0	0	0	0	0.0369485	0.0431279	0.114286	0.128468	0	0	0	0	0	0	0.0432598	0.060957	0	0	0	0.0886764	0.413171	0.0583641	0	0.0968023	0.040201	0	0	0	0.0485099	0.0245172	0.0412595	0	0	0	0	0	0	0	0	0	0	0.0384365	0.640615	0.0505557	0	0	0.0397293	0	0	0.0572112	0.0430528	0	0	0.0492482	0	0	4.62819	0.382423	0	0	0	0	0	0	0	0	0	0	0	0	0	0	0	0.0551078	0	0	0	0	0	0	0	0	0	0
ME36464|contig-16002881	5001	0	0	0	0	0	0.0100503	0	0	0	0	0	0	0	0	0.0480035	0	0.0411649	0.159465	0	0	0	0	0	0	0.116034	0.0552753	0	0	0	0	0.310495	0	0	0	0.039921	0.0587208	0	0	0	0.045306	0.0767386	0	0	0	0	0	0	0	0	0.0388561	0	0	0.795697	0.253336	0	0.100895	0	0	0	0	0	0.0504477	0	0.0398162	0	0	5.34616	0.676567	0	0	0	0.0997594	0.0551543	0	0	0	0	0	0	0	0	0	0.0386885	0	0	0	0.0122726	0	0	0	0	0	0	0.010501
ME36464|contig-5002755	4997	0	0	0	0	0	0	0	0	0	0	0	0	0	0	0	0	0.0828402	0.15719	0	0	0	0	0.0845225	0.0386898	0.0524698	0.145115	0	0	0	0	0.35641	0.0571179	0	0	0	0	0	0	0.0426229	0.0462176	0.0436395	0	0	0	0	0	0	0	0	0.0550579	0.0532402	0.060659	0.45943	0.0571491	0	0.0456831	0	0	0	0	0	0	0	0	0	0.23581	3.99343	0.490055	0	0	0	0	0	0	0	0	0.0555434	0.0977427	0	0	0	0	0	0	0	0	0	0	0	0	0	0	0	0
ME36464|contig-2002000	4994	0	0	0	0	0	0	0	0	0	0	0	0	0	0	0	0	0.0868421	0.0790861	0	0	0	0	0.0452548	0.0525737	0	0	0	0.0509847	0	0	0.394886	0	0	0	0.108743	0.0437254	0	0	0	0	0	0	0	0	0	0	0	0	0	0	0	0	0.938616	0	0	0	0	0	0	0	0	0	0	0	0	0.0405702	5.16951	0.496282	0	0	0	0	0.0572117	0	0	0	0	0	0	0	0	0	0	0	0	0	0	0	0	0.0367033	0	0	0	0
ME36464|contig-6001233	4985	0	0	0	0	0	0	0.0569801	0	0	0	0	0.0602146	0	0	0	0.104016	0	0	0	0	0	0	0.0398415	0	0	0.0484262	0	0.0563473	0	0.0109481	0.521349	0.0487432	0	0	0	0.0549836	0	0	0.0508437	0.0585792	0	0.0482485	0	0	0	0	0	0	0	0.0361446	0	0.0912273	0.710796	0.212294	0	0	0.0923686	0	0	0	0.0481928	0	0	0.0610318	0	0.0525159	5.23546	0.341661	0	0	0	0	0.0630354	0	0	0	0.0409998	0	0	0	0	0	0	0	0	0	0	0	0	0	0	0	0	0
ME36464|contig-25001486	4852	0	0	0	0	0	0.0544264	0	0	0	0	0	0.0552549	0	0	0	0	0.107967	0.217687	0	0	0	0	0	0	0	0.0614512	0	0	0.113595	0	0.334687	0	0	0	0	0	0	0	0	0	0	0	0	0	0	0	0	0	0	0	0	0	0.876685	0	0	0	0	0	0	0	0	0	0	0.0502035	0	0	4.75339	0.289616	0	0	0	0	0	0	0	0	0	0	0	0	0	0	0	0	0	0	0	0	0	0	0	0	0.0514273	0
ME36464|contig-1000411	4781	0	0	0	0	0	0	0	0	0	0	0	0	0	0	0	0.0484723	0.0469289	0.151648	0	0	0	0	0	0	0	0	0	0	0	0.0529452	0.562457	0	0	0	0.0488592	0	0	0	0	0	0	0	0	0	0	0	0	0	0	0	0.0581635	0	0.635928	0	0	0	0	0	0	0	0	0	0	0.060216	0	0	5.27774	0.442533	0	0	0.0542654	0	0	0	0	0	0.0498049	0	0	0.0342923	0	0	0	0	0	0	0	0	0	0	0	0	0	0
ME36464|contig-16000791	4704	0	0	0	0	0	0	0	0	0	0	0	0	0	0	0	0.0470065	0	0.223369	0	0	0	0	0	0	0	0.062412	0	0	0	0	0.329678	0	0	0	0	0	0	0	0	0	0	0	0	0	0	0	0	0	0	0	0	0	0.855483	0	0	0	0	0	0	0	0	0	0	0	0	0	5.12184	0.448856	0	0	0	0	0	0	0	0	0	0	0	0	0	0	0	0	0	0	0	0	0	0	0	0	0	0
ME36464|contig-15000658	4668	0	0	0	0	0	0	0	0	0	0	0	0	0	0	0	0.0514151	0	0	0	0	0	0	0	0	0.0593942	0	0.042333	0	0	0	0.612706	0.0429779	0	0.15285	0	0.0590866	0	0	0	0	0	0	0.0477198	0	0	0	0	0	0.0506121	0	0	0	0.534442	0.113025	0	0	0	0	0	0	0	0	0.0595574	0	0	0	4.73538	0.420631	0	0	0	0	0	0	0	0	0.0181433	0	0	0	0	0	0	0	0	0	0	0	0	0	0	0	0	0
ME36464|contig-8000594	4639	0	0	0	0	0	0	0	0	0	0	0	0	0	0	0	0.105676	0.11843	0.199666	0	0	0.0530573	0	0.0550393	0.0644238	0	0.0605194	0	0	0.0457889	0.0528311	0.395167	0	0	0	0	0	0	0	0	0.0591156	0	0	0	0	0	0	0	0	0	0.0549893	0.0478107	0.0466272	0.577259	0	0	0	0.0637943	0	0	0	0.0573596	0	0.0504859	0	0	0	4.58157	0.550154	0	0	0	0	0	0	0	0	0	0	0	0	0	0	0	0	0	0	0	0	0	0	0	0	0.049274	0.0534569
ME36464|contig-8002002	4629	0	0	0	0	0	0	0	0	0	0	0	0	0	0	0	0	0	0.175782	0	0	0.049845	0	0	0	0	0.0668737	0	0	0	0.0505818	0.275469	0	0	0	0	0.0525065	0	0	0	0	0.0412811	0.068372	0	0	0	0	0	0	0	0	0	0	0.836368	0.0952608	0	0	0	0	0	0	0	0	0.166548	0	0	0	5.46156	0.639648	0	0	0	0	0	0	0	0	0.0478002	0.0984505	0	0	0	0	0	0	0	0	0	0	0	0	0	0	0	0
ME36464|contig-9002419	4627	0	0	0	0	0	0	0.0487515	0	0	0	0	0	0	0	0	0.0395332	0	0.221744	0	0	0.0644238	0	0.141697	0	0.104898	0	0	0	0	0	0.631029	0	0	0.0413793	0	0	0	0	0	0.0500356	0	0	0	0	0	0	0	0.0462633	0	0	0	0.00973178	0.659333	0.0729092	0	0	0.0522798	0	0.051343	0	0	0	0.0511053	0.0493209	0	0	4.6954	0.338882	0	0	0	0	0	0.0527692	0	0	0	0	0	0	0	0	0	0	0	0	0	0	0.0491529	0	0	0	0	0
ME36464|contig-11001382	4591	0	0	0	0	0	0	0	0	0	0	0.039211	0	0	0	0	0.0530867	0.0524417	0.0761629	0	0	0	0	0.0501326	0	0.0629067	0.129188	0	0	0	0	0.751018	0.0535757	0	0.0930679	0	0	0	0	0.0513313	0.0983018	0	0	0	0	0	0	0	0	0	0	0	0	0.395848	0.162701	0	0.0662029	0.0551409	0	0.0472309	0	0	0	0.0402781	0	0	0	5.25655	0.380187	0	0	0	0	0.0562635	0	0	0	0	0	0.0558095	0	0	0	0	0	0	0	0	0	0	0	0	0.0468412	0	0.0600817
ME36464|contig-7002597	4528	0	0	0	0	0	0	0	0	0	0	0	0	0	0	0	0	0	0.0827215	0	0	0	0	0	0	0	0	0	0	0	0	0.328954	0	0	0	0.131669	0	0	0	0	0	0	0	0	0	0	0	0	0	0	0	0	0	0.719719	0	0	0	0	0	0	0	0	0	0	0	0	0	5.97341	0.0243546	0	0	0	0	0	0	0	0	0	0	0	0	0	0	0	0	0	0	0	0	0	0	0	0	0	0
ME36464|contig-518	4450	0	0	0	0	0	0	0	0	0	0	0	0	0	0	0	0.0574341	0.060508	0.110279	0	0	0	0	0	0.0609695	0	0.111776	0	0.0459513	0	0	0.388393	0.0591584	0	0	0	0	0	0	0	0	0	0	0	0	0	0	0	0	0.0411911	0	0	0	1.09185	0	0	0	0	0	0	0	0	0	0	0	0.0412525	0	5.21183	0.48138	0	0	0	0	0.123196	0	0	0	0	0	0	0	0	0	0	0	0	0	0	0	0	0	0	0	0	0
ME36464|contig-4001006	4378	0	0	0	0	0	0	0	0	0	0	0	0	0	0	0	0	0.130071	0.0505589	0	0	0	0	0	0.0819338	0	0	0	0	0.0546282	0.0484848	0.294192	0.0390625	0	0	0	0.0490147	0	0	0	0	0	0	0	0	0	0	0.00378788	0	0.0598787	0.0543204	0	0.0169021	1.04726	0.102077	0	0	0	0	0	0	0	0	0	0	0	0	3.84456	0.474975	0	0	0	0	0	0	0	0	0	0	0	0	0	0	0.0533907	0	0	0	0	0	0	0	0	0	0	0.0564843
ME36464|contig-15000699	4355	0	0	0	0	0	0	0	0	0	0	0	0	0	0.052645	0.0998222	0	0	0.174802	0	0	0	0	0.0705341	0.0619401	0	0.120368	0	0	0.0468074	0	0.610871	0	0	0.108823	0.0506006	0	0	0	0	0.0560203	0	0	0	0	0	0	0	0	0	0	0	0	0.652844	0.070828	0	0	0	0	0	0	0	0	0	0	0	0	5.11943	0.31223	0	0	0	0	0	0	0	0	0	0	0.0563632	0	0	0	0.0547213	0	0	0	0	0	0	0	0	0.0557678	0	0
ME36464|contig-2001873	4339	0	0	0	0	0	0	0	0.0603648	0	0	0	0	0	0	0	0	0	0.187067	0	0	0	0	0	0	0	0	0	0.0643678	0	0	0.714869	0.108425	0	0	0.047729	0	0	0	0	0	0	0	0	0	0	0	0	0	0	0	0	0	1.28205	0.188795	0	0	0	0	0	0	0	0	0	0.0373497	0	0	5.70749	0.802145	0	0	0	0	0	0	0	0	0	0	0	0	0	0	0	0	0	0	0	0	0	0	0	0	0.0681876	0
ME36464|contig-11001883	4322	0	0	0	0	0	0	0	0	0	0	0	0.0566086	0	0	0	0.250128	0.106224	0.112371	0	0	0.0532681	0	0	0	0.0231959	0.110567	0	0	0	0	0.381916	0.047546	0	0	0	0.157099	0	0	0	0.055726	0	0	0	0	0	0	0	0	0	0	0	0	0.572667	0	0	0	0	0	0	0	0	0	0	0.0341727	0	0.10108	5.04777	0.416667	0	0	0	0	0	0	0.0625322	0	0.0577219	0	0	0.106536	0	0	0	0	0	0	0	0	0	0	0	0	0	0
ME36464|contig-4000415	4206	0	0	0	0	0	0	0	0	0	0	0	0	0	0	0	0	0.117975	0.0741233	0.0738273	0	0	0	0.0510096	0	0.0603082	0	0	0	0	0	0.546727	0	0	0.0597252	0	0	0	0	0	0	0	0	0	0	0	0	0	0	0	0	0	0	0.657383	0	0	0	0	0	0	0	0	0	0	0	0	0	5.02647	0.461945	0	0	0	0	0	0	0	0	0	0	0	0	0	0	0	0	0	0	0	0.0515135	0	0	0	0	0	0
ME36464|contig-3001501	4181	0	0	0	0	0	0	0	0.0538153	0	0.0518755	0	0	0	0	0	0.0602185	0.172938	0.120353	0	0	0	0	0	0.0570587	0	0.167692	0	0.0614852	0	0	0.406059	0.0562185	0	0	0	0	0	0	0.0667731	0	0	0	0	0	0	0	0	0	0	0	0	0.0453942	0.469717	0.0682485	0	0	0	0	0	0	0	0	0	0	0	0	5.06182	0.740889	0	0	0.0541478	0	0	0	0	0	0.0630822	0	0	0	0	0	0	0	0	0	0	0	0	0	0	0	0	0
ME36464|contig-1002581	4165	0	0	0	0	0	0	0	0	0	0	0	0	0	0	0	0	0.119539	0.185334	0	0.0619779	0	0	0.0631211	0	0.0666129	0	0	0.0614809	0	0	0.661596	0.0625832	0	0.0563719	0.0633897	0	0	0	0	0	0.06265	0	0	0	0	0	0	0	0	0.0574099	0	0.118368	0.984595	0	0	0	0	0	0	0	0	0	0	0	0	0	5.84239	0.84264	0.0682366	0	0	0	0.0549156	0.128171	0	0	0.128041	0	0	0	0	0	0	0	0	0.0709885	0	0	0	0	0.0694407	0	0.0630534	0
ME36464|contig-68002119	4120	0	0	0	0	0	0	0	0	0	0	0	0	0	0	0	0.00541712	0.0390667	0	0	0	0.0613464	0	0	0	0	0.0592713	0	0	0.0630411	0	0.472988	0	0	0	0.0636215	0.0578378	0	0	0	0	0.0636805	0	0	0	0	0	0	0	0	0	0	0.0183486	0.505645	0.0585366	0	0	0	0	0	0	0	0	0	0	0	0	5.61999	0.160357	0	0	0	0.0143631	0.0214208	0	0	0	0.0465368	0	0	0.103963	0	0	0.059556	0	0	0	0	0	0	0	0	0	0	0
ME36464|contig-308001670	4108	0	0	0	0	0	0	0	0	0	0	0	0	0	0	0.0506775	0	0	0.0600109	0	0	0	0.0676487	0	0	0	0	0	0	0	0	0.419241	0	0	0	0.0406438	0	0	0	0	0	0	0	0	0	0	0	0	0	0	0	0	0	0.597087	0	0	0	0	0	0	0	0	0.0596853	0	0.060087	0	0	4.76793	0.408573	0.0638587	0	0	0	0	0	0	0	0	0	0	0	0	0	0	0	0	0	0	0	0	0	0	0	0.0662125	0
ME36464|contig-2259002667	4108	0	0	0	0	0	0	0	0	0	0	0	0	0	0	0.0447154	0.0595109	0.0408274	0.130933	0	0	0	0.0575559	0	0	0	0	0	0	0	0	0.202168	0	0	0	0.0605565	0	0	0	0	0	0	0	0	0	0	0	0	0	0	0	0	0	0.376214	0.259108	0	0	0	0	0	0	0	0	0	0	0	0	5.3125	0.256918	0	0	0	0	0	0	0	0	0	0	0	0	0	0	0	0	0	0	0	0	0	0	0	0	0	0
ME36464|contig-1701	4102	0	0	0	0	0	0	0.0570652	0	0	0	0	0	0	0.0644809	0	0	0.25518	0.139071	0	0	0	0	0.0592896	0.0790914	0.0674863	0.0724044	0	0	0	0	0.462541	0.0501083	0	0.0567935	0	0	0	0	0	0.0755688	0	0.0692013	0	0	0	0	0	0	0	0	0	0	1.19638	0.138889	0	0	0	0	0	0	0	0.0752717	0.0467137	0	0.121872	0	4.97578	0.574457	0	0	0	0	0.060218	0	0	0	0	0.0629771	0.0517993	0	0	0	0	0	0	0	0	0	0	0	0	0.0968971	0	0.0596405
ME36464|contig-9002307	4079	0	0	0	0	0	0	0	0	0	0	0	0	0	0	0	0.0553273	0	0.139951	0	0	0	0	0	0	0.0778114	0	0	0	0	0.0663753	0.323409	0	0	0	0	0	0	0	0	0.0493322	0.0575716	0	0	0	0	0	0	0	0	0	0	0	0.412884	0.0616607	0	0.0639869	0.0428454	0	0	0	0.0573927	0	0	0.0369964	0	0.0694102	4.04054	0.277276	0	0	0	0	0	0	0	0	0.119836	0	0	0	0	0	0	0	0	0	0	0	0	0	0	0	0	0
ME36464|contig-8001051	4044	0	0	0	0	0	0	0	0	0	0	0	0	0	0	0	0.0572456	0.098892	0.137979	0	0	0	0	0	0	0.133259	0	0.050441	0	0	0.0739106	0.60866	0	0.0544199	0	0	0.303532	0	0	0	0	0	0	0	0	0	0	0	0	0	0	0.0661157	0	1.11032	0.125899	0	0	0	0	0	0	0	0	0	0	0	0	6.35868	0.353672	0	0	0	0	0	0	0	0	0	0	0	0	0	0	0	0	0	0	0	0	0	0	0	0	0	0
ME36464|contig-15002825	4034	0	0	0	0	0	0	0	0	0	0	0	0	0	0	0.0622235	0.154187	0.0738889	0.235523	0	0	0	0	0	0	0	0	0	0	0	0.0605642	0.498064	0	0	0	0	0.041782	0	0	0	0.0551876	0	0	0	0	0	0	0	0	0	0	0	0.0616022	0.369565	0	0	0	0	0	0	0	0	0	0	0	0	0	5.7421	0.485604	0	0	0	0	0	0	0.0455809	0	0	0.0633333	0	0	0	0	0	0	0	0	0	0	0	0	0	0	0	0
ME36464|contig-8000995	4004	0	0	0	0	0	0	0	0	0	0	0	0	0	0	0	0	0	0.215048	0	0	0	0	0.0707468	0.124297	0	0.146828	0	0.0567039	0	0	0.634133	0	0	0	0	0.0499442	0	0	0	0	0	0	0	0	0	0	0	0	0	0	0	0	0.850166	0.0621153	0	0	0	0	0.0742188	0	0.0265067	0	0	0	0	0	5.61381	0.350921	0	0	0	0	0	0	0	0	0	0	0	0	0	0	0	0	0	0	0	0	0	0	0	0.159116	0	0
ME36464|contig-100002380	4002	0	0	0	0	0	0	0	0	0	0	0.0501682	0	0	0	0	0	0	0.113483	0	0	0	0	0	0	0	0	0	0	0	0	0.566406	0.0634744	0	0	0	0	0	0	0	0	0	0	0	0	0	0	0	0	0	0	0	0	0.725708	0	0	0	0	0	0	0	0	0	0	0	0	0	4.48629	0.328771	0	0	0	0	0	0	0	0	0	0	0	0	0	0	0	0	0	0	0	0	0	0	0	0	0	0
ME36464|contig-13000444	3938	0	0	0	0	0	0	0	0	0	0	0	0	0	0	0	0.0535613	0.190068	0	0	0	0	0.0389016	0	0.0644699	0	0.09754	0	0	0	0	0.32358	0	0	0	0	0.055145	0	0	0	0	0	0	0	0	0	0	0	0	0	0	0	0.0593076	0.488977	0	0	0	0.213429	0	0	0	0	0	0	0	0	0	5.40541	0.401877	0	0	0	0	0	0	0	0	0	0.0439498	0	0	0	0	0	0	0	0	0	0	0	0	0	0	0	0.0795325
ME36464|contig-4001097	3903	0	0	0	0	0	0	0	0	0	0	0	0	0	0	0	0.0595683	0.270395	0.208899	0	0	0	0	0	0.141245	0	0	0	0	0	0.0571019	0.57274	0.0649871	0.0554757	0	0.0759896	0.00775194	0	0	0	0.0186086	0	0	0	0	0.0611542	0	0	0	0	0	0	0	0.467314	0.0688166	0	0	0	0	0	0	0	0	0	0	0	0	4.40748	0.452169	0	0	0	0	0	0.0668964	0	0	0	0	0	0	0	0	0	0	0	0	0	0	0	0	0	0	0	0
ME36464|contig-5000969	3879	0	0	0	0	0	0	0.0647961	0	0	0.0879375	0	0	0	0	0	0	0	0.148094	0	0	0	0	0	0	0	0	0	0	0	0	0.594048	0.065725	0	0	0.0488798	0	0	0	0.07116	0	0	0	0	0	0	0	0	0	0	0	0	0	0.803104	0	0	0	0	0	0	0	0	0	0	0.0597275	0	0.075762	4.72733	0.579693	0	0	0	0	0	0	0	0	0	0	0	0	0	0	0	0	0	0	0	0.0715324	0	0	0	0	0	0.0484198
ME36464|contig-31000243	3825	0	0	0	0	0	0	0	0	0	0	0	0	0	0	0	0.0544598	0.0831613	0	0	0	0.0811449	0	0	0	0	0	0	0	0	0	0.552392	0	0	0	0	0	0	0.0612305	0	0	0	0	0	0	0	0	0	0	0	0	0	0	0.562044	0.0662739	0	0	0.0738116	0	0	0	0	0	0	0	0	0	4.20106	0.371731	0	0	0	0	0	0	0	0	0	0	0	0	0	0	0	0	0	0	0	0	0.0719976	0.0600414	0	0	0	0
ME36464|contig-3002717	3824	0	0	0	0	0	0	0	0	0	0	0	0	0	0	0	0	0	0.124778	0	0	0	0	0.128031	0	0.0677114	0.16647	0	0	0	0	0.496477	0	0	0	0.0502661	0	0	0	0	0	0	0	0	0	0	0	0	0	0	0	0	0	0.860981	0.197407	0.0737028	0	0	0	0.0584606	0.0726044	0	0	0	0	0	0.0728614	5.99264	0.748677	0	0	0	0.0459635	0	0	0	0	0	0.0625369	0	0.140496	0	0	0	0	0	0	0.0676314	0	0	0	0	0	0	0
ME36464|contig-8001829	3818	0	0	0	0	0	0	0	0	0	0	0	0.0717647	0	0	0.15	0.0737463	0.177305	0.269846	0	0	0	0	0.186611	0.0688427	0.0589455	0.0773104	0	0.0606953	0	0	0.771471	0.0622066	0	0	0.048282	0.050618	0	0.0746313	0	0	0.0475911	0	0	0	0	0	0	0	0	0	0	0	1.00205	0.156139	0	0	0	0	0.0782813	0	0	0	0	0.0811688	0	0	6.05516	0.565371	0	0	0	0	0	0	0	0	0	0	0	0	0	0	0	0.0637168	0	0	0	0	0	0	0	0	0.083432	0
ME36464|contig-16002228	3818	0	0	0	0	0	0	0	0	0	0	0	0	0	0	0	0	0	0.114633	0	0	0	0	0	0.0599407	0	0.14218	0	0	0	0	0.200882	0.0736502	0	0	0	0	0	0	0	0	0	0	0	0	0	0	0	0	0	0.0565038	0	0.0658049	0.469865	0.121901	0	0	0	0	0	0	0	0	0	0	0	0	4.43982	0.298587	0	0	0	0	0	0	0	0	0	0	0	0	0	0	0	0	0	0	0	0	0	0	0	0	0	0
ME36464|contig-548002987	3730	0	0	0	0	0	0	0	0.0819123	0	0	0	0	0	0	0.0320048	0.11811	0.131371	0.438869	0	0	0	0	0.0742092	0	0	0.0757299	0	0	0	0	0.412138	0	0	0	0.126217	0.0622356	0	0	0	0.0683735	0	0	0	0	0	0	0	0	0	0	0	0	0.533333	0.0809091	0	0.142684	0	0	0	0.0643894	0	0	0	0	0	0	5.05512	0.604897	0	0	0	0.15303	0	0	0	0	0	0.109223	0	0.0795386	0	0	0.0578087	0	0	0	0	0	0	0	0	0	0.0692588	0.0587879
ME36464|contig-3001380	3620	0	0	0	0	0	0	0	0	0	0	0	0	0	0	0.072767	0	0	0	0	0	0.0414573	0	0.12618	0	0	0.0890497	0	0.0181477	0	0	0.882261	0.0339564	0.0650814	0.0659787	0	0	0	0	0	0	0	0	0	0	0	0	0	0	0	0	0	0	0.589752	0.0978056	0	0	0	0	0	0	0	0	0	0.0636364	0	0	4.54825	0	0	0	0	0	0	0	0	0	0.0553817	0	0	0	0	0	0	0	0	0	0	0	0	0	0	0	0	0
ME36464|contig-8000477	3616	0	0	0	0	0	0	0	0	0	0	0.0672533	0	0	0	0.0806754	0	0.0722816	0.00850662	0	0	0	0	0	0	0.0510397	0	0	0.0673559	0	0	0.364916	0	0	0	0	0.139237	0	0	0	0	0	0	0	0	0	0	0	0	0	0	0	0	0.564988	0.079096	0	0	0	0	0	0	0	0	0	0	0	0.00282841	6.11324	0.361929	0	0	0	0	0	0	0	0	0.0679825	0.140163	0	0	0	0	0	0	0	0	0	0	0	0	0	0.127666	0	0
ME36464|contig-73001128	3567	0	0	0	0	0	0	0	0	0	0	0	0	0	0	0	0.0627588	0.0660709	0.05824	0	0	0	0	0	0	0.064	0.09024	0	0	0.077951	0.0720864	0.656399	0.0547989	0.0629971	0	0.06464	0	0	0.0643517	0	0	0	0	0	0	0	0	0	0	0	0	0	0	0.84149	0	0	0	0.0699904	0	0	0	0	0	0	0	0	0	4.15355	0.468998	0	0	0	0	0	0	0	0	0	0	0	0	0	0	0	0	0	0	0	0	0	0	0.0767	0	0	0
ME36464|contig-31002825	3461	0	0	0	0	0	0	0	0	0	0	0	0	0	0	0	0	0	0.413713	0	0	0	0	0	0	0	0	0	0	0	0	0.474532	0	0.0721106	0.0694307	0	0	0	0	0	0.213373	0.147358	0.0762852	0	0	0	0	0	0	0	0	0	0	0.31983	0.228307	0	0	0	0	0	0	0	0	0	0	0	0	4.97527	0.601514	0	0	0	0	0	0	0	0	0	0	0	0	0	0	0	0	0	0	0	0	0	0	0.0764097	0	0.0820377	0
ME36464|contig-5001906	3396	0	0	0	0	0	0	0	0	0	0	0	0	0	0	0	0	0	0.282668	0	0	0	0	0.0335139	0.0695387	0	0.0819228	0	0	0	0	0.769644	0.0770261	0	0	0	0.0735887	0	0	0	0	0	0	0	0	0	0	0	0	0	0	0	0.0596915	0.830441	0.0809171	0	0	0	0	0	0.0813719	0	0	0.0295699	0	0	0.150574	4.71024	0.552118	0.087938	0	0	0	0	0	0	0	0	0	0	0.135135	0	0	0	0	0	0	0	0	0	0	0.069236	0	0	0
ME36464|contig-88001479	3384	0	0	0	0	0	0	0	0	0	0	0.0755932	0	0	0	0	0.166441	0	0.329028	0	0	0	0	0	0	0	0	0	0	0	0	0.325691	0	0	0.0715733	0.07138	0	0	0	0.076975	0.0252186	0	0	0	0	0	0	0	0	0	0	0	0	0.666555	0	0	0	0.0607604	0	0	0	0.0755735	0	0	0	0	0.157966	5.39953	0.377785	0	0	0	0	0	0	0	0	0	0.0766102	0	0	0	0	0	0	0	0	0	0	0	0	0	0	0	0
ME36464|contig-6000189	3361	0	0	0	0	0	0	0	0	0	0	0	0.0873259	0	0	0	0.0579611	0	0.0729702	0	0	0.0499145	0	0	0.0971507	0	0	0	0.0885257	0	0.071016	0.574244	0	0	0	0.0829051	0	0	0	0	0	0	0.0734134	0	0	0	0	0	0	0	0	0	0.0804208	0.768322	0.25725	0	0	0	0	0	0	0	0	0	0.0713067	0	0.0809703	4.61746	0.223886	0	0	0	0	0	0	0	0	0.0684372	0	0.0772122	0	0	0	0	0	0	0	0	0	0	0.0750771	0	0	0	0
ME36464|contig-7001279	3284	0	0	0	0	0	0	0	0	0	0	0	0	0.0754916	0	0	0	0	0	0	0	0	0	0	0	0.0577058	0	0	0	0	0	0.4515	0	0	0	0.075651	0	0	0	0	0	0	0	0	0	0	0	0	0	0	0	0	0	0.309639	0	0	0	0	0.0873072	0	0	0	0	0	0	0	0	4.27661	0.179595	0	0	0	0	0	0	0	0	0	0	0	0	0	0	0	0	0	0	0	0	0	0	0	0.089986	0	0
ME36464|contig-3000750	3278	0	0	0	0	0	0.0739313	0.0777311	0	0	0	0	0.0811189	0	0	0	0.0954386	0.145218	0.309238	0	0	0	0	0.0835684	0	0	0.0874471	0	0.147863	0	0	0.204196	0.0714784	0	0	0	0	0	0	0	0.0693863	0.0635475	0	0	0	0	0	0	0	0	0	0	0	0.322794	0.0660112	0	0	0	0	0.0794262	0	0	0.10014	0	0	0	0	4.95965	0.661064	0	0	0	0	0.0699227	0	0	0	0.076384	0.154008	0	0	0	0	0	0	0	0	0	0	0	0	0	0	0	0
ME36464|contig-13000521	3175	0	0	0	0	0	0	0	0	0	0	0	0	0	0	0	0.0804514	0.242247	0.173802	0	0	0	0.0940359	0.184047	0	0	0.0885474	0	0	0.0599782	0.0881393	0.535365	0	0	0	0.107574	0	0	0.0775391	0	0.0755877	0.0785947	0.0993038	0	0	0	0	0	0	0	0	0	0.0905469	0.830991	0	0	0	0	0	0	0	0	0	0	0	0	0	5.6771	0.470759	0	0	0	0	0	0	0	0	0	0	0	0	0	0	0	0	0	0	0	0	0	0	0	0	0	0.087796
ME36464|contig-21000114	3131	0	0	0	0	0	0	0	0	0	0	0	0	0	0	0	0	0	0.219412	0	0	0	0	0	0	0	0.139085	0	0	0.0879202	0	0.483597	0	0	0	0.0873931	0.0877905	0	0	0	0.091878	0	0	0	0	0	0	0	0	0	0	0.0721384	0	0.676675	0.0314698	0	0	0	0	0	0	0	0	0	0	0	0.074898	4.58491	0.416759	0.0580836	0	0	0	0	0	0	0	0	0	0	0	0	0	0	0	0	0	0	0	0	0	0	0	0	0
ME36464|contig-4000970	3090	0	0	0	0	0	0	0	0	0	0	0	0	0.0742276	0	0	0	0	0.181269	0	0	0	0	0	0	0	0	0	0.0742686	0	0	1.44686	0	0.0633909	0	0.240181	0.0625468	0	0.093163	0	0	0	0	0	0	0	0	0	0	0	0	0	0	0.80855	0.0864662	0	0	0	0	0	0	0.093633	0	0	0	0.0427928	0	5.70286	0.6503	0	0	0	0	0	0	0	0.0895802	0	0	0	0	0	0	0	0	0	0	0	0	0	0	0	0	0	0
ME36464|contig-4000710	3042	0	0	0	0	0	0	0	0	0	0	0	0	0	0	0	0.0623565	0.0970092	0.169615	0	0	0	0	0.0638462	0	0	0	0	0	0	0	0.476372	0	0	0	0.101923	0	0	0	0	0	0.0833333	0	0	0	0	0	0	0	0	0	0	0.161339	1.34557	0.534074	0	0	0	0	0	0	0	0	0.0850496	0	0	0	5.78845	0.505343	0	0	0	0	0	0	0	0	0	0.086273	0	0	0	0	0	0	0	0	0	0	0	0	0	0	0	0
ME36464|contig-8002266	3034	0	0	0	0	0	0	0	0	0	0	0.0857692	0	0	0	0	0.238296	0	0	0	0	0.0604311	0	0.0972222	0	0	0.060571	0	0	0	0	0.48815	0	0	0	0.144676	0	0	0	0.0788668	0	0.0767176	0	0	0	0	0	0	0	0	0	0	0	0.777145	0.1851	0	0	0	0	0	0	0	0	0	0.101382	0	0	5.3987	0.102603	0	0	0	0	0	0	0	0	0	0	0	0.10662	0	0	0	0	0	0	0	0	0	0	0	0	0	0
ME36464|contig-9000567	3014	0	0	0	0	0	0	0	0	0	0	0.105814	0	0	0	0	0.0812065	0.0817829	0	0	0	0	0	0	0	0	0	0	0	0	0	0.421032	0	0	0	0.106143	0	0	0	0	0	0	0	0	0	0	0	0	0	0	0	0	0.095	1.20505	0.0882353	0	0	0	0	0	0	0	0	0.0790285	0	0	0	5.33797	0.428241	0	0	0	0	0	0	0	0	0.0664093	0.0829457	0	0	0	0	0	0	0	0	0	0	0	0	0	0	0	0
ME36464|contig-5000940	2997	0	0	0	0	0	0	0	0	0	0	0	0	0	0	0	0	0	0.166341	0	0	0	0	0	0	0	0	0	0	0	0	0.533152	0	0	0	0	0	0	0	0	0	0	0	0	0	0	0	0	0	0	0.112146	0	0.0801394	0.438583	0.239579	0	0.0353398	0	0	0.0958479	0	0	0	0	0	0	0.0807647	5.99494	0.63301	0	0	0	0	0	0	0	0	0	0	0	0	0	0	0	0	0	0	0	0	0	0	0	0	0	0
ME36464|contig-25002355	2926	0	0	0	0	0	0	0	0	0	0	0	0	0	0	0.073764	0	0	0.0986312	0	0	0	0	0	0	0	0	0	0	0	0	0.766348	0	0	0	0	0	0	0	0	0.0727345	0	0	0.0967357	0	0	0	0	0	0.0762171	0	0	0.0955414	0.958432	0	0	0	0	0	0	0	0	0	0.0830008	0	0	0.0770466	4.7454	0.316693	0	0	0	0	0	0	0	0	0	0	0	0	0	0	0	0	0	0	0	0	0	0	0	0	0	0
ME36464|contig-17002359	2908	0	0	0	0	0	0	0	0	0	0	0	0	0	0	0	0	0	0.068532	0	0	0	0	0	0	0	0	0	0	0	0	0.363454	0	0	0	0	0.0992765	0	0	0	0	0	0	0	0	0	0	0	0	0	0	0	0	1.07576	0	0	0	0.0785425	0	0	0.0221239	0	0	0	0	0	0	4.76895	0.362027	0	0	0	0	0	0	0	0	0	0.0949879	0	0	0	0	0	0	0	0	0	0	0	0	0	0	0	0
ME36464|contig-27002110	2906	0	0	0	0	0	0	0	0	0	0.00483092	0	0	0	0	0	0	0.0711974	0.0811688	0	0	0.0862348	0	0	0	0	0.0819805	0	0	0	0	0.303859	0	0	0	0	0	0	0	0	0	0	0	0	0	0	0	0	0	0	0	0	0.0710273	0.437749	0	0	0	0	0	0	0	0	0	0	0	0	0	4.76876	0.338567	0	0	0	0	0	0.0872888	0	0	0	0	0	0	0	0	0	0	0	0	0	0	0	0	0	0	0	0
ME36464|contig-136002887	2904	0	0	0	0	0	0	0	0	0	0	0.104453	0	0	0	0	0	0.097166	0	0	0	0	0.115353	0	0	0	0	0	0	0.0987903	0.0788415	0.350764	0	0	0	0	0	0	0	0	0	0	0	0	0	0	0	0	0	0	0	0	0	0.635783	0	0	0	0	0	0	0	0	0	0	0	0	0	4.82795	0.704674	0	0	0	0	0	0	0	0	0	0.174494	0	0	0	0	0	0	0	0	0	0	0	0	0	0	0	0
ME36464|contig-14001813	2900	0	0	0	0	0	0	0	0	0	0	0	0	0	0	0	0	0.0665045	0.0878763	0	0	0.107955	0.0699756	0	0.0929853	0	0.0895037	0.0833333	0	0	0	0.591458	0	0	0	0	0.0794355	0	0	0	0	0.179002	0	0	0	0	0	0	0	0	0.158468	0	0	0.89	0.242915	0	0	0	0	0	0.0387409	0	0	0	0.0931174	0	0	5.3924	0.794189	0	0	0	0	0	0	0	0	0	0	0	0	0	0	0.101455	0	0	0	0	0	0	0	0	0	0.104793	0
ME36464|contig-16001310	2846	0	0	0	0	0	0	0	0	0	0	0.0970149	0	0	0	0	0	0	0	0	0	0	0	0	0	0	0	0	0	0	0	0.530066	0	0	0	0	0	0	0	0	0	0	0	0	0	0	0	0	0	0	0	0	0	0.577678	0	0	0	0	0	0	0	0	0	0	0	0	0	4.22498	0	0	0	0.069594	0	0	0	0	0	0	0	0	0	0	0	0	0	0	0	0	0	0	0	0	0	0	0
ME36464|contig-8002863	2763	0	0	0	0	0	0	0	0.0763919	0	0	0	0	0	0	0.0771855	0	0.0893087	0.149935	0	0.103941	0	0	0.0775528	0.100216	0	0.101249	0	0	0	0	0.681023	0	0	0	0	0	0	0	0	0.0900977	0	0	0	0	0	0	0	0	0	0	0	0.108557	0.578079	0	0	0	0	0	0	0.0721914	0	0	0	0	0	0	3.74647	0.556173	0	0	0	0	0	0	0	0	0	0	0	0	0	0	0	0	0	0	0	0	0	0	0	0.104069	0	0.187312
ME36464|contig-81002273	2751	0	0	0	0	0	0	0	0	0	0	0	0	0	0	0.0977282	0	0.105309	0	0	0	0	0	0	0	0	0	0.0890792	0	0	0	0.492928	0	0	0.0944611	0.0775227	0	0	0.0740422	0	0	0	0	0	0	0	0	0	0.0743908	0	0	0	0.0727428	0.291791	0.082723	0	0	0	0	0	0	0	0	0	0	0	0	4.28584	0.370545	0	0	0	0	0	0	0	0	0.0911044	0.18429	0	0	0	0	0	0	0	0	0	0	0	0	0	0	0.0929529	0
ME36464|contig-4001658	2714	0	0	0	0	0	0	0	0	0	0	0.097807	0	0	0	0	0	0	0.183539	0	0	0	0	0.0972711	0	0	0.12368	0	0	0	0	0.573171	0	0	0	0.0950704	0.170009	0	0	0	0	0	0	0	0	0	0	0	0	0.0645161	0	0	0	0.685393	0.0722417	0	0	0	0	0	0	0	0	0	0	0	0	5.54724	0.42103	0	0	0	0	0	0	0	0	0	0	0	0.0917471	0	0	0	0	0	0	0	0	0	0	0	0.0931759	0	0
ME36464|contig-15000593	2693	0	0	0	0	0	0	0	0	0	0	0	0	0	0	0.072967	0	0	0	0	0	0	0	0	0	0	0.102621	0	0	0	0	0.336703	0.0981165	0	0	0	0	0	0	0	0.154621	0	0	0	0	0	0	0	0	0	0	0	0	0.590057	0	0	0.0819022	0.0838137	0	0	0	0	0	0	0	0.090869	0	4.41766	0.40775	0	0	0	0	0	0	0	0	0	0	0	0	0.10545	0	0	0	0	0	0	0	0	0	0	0.0777042	0	0
ME36464|contig-11001903	2669	0	0	0	0	0	0	0.103694	0	0	0	0	0	0	0	0.0932919	0	0	0.0480467	0	0	0	0	0.117647	0.118415	0	0.1163	0	0.104232	0	0	0.382941	0	0	0	0.105074	0	0	0	0	0	0	0	0	0	0.108937	0	0	0	0	0	0	0.102882	0.404143	0.209469	0	0	0	0	0.116941	0.0778816	0	0	0	0	0	0.068009	4.87149	0.404539	0	0	0	0	0	0	0	0	0.0846325	0.121253	0	0	0	0	0	0	0	0	0	0	0	0	0	0.0954931	0	0
ME36464|contig-2000915	2618	0	0	0	0	0	0	0	0	0	0	0	0	0	0	0	0.121461	0	0.0767463	0	0	0.100825	0	0.174632	0	0.0992647	0	0	0	0	0	0.606818	0	0	0.112477	0.0919118	0.120564	0	0	0	0	0	0	0	0	0	0	0	0	0	0	0	0	0.397656	0.184644	0	0.0673953	0	0	0	0	0	0.0919854	0	0	0	0	6.03699	0.439891	0	0	0	0	0	0	0	0	0	0.0938645	0	0.0861595	0	0	0	0	0	0	0	0	0	0	0	0	0	0
ME36464|contig-8002545	2551	0	0	0	0	0	0	0	0	0	0	0	0	0	0	0	0	0	0.322902	0	0	0	0	0	0	0	0	0	0	0	0	0.378809	0	0	0	0	0	0	0	0	0	0	0	0	0	0	0	0	0	0	0	0	0.201685	0.492794	0.206035	0	0	0	0	0	0	0	0	0	0	0	0	4.07772	0.275716	0	0	0	0	0	0	0	0	0	0	0	0	0	0	0	0	0	0	0	0	0	0	0	0	0	0.0834512
ME36464|contig-4000926	2508	0	0	0	0	0	0.0954894	0	0	0	0	0	0	0	0	0	0	0.063163	0.339787	0	0	0	0	0	0	0	0.128267	0	0	0	0	0.178947	0	0	0	0	0	0	0	0	0	0	0	0	0	0	0	0	0	0	0	0	0.0845272	0.820209	0	0	0	0	0	0	0	0.0737548	0	0	0	0	0.112343	5.27548	0.674497	0.124038	0	0	0	0	0	0	0	0.106526	0	0	0	0	0	0	0	0	0	0	0	0	0	0.107632	0.00384615	0	0
