	ME_epi	ME_epi	ME_epi	ME_epi	ME_epi	ME_epi	ME_epi	ME_epi	ME_epi	ME_epi	ME_epi	ME_epi	ME_epi	ME_epi	ME_epi	ME_epi	ME_epi	ME_epi	ME_epi	ME_epi	ME_epi	TB_epi	ME_epi	ME_epi	ME_epi	TB_epi	TB_epi	TB_epi	TB_epi	TB_epi	TB_epi	TB_epi	TB_epi	TB_epi	TB_epi	TB_epi	TB_epi	TB_epi	TB_epi	TB_epi	TB_epi	TB_epi	TB_epi	TB_epi	TB_epi	TB_epi	TB_epi	TB_epi	TB_epi	TB_epi	TB_epi	TB_epi	TB_epi	TB_epi	TB_epi	TB_epi	TB_epi	TB_epi	TB_epi	TB_epi	TB_epi	TB_epi	TB_epi	TB_epi	TB_epi	TB_epi	TB_epi	ME_epi	ME_epi	ME_epi	ME_epi	ME_epi	ME_epi	ME_epi	ME_epi	ME_epi	ME_epi	ME_epi	ME_epi	ME_epi	ME_epi	ME_epi	ME_epi	ME_epi	ME_epi	ME_epi	ME_epi	ME_epi	ME_epi	ME_epi	ME_epi	ME_epi	ME_epi	ME_epi	ME_epi	ME_epi	ME_epi	ME_epi	ME_epi	ME_epi	ME_epi	ME_epi	ME_epi	ME_epi	ME_epi	ME_epi	ME_epi	ME_epi	ME_epi	ME_epi	ME_epi	ME_epi	ME_epi	ME_epi	ME_epi	ME_epi	ME_epi	ME_epi	ME_epi	ME_epi	ME_epi	ME_epi	ME_epi	ME_epi	ME_epi	ME_epi	ME_epi	ME_epi	ME_epi	ME_epi	ME_epi	ME_epi	ME_epi	ME_epi	ME_epi	ME_epi	ME_epi	ME_epi	ME_epi
4-hydroxybutyryl-CoA-synthetase	1	2	5	2	3	1	1	7	1	1	1	6	1	0	1	0	1	0	2	1	6	3	6	12	6	0	5	0	2	4	1	4	7	2	8	5	2	0	3	3	0	4	4	0	14	1	4	0	2	1	0	1	0	2	2	1	0	0	1	2	5	0	6	1	2	3	8	2	5	2	3	4	11	8	4	11	2	1	3	8	2	7	1	5	1	4	3	1	3	2	5	2	5	5	3	4	5	2	0	3	4	7	0	6	3	1	2	1	5	3	1	4	1	3	2	4	1	6	1	3	2	8	1	0	0	5	1	3	1	0	5	0	0	0	2	3	4	0	2
aclA_alignment-sample1	0	3	1	2	6	2	2	3	4	0	3	7	2	5	2	4	2	2	1	1	22	19	46	12	46	0	9	4	7	4	2	16	22	11	9	8	3	6	15	5	0	8	10	5	24	3	6	0	10	7	0	5	2	6	8	3	1	0	6	10	10	6	17	7	5	9	28	0	3	1	2	4	4	11	5	3	1	6	3	8	3	6	1	1	1	9	7	1	2	2	2	2	4	8	6	3	5	2	3	7	5	3	0	4	10	2	4	3	6	1	6	12	1	5	3	7	2	7	1	3	6	4	1	2	3	3	5	4	4	1	4	1	2	0	4	3	3	7	4
aclB_alignment-sample1	0	1	0	1	1	1	3	1	0	1	3	2	1	5	0	0	2	0	0	3	5	4	8	9	8	0	3	0	0	0	1	3	4	4	2	0	1	2	7	3	0	4	7	2	7	4	2	0	4	3	0	1	0	2	3	2	0	2	3	2	5	4	10	0	5	5	7	1	0	1	2	1	0	4	1	1	1	1	7	4	2	3	1	0	3	4	1	0	0	2	1	0	2	1	1	1	1	1	0	3	0	3	0	0	3	0	0	1	1	1	2	5	2	1	0	5	5	1	0	2	2	4	2	5	2	1	1	0	0	0	1	0	1	0	2	0	0	2	1
TIGR02061-sample1	0	1	2	4	3	0	0	0	1	0	0	2	4	2	1	1	0	1	1	0	24	4	75	3	75	0	17	11	3	5	2	7	8	2	4	2	2	2	4	6	0	5	2	2	14	1	6	0	6	1	0	1	1	2	3	1	0	1	2	11	3	2	34	4	6	7	17	1	1	6	0	5	1	5	1	4	3	2	5	7	0	6	4	4	0	2	4	5	3	5	3	2	4	0	5	13	2	4	4	5	0	2	0	6	11	5	3	4	1	2	4	2	2	2	1	1	0	2	3	3	2	2	3	5	3	1	3	4	2	4	3	1	0	0	1	4	1	2	7
TIGR02689-sample1	0	1	1	0	1	0	0	0	0	0	0	0	0	1	0	0	0	0	1	1	0	0	2	3	2	0	1	0	0	1	0	0	0	0	0	0	0	0	0	1	0	0	4	0	1	1	1	0	1	0	0	0	0	0	0	0	0	0	0	0	0	1	1	0	1	1	5	0	0	0	0	1	0	0	0	0	1	1	0	0	1	1	0	0	0	0	0	0	1	0	1	0	0	2	1	0	2	0	0	3	2	0	0	0	0	0	2	0	0	0	0	1	0	1	0	2	0	3	0	2	1	0	0	0	0	0	0	0	0	1	2	0	2	0	0	1	0	0	0
TIGR02693-sample1	5	1	6	2	7	3	7	6	0	1	4	10	6	15	0	2	7	3	2	4	27	14	9	13	9	1	4	6	2	11	7	4	3	3	4	8	0	5	2	1	1	15	11	2	12	3	2	0	2	4	0	1	2	0	4	0	2	0	0	4	4	5	11	4	6	10	5	17	21	18	5	4	7	2	6	9	34	8	8	6	6	10	5	5	0	21	12	3	4	4	3	4	5	9	4	4	3	2	13	11	21	26	0	4	11	4	6	3	11	7	8	4	5	18	9	4	8	6	9	6	8	4	7	12	1	7	7	10	9	7	13	1	9	1	5	6	5	3	8
TIGR02694-sample1	1	0	2	0	0	0	1	0	0	0	0	0	0	0	0	0	0	0	0	0	1	1	0	0	0	0	1	1	0	3	0	0	0	0	0	0	0	0	0	0	0	2	0	0	1	1	1	0	0	0	0	0	0	1	0	0	0	0	0	1	1	1	1	0	0	0	3	0	0	4	1	0	0	2	3	4	4	0	2	2	1	9	1	0	0	0	0	0	0	1	0	2	0	1	2	1	2	0	0	1	0	0	0	0	0	0	0	1	1	2	3	0	0	1	0	0	1	1	2	0	2	2	0	1	1	3	1	0	5	0	1	0	0	0	0	0	4	0	2
TIGR02691-sample1	0	0	0	0	0	0	0	0	0	0	0	0	0	0	0	0	1	0	0	0	2	0	0	1	0	0	0	0	1	0	0	0	0	1	0	0	1	0	0	0	0	1	0	0	5	1	0	0	0	2	0	0	0	0	0	0	0	0	0	0	0	0	0	0	0	0	0	0	0	0	0	0	0	1	0	0	0	0	0	1	1	0	0	0	0	1	0	0	0	2	0	1	0	0	0	0	1	0	0	0	0	1	0	0	0	0	0	0	0	2	0	0	1	0	0	0	2	0	0	0	0	0	1	0	0	0	1	0	0	0	1	0	0	0	0	1	0	0	0
TIGR02910-sample1	0	0	1	1	1	2	0	1	0	0	0	2	2	2	2	0	0	2	0	2	3	4	1	0	1	0	0	0	0	0	0	0	0	0	2	5	0	1	2	1	0	0	1	1	2	1	0	0	1	0	0	3	0	1	0	0	0	0	0	0	1	0	3	0	0	0	2	0	0	3	1	1	3	1	0	1	2	2	0	2	0	3	0	0	0	1	0	1	0	0	1	1	1	0	0	1	0	0	0	3	2	2	0	1	0	1	1	1	0	0	0	0	0	1	0	0	2	3	0	0	0	1	1	0	1	0	1	0	1	0	1	0	0	0	0	1	0	2	1
TIGR02911-sample1	0	0	4	1	0	0	4	0	0	0	1	0	1	1	0	1	3	1	4	0	4	5	17	3	17	0	4	1	0	1	2	5	0	1	0	1	0	1	2	5	0	2	0	3	2	3	5	0	1	5	0	1	0	1	0	0	0	0	3	4	4	3	6	0	3	3	2	0	2	4	1	1	1	3	0	4	2	1	2	1	2	0	1	0	1	1	2	1	5	3	2	1	0	1	1	2	0	1	2	3	2	3	0	1	4	2	5	4	0	0	3	6	0	8	1	3	0	6	1	3	0	2	1	2	2	1	0	2	0	3	0	1	0	0	0	2	1	5	0
TIGR00014-sample1	0	0	1	0	1	0	0	0	0	0	0	0	0	1	0	2	0	0	1	1	1	0	0	0	0	0	0	0	0	1	0	0	0	0	0	1	0	0	8	1	0	3	0	0	0	0	0	0	2	1	0	0	0	0	0	0	0	1	0	0	0	0	0	0	0	1	1	0	0	1	0	1	1	3	0	0	0	0	0	0	0	0	0	1	0	0	0	1	0	0	0	1	3	0	0	0	1	1	1	1	1	0	0	3	2	1	0	0	0	0	0	1	0	2	0	1	0	0	1	1	0	0	0	0	1	0	0	0	0	1	0	0	0	0	0	0	0	0	1
TIGR02912-sample1	2	2	1	1	0	2	1	5	6	0	1	3	1	8	0	2	0	2	2	0	13	5	29	5	29	0	15	0	0	1	4	5	5	2	1	3	0	1	2	3	0	8	4	1	8	4	4	0	5	2	0	2	4	3	5	1	0	0	2	5	6	0	9	0	2	0	6	5	6	6	1	4	9	8	2	12	10	4	2	12	0	6	3	1	3	7	2	3	3	2	3	5	3	5	6	4	3	2	7	14	6	14	0	3	1	1	2	3	3	3	4	3	0	5	2	6	1	10	4	5	5	11	1	7	3	7	2	2	1	3	6	0	8	0	4	7	6	2	5
TIGR02416-sample1	6	7	18	10	13	6	12	10	4	8	9	7	11	22	9	8	6	5	12	15	49	15	92	25	92	2	45	20	17	27	14	62	20	37	28	8	24	25	78	18	8	91	88	13	74	26	28	0	20	27	0	15	14	32	31	5	5	2	22	13	78	9	85	14	33	40	36	11	11	17	9	10	14	18	20	25	7	10	16	24	13	13	8	9	9	17	14	8	13	18	8	19	23	7	14	17	20	11	23	30	9	17	0	18	21	13	15	13	8	13	9	20	8	25	6	23	6	30	9	18	18	19	5	11	9	10	13	6	16	4	8	2	15	0	5	8	13	17	10
coxM_alignment-sample1	1	1	0	1	4	0	5	0	0	0	0	0	0	1	0	2	1	1	2	2	1	3	3	3	3	0	3	2	0	0	0	2	1	1	0	1	1	0	0	0	0	1	3	0	11	1	1	0	0	0	0	0	2	0	0	0	0	0	1	0	0	0	3	1	0	0	2	0	0	3	0	3	0	1	1	2	1	0	1	1	1	2	0	1	0	1	2	0	4	0	1	0	0	1	0	1	1	1	2	1	2	2	0	0	2	3	0	0	1	1	1	2	2	1	0	1	1	1	0	1	1	1	0	1	1	0	7	1	0	2	0	0	1	1	2	0	0	2	0
coxS_alignment-sample1	6	11	13	4	16	11	33	13	6	7	14	15	5	21	10	12	13	3	6	19	133	17	270	23	270	11	167	33	32	71	62	197	68	90	69	34	34	44	174	82	8	145	126	24	161	45	74	3	85	67	0	19	23	82	70	26	7	12	109	63	278	27	216	40	112	67	90	7	30	21	12	15	35	16	12	26	47	17	15	43	7	28	7	16	13	28	23	22	13	13	22	29	18	15	21	18	15	6	28	36	34	31	0	21	31	48	13	20	18	14	7	19	17	34	10	35	15	55	22	16	29	19	5	27	10	26	8	5	34	9	23	0	23	3	3	27	26	16	12
TIGR00780-sample1	12	12	65	37	34	30	80	25	13	14	35	52	12	26	19	19	25	17	29	37	200	73	401	143	401	13	215	40	25	104	61	218	128	97	109	91	51	35	200	120	6	165	207	49	269	64	115	2	91	106	0	43	34	92	100	31	12	16	161	96	432	28	235	29	127	165	139	28	42	98	52	33	130	88	59	65	64	50	59	122	26	84	44	49	42	46	58	47	32	44	46	32	75	71	66	71	52	69	69	100	32	78	0	69	72	62	28	52	77	40	38	62	30	60	25	114	26	87	26	51	34	48	7	32	23	55	26	35	26	30	38	11	11	4	65	51	21	34	57
TIGR00781-sample1	14	23	80	23	46	38	73	58	15	11	34	76	13	30	16	29	21	11	18	37	472	88	791	115	791	6	327	47	35	99	75	322	134	134	110	104	61	59	291	184	8	235	217	67	343	61	228	4	139	132	0	68	75	134	120	32	18	27	184	166	653	30	464	60	137	179	180	23	42	77	51	45	133	78	58	60	69	37	39	152	26	144	41	33	27	62	51	44	49	78	50	29	62	59	70	91	44	61	77	97	29	56	0	82	84	67	34	65	64	63	48	52	46	66	32	114	45	100	41	62	31	32	16	32	41	35	32	50	18	33	31	12	9	3	84	39	21	37	44
TIGR00782-sample1	4	4	4	2	2	0	2	5	1	1	3	2	5	2	0	7	0	0	0	2	5	2	21	2	21	0	10	1	7	1	12	5	2	5	4	2	2	6	5	3	0	9	3	5	17	2	6	0	11	5	0	3	1	1	2	0	0	0	2	1	16	1	9	1	5	4	3	0	1	3	0	4	0	4	1	3	0	3	0	5	2	3	5	2	1	4	2	2	1	2	4	1	5	2	2	3	0	1	2	6	1	5	0	8	5	2	1	3	3	3	1	2	2	6	2	2	3	1	0	0	0	2	2	1	1	0	4	0	1	0	0	1	1	0	1	0	3	0	0
PF06778_seed-sample1	0	1	3	0	0	1	2	6	1	0	1	3	0	4	2	0	1	1	0	0	4	2	3	1	3	0	1	1	1	0	0	0	1	0	2	0	1	1	0	1	0	0	0	0	2	0	0	0	1	2	0	1	0	0	0	1	0	0	0	0	0	0	3	0	0	0	0	1	1	7	3	2	0	3	0	2	1	0	0	0	0	3	0	1	0	1	0	1	1	2	2	3	29	0	1	30	21	1	2	4	4	3	0	41	1	4	4	2	1	0	0	3	1	6	0	3	1	5	0	4	1	0	1	1	3	3	2	0	0	2	0	0	0	0	2	0	0	0	0
TIGR01702-sample1	3	0	1	2	0	1	1	4	1	1	2	6	2	3	2	1	1	1	0	4	10	10	19	11	19	0	25	2	3	1	1	10	15	5	1	2	1	1	1	5	0	5	3	0	20	5	5	0	5	6	0	1	0	3	3	1	1	0	6	4	1	1	19	3	3	8	18	1	3	1	3	0	3	4	1	2	2	1	2	7	3	15	3	0	4	5	3	2	1	2	1	3	1	4	0	1	6	4	1	6	4	7	0	4	3	2	2	6	2	1	4	0	5	4	3	15	0	36	1	7	1	0	0	0	2	1	9	2	0	23	5	0	4	1	4	7	1	5	2
TIGR00316-sample1	1	1	4	2	0	0	3	4	0	0	1	3	0	0	0	0	0	0	2	0	2	6	10	5	10	1	9	0	0	2	2	6	4	4	1	2	3	1	2	1	0	7	3	2	15	1	4	0	3	4	0	0	0	2	2	0	1	0	4	2	4	0	7	0	3	5	13	0	0	3	0	1	2	5	5	0	0	0	1	1	0	0	0	0	3	4	1	1	1	1	1	1	0	0	5	1	0	2	1	5	0	0	0	3	0	2	2	2	3	4	3	0	0	4	2	5	0	2	2	1	1	2	0	1	5	0	2	0	5	3	0	0	0	1	4	0	2	1	1
TIGR00381-sample1	4	0	4	1	0	1	2	0	2	0	0	1	0	0	0	2	2	0	1	3	4	3	1	4	1	0	3	1	1	1	1	2	0	1	2	3	1	1	2	0	0	3	2	0	5	0	3	0	0	2	0	1	0	0	1	0	0	1	1	0	4	3	2	0	5	1	8	0	5	3	0	0	2	2	3	4	3	2	1	2	3	6	0	3	1	1	1	5	5	7	1	0	3	0	3	1	4	2	5	2	1	4	0	1	1	1	2	3	10	1	1	4	1	3	5	0	2	4	2	5	1	2	0	0	2	2	3	2	2	1	3	0	2	0	2	2	2	0	0
TIGR02891-sample1	577	390	439	241	393	237	391	568	308	106	238	557	968	602	152	486	199	205	224	454	1166	551	1687	1343	1687	40	622	268	327	441	403	753	382	473	421	340	334	394	961	431	41	920	865	258	1664	325	442	19	400	428	0	181	170	480	401	134	37	62	526	460	1413	266	991	242	969	726	503	262	584	492	281	348	629	443	398	565	651	394	490	863	299	720	172	371	337	467	531	319	335	399	417	351	480	443	471	525	555	360	671	809	658	825	0	578	622	499	350	425	524	372	503	504	297	572	283	565	382	804	314	540	454	236	201	335	333	299	347	345	242	370	398	62	294	47	457	289	229	369	469
TIGR02866-sample1	23	25	14	8	7	4	8	15	4	0	11	27	61	26	4	23	4	6	3	16	5	16	14	45	14	0	4	1	3	0	1	5	9	1	2	2	2	3	2	2	1	6	5	11	35	6	3	1	6	8	0	3	3	1	4	0	0	0	1	3	16	1	6	0	3	6	3	10	38	9	7	10	27	11	11	14	36	9	9	29	3	22	3	11	19	21	21	10	9	5	28	17	17	10	13	32	13	6	11	33	35	29	0	28	12	16	29	16	11	19	23	18	9	31	9	10	26	33	12	21	21	20	4	25	17	27	7	7	19	16	21	2	34	3	3	15	27	18	10
PF01654_seed-sample1	54	53	48	23	51	26	52	48	9	5	28	48	121	53	25	53	15	22	29	30	301	96	766	80	766	18	321	89	56	76	45	334	198	150	136	99	74	76	285	136	10	228	174	87	327	50	139	3	138	136	0	51	49	111	108	39	16	14	172	149	604	25	533	55	133	173	265	25	27	32	36	25	64	60	27	41	66	23	52	160	25	91	18	25	21	28	42	35	31	27	29	32	98	30	45	65	70	32	53	118	37	55	0	123	57	30	41	42	35	24	46	47	23	65	19	60	33	94	36	59	39	13	27	32	24	65	26	35	22	14	43	2	35	4	58	41	28	37	46
TIGR00203-sample1	2	7	4	4	9	6	7	1	1	1	7	6	5	7	5	5	0	2	16	2	6	4	12	8	12	0	15	2	3	2	5	20	3	4	7	4	0	2	16	4	0	10	7	3	13	3	10	0	8	5	0	1	2	3	1	2	2	2	8	9	50	2	6	2	5	5	4	2	2	8	6	4	5	6	3	5	10	4	15	7	0	6	2	1	3	2	3	6	4	7	5	4	7	14	5	12	3	4	6	41	5	6	0	6	5	6	11	11	10	7	5	6	0	14	10	14	3	9	11	22	4	7	4	3	2	2	7	8	3	2	3	0	3	0	9	3	0	4	8
TIGR01433-sample1	0	0	0	1	0	0	0	1	0	0	0	0	0	0	0	0	0	1	0	3	3	1	17	0	17	0	4	1	1	1	1	9	1	1	1	0	1	0	5	2	0	2	3	0	11	0	0	0	0	3	0	0	0	0	1	2	0	0	1	1	7	0	8	0	1	0	2	0	0	0	1	1	7	0	0	1	1	0	1	1	0	0	2	0	0	0	0	0	0	0	1	1	1	1	0	1	0	0	1	2	1	2	0	0	2	1	0	1	2	0	0	0	0	0	1	3	0	1	0	1	0	0	0	2	1	1	0	0	2	0	1	0	0	0	0	0	1	1	0
TIGR02847-sample1	0	0	0	0	0	0	0	1	0	0	0	0	0	0	0	0	0	0	0	0	0	0	0	0	0	0	0	0	0	0	2	0	0	0	0	0	0	0	0	0	0	0	0	0	1	0	1	0	0	0	0	0	0	0	0	0	0	0	0	0	0	0	0	0	0	0	1	0	1	0	0	0	0	0	0	0	0	0	0	0	0	0	0	0	0	0	0	0	0	0	0	0	0	0	0	0	0	0	0	0	0	0	0	0	0	0	0	0	0	0	0	0	0	0	0	0	0	0	0	0	0	0	0	0	0	0	0	0	0	0	0	0	0	0	0	0	0	0	0
TIGR01473-sample1	58	39	38	25	41	19	36	87	57	11	23	127	56	145	15	55	14	24	30	77	144	45	266	145	266	6	128	43	25	73	77	176	59	71	54	48	61	65	155	59	8	118	92	20	205	45	104	2	63	45	0	18	31	100	70	16	10	7	84	78	274	20	196	30	239	171	63	62	120	38	39	58	140	51	64	64	147	73	52	154	36	152	25	77	78	52	116	20	21	63	67	36	69	66	64	78	114	59	77	79	122	147	0	69	69	31	34	45	90	71	77	62	55	45	57	41	66	68	42	97	101	37	63	100	27	47	72	57	32	46	90	4	57	8	61	23	33	28	109
TIGR00455-sample1	99	85	175	80	176	84	152	160	57	25	97	106	195	133	79	83	60	73	89	100	652	145	495	272	495	5	230	68	38	60	47	113	136	111	116	97	32	27	149	202	3	122	118	37	271	51	274	2	105	135	0	53	32	93	112	23	12	9	81	188	222	25	269	45	92	170	178	74	107	155	69	122	142	132	122	159	127	118	139	204	83	121	68	101	92	115	166	135	140	143	146	133	110	118	131	135	136	110	185	278	151	191	0	152	185	187	112	139	148	139	141	129	88	212	75	187	106	279	99	181	97	59	55	91	90	75	118	77	69	125	81	19	87	15	110	64	68	131	101
TIGR02034-sample1	66	63	213	86	180	97	211	120	66	30	80	178	77	193	61	71	65	77	88	112	486	229	969	379	969	16	422	113	66	173	157	457	247	227	196	166	145	123	479	208	15	351	334	110	649	143	218	10	192	144	0	96	96	251	202	67	22	23	303	300	761	73	645	114	438	368	327	90	245	206	131	151	202	222	146	232	234	143	228	292	99	232	65	109	130	196	256	163	151	228	222	197	153	161	215	164	189	133	265	286	227	281	0	175	227	220	193	233	240	187	208	217	131	234	86	224	196	339	185	160	163	133	71	153	114	144	142	103	142	134	162	17	208	16	245	103	134	182	155
TIGR02064-sample1	0	3	0	2	0	0	0	2	0	0	2	4	0	0	0	0	0	0	0	2	4	2	1	1	1	0	0	0	0	1	2	1	2	2	1	0	0	5	0	4	0	1	3	2	13	3	1	0	2	5	0	0	0	0	0	0	0	0	1	0	0	0	0	1	1	6	5	0	1	0	0	0	3	1	0	3	4	3	2	0	0	0	0	2	1	2	0	0	0	1	1	0	1	3	1	0	2	1	2	2	2	2	0	3	3	2	1	2	1	0	1	3	0	2	1	0	2	2	0	3	0	1	1	0	0	0	0	0	0	0	0	0	1	0	2	0	2	2	3
TIGR02066-sample1	1	1	1	0	0	0	1	0	1	0	0	1	0	0	0	2	0	0	2	0	85	1	35	8	35	0	10	6	3	0	1	1	3	5	4	1	1	0	0	5	0	3	0	3	9	1	19	0	10	6	0	5	2	6	2	1	0	1	2	10	0	0	11	4	0	8	6	1	0	0	3	3	3	1	1	4	2	1	3	5	1	4	1	0	2	2	1	1	3	1	1	2	0	3	1	0	1	1	1	0	1	3	0	1	1	3	1	0	0	1	1	2	0	0	1	1	0	3	1	3	0	4	2	1	0	0	2	0	0	2	0	1	2	0	1	0	2	1	2
dsrD_PF08679_stockholm-sample1	0	1	0	0	0	0	0	1	0	0	0	0	0	0	0	0	0	0	0	1	2	6	1	1	1	0	0	0	0	0	0	0	0	1	0	0	0	2	1	0	0	0	0	0	1	0	0	0	0	0	0	1	0	0	0	0	0	0	0	1	2	0	0	0	0	1	0	0	0	0	0	0	0	0	0	2	0	0	1	0	0	0	0	1	0	0	0	0	0	0	0	0	0	0	0	0	1	0	0	0	0	0	0	0	0	0	0	0	1	0	0	0	0	0	0	1	0	0	0	0	0	0	0	0	2	1	0	1	3	0	0	0	0	0	0	1	1	0	0
TIGR03126-sample1	0	0	1	3	5	3	2	4	0	0	2	0	1	0	1	0	1	2	2	0	4	0	7	3	7	0	3	1	0	0	0	3	4	1	3	0	0	0	3	0	0	2	0	3	1	0	1	0	0	1	0	1	0	1	1	1	0	0	6	4	21	0	1	0	0	1	1	0	0	3	0	2	0	13	4	5	1	1	3	1	0	0	2	0	0	6	2	3	11	6	0	3	0	1	3	1	1	2	2	7	3	0	0	0	3	7	4	3	1	1	3	6	2	22	0	10	5	8	5	1	1	1	0	3	2	0	2	4	0	0	2	0	0	0	0	1	2	4	1
fcc_interpro-sample1	0	1	5	2	5	1	5	2	1	0	3	0	0	3	1	3	3	1	3	2	30	3	14	4	14	1	24	1	0	9	4	14	4	1	1	8	3	1	16	8	0	13	4	4	22	4	2	0	6	6	0	8	0	2	1	4	0	1	13	12	49	2	9	3	14	17	11	0	3	5	2	3	2	6	5	7	1	3	1	2	3	4	2	7	4	2	3	10	5	4	4	2	4	3	3	2	3	1	8	17	6	7	0	0	8	5	4	2	6	0	3	7	3	5	4	8	6	10	2	2	4	1	1	3	3	0	0	2	4	0	2	2	0	5	8	1	1	5	1
TIGR01591-sample1	5	0	11	4	18	5	12	17	8	4	10	20	6	18	4	7	3	3	14	10	39	48	126	40	126	2	33	11	6	14	15	54	27	17	15	13	6	4	49	19	3	37	41	7	75	15	20	0	10	12	0	10	4	20	14	3	4	2	29	28	100	8	56	9	25	32	32	9	14	14	22	11	26	19	11	29	29	14	33	70	7	26	11	9	10	16	11	15	6	22	11	9	13	22	12	25	21	13	24	17	20	21	0	17	18	10	15	31	24	25	14	15	12	19	11	17	9	22	15	23	19	12	7	17	13	20	7	12	10	7	16	2	20	1	30	21	10	14	20
TIGR01582-sample1	0	2	0	2	4	0	0	1	0	1	3	4	0	1	0	2	2	1	3	0	7	1	19	4	19	0	6	3	2	6	2	2	13	6	6	2	5	1	3	5	0	5	1	3	12	6	2	0	2	6	0	1	2	1	2	3	1	1	4	8	18	3	10	0	3	4	15	2	1	1	2	1	2	2	2	2	2	3	4	3	0	5	1	0	1	0	3	0	2	1	2	2	1	3	2	0	2	2	1	8	2	3	0	0	6	1	3	1	4	2	3	1	2	3	6	2	0	3	2	1	1	2	0	2	0	0	3	1	0	1	1	0	0	0	1	0	4	2	2
TIGR01583-sample1	0	0	2	0	2	0	2	0	0	1	0	4	0	2	0	0	0	1	2	2	1	1	11	3	11	0	0	0	0	2	1	0	0	1	0	0	0	0	1	0	0	14	7	0	4	0	0	0	0	0	0	0	0	1	0	0	0	0	2	2	2	0	4	0	0	0	1	0	2	0	1	0	1	4	2	0	4	0	0	2	1	2	0	1	2	0	1	1	1	0	4	1	1	3	1	3	4	2	0	0	1	2	0	3	0	1	3	1	3	1	1	0	1	1	0	0	3	4	1	1	1	0	2	4	0	0	1	1	0	0	1	0	4	0	2	0	1	2	1
TIGR02819-sample1	1	0	0	1	3	1	2	1	1	0	1	1	2	2	1	0	0	1	3	1	3	2	3	2	3	0	3	0	2	1	1	1	1	3	1	2	0	1	1	1	0	1	1	0	5	2	1	0	0	2	0	1	1	0	0	1	0	0	2	4	1	1	0	0	1	1	3	2	1	4	0	0	0	1	0	3	0	7	2	0	0	3	0	0	0	4	1	5	1	2	5	3	0	2	3	2	0	0	5	4	0	1	0	0	3	5	3	2	5	2	1	1	0	1	1	2	0	0	4	0	0	1	0	3	0	0	4	2	2	0	2	1	1	0	1	2	0	3	1
TIGR02512-sample1	0	0	0	3	1	3	2	3	2	5	3	3	1	5	2	0	3	1	1	1	8	4	24	22	24	1	20	3	2	1	3	12	19	0	8	0	2	3	2	4	1	3	1	4	18	5	5	0	8	2	0	2	0	0	1	0	1	0	6	7	1	3	20	2	0	2	25	6	5	4	4	2	1	2	0	2	7	2	4	7	1	3	2	6	3	1	0	2	2	7	2	0	4	1	10	6	9	0	3	4	3	4	0	3	3	1	0	2	6	0	4	2	5	1	4	6	3	5	1	4	1	0	0	3	1	0	7	3	1	1	1	0	1	1	7	1	2	1	4
TIGR04105-sample1	0	2	2	2	3	2	2	1	0	1	1	1	1	1	0	0	0	0	0	0	2	0	2	2	2	0	3	5	1	2	3	3	0	2	0	0	0	1	0	1	1	3	4	3	3	1	0	0	0	0	0	2	0	0	0	0	0	0	0	1	1	0	2	0	1	2	1	0	4	4	0	0	3	1	3	2	2	2	1	2	0	1	3	0	2	1	1	3	5	1	3	5	0	2	4	2	0	0	3	6	4	3	0	1	7	4	6	6	1	2	6	3	0	4	3	0	2	1	1	2	1	0	0	0	1	1	1	0	1	4	3	0	0	0	2	0	1	5	1
TIGR03119-sample1	1	1	2	0	1	0	1	1	0	1	3	3	0	3	0	1	0	1	2	0	18	4	57	2	57	2	20	1	2	2	8	21	27	13	5	2	1	2	30	4	0	11	9	10	14	2	9	0	7	4	0	3	4	11	8	5	4	0	26	21	175	1	31	9	2	6	44	0	2	2	11	2	0	20	3	8	2	2	7	5	0	4	1	2	3	1	3	1	8	4	4	1	4	1	2	7	4	3	4	3	2	2	0	6	0	2	3	2	4	3	2	1	0	4	2	5	3	2	6	6	1	2	3	2	4	1	1	4	0	2	2	0	2	0	13	2	0	4	4
TIGR01428-sample1	0	0	0	1	0	0	0	0	0	0	0	0	0	1	1	0	2	0	0	0	5	1	6	3	6	0	3	2	0	2	4	3	3	1	0	2	0	2	3	2	0	3	1	0	1	0	0	0	0	0	0	0	0	0	0	0	0	0	0	2	3	0	7	2	1	2	4	0	0	8	2	1	1	0	2	0	0	0	0	1	0	0	2	0	1	1	2	0	0	1	0	2	0	3	1	1	1	1	0	2	2	1	0	0	1	2	0	1	1	1	1	4	0	1	1	0	1	1	2	0	0	0	1	0	3	0	3	2	0	0	1	0	0	0	0	0	1	1	0
hzoA_alignment-sample1	0	1	6	3	3	1	5	1	2	2	2	1	2	4	3	1	2	0	0	2	9	5	5	2	5	0	10	0	1	4	2	3	3	2	3	1	0	3	4	5	0	3	1	1	7	6	3	0	2	5	0	1	2	0	4	2	0	0	1	3	4	0	7	3	3	7	4	0	5	2	3	2	6	5	4	3	2	8	0	3	3	9	5	1	1	3	2	7	2	6	6	5	3	0	4	5	3	3	3	9	2	5	0	1	8	1	1	2	13	1	1	1	0	5	5	2	2	13	1	4	1	1	1	2	2	1	1	1	1	4	0	1	0	0	1	0	1	4	0
hzsA_alignment-sample1	19	22	7	2	3	4	2	13	3	0	7	6	67	3	2	24	1	6	1	11	37	7	13	23	13	0	6	2	4	1	13	6	9	9	7	10	1	2	1	5	0	9	3	3	25	2	1	1	8	10	0	4	1	0	3	0	0	1	2	4	9	5	9	2	5	10	11	1	2	4	8	1	5	12	6	7	7	5	5	5	1	4	5	14	3	4	5	4	4	5	3	1	20	1	11	20	12	3	5	16	5	7	0	23	1	4	1	4	6	2	4	6	9	6	5	10	7	8	1	13	4	1	2	1	2	7	4	2	3	2	1	1	1	0	6	4	3	5	2
Hydrogenase_Vignais_Group_1_alignment-sample1	78	92	27	20	22	13	26	59	22	6	31	14	268	14	20	97	6	14	9	36	298	15	302	47	302	1	178	36	11	23	11	50	119	73	60	40	14	9	53	110	5	26	17	18	104	12	107	1	75	76	0	24	16	38	23	9	9	0	45	113	89	12	227	26	9	70	184	6	8	31	19	8	16	19	11	7	6	11	16	23	20	11	16	20	16	17	11	27	11	13	25	10	72	4	28	68	46	9	14	75	21	22	0	95	68	27	23	11	10	5	27	16	4	50	8	37	10	44	23	31	17	4	2	16	13	6	7	16	6	29	6	1	1	0	17	8	2	11	11
Hydrogenase_Vignais_Group_2a_alignment-sample1	129	133	9	19	11	8	8	71	29	1	18	22	285	12	2	103	4	12	10	29	26	5	58	46	58	0	24	8	8	15	5	14	36	15	16	13	5	5	12	11	1	24	42	7	56	5	17	0	19	17	0	4	3	11	6	1	1	4	12	20	21	1	73	7	11	17	57	5	4	8	12	8	7	16	4	11	3	2	18	12	6	14	6	23	7	9	14	4	7	5	14	6	115	5	8	79	35	8	8	50	14	21	0	125	24	16	10	7	9	2	10	13	8	28	4	17	15	31	13	11	14	1	3	14	11	2	8	8	2	1	19	1	3	0	6	6	7	5	4
Hydrogenase_Vignais_Group_2b_alignment-sample1	0	1	0	1	1	0	3	5	0	0	1	1	0	2	1	1	2	0	0	0	4	4	9	4	9	1	6	2	3	0	6	1	1	7	2	0	1	1	3	3	0	5	4	1	5	2	3	0	3	2	0	0	2	5	2	1	1	1	5	2	3	0	5	3	1	5	7	1	1	5	2	0	1	3	2	2	3	2	0	6	3	11	0	1	1	2	3	3	2	1	0	1	0	1	0	2	1	3	2	0	0	2	0	0	1	3	3	1	1	1	3	0	1	2	2	4	2	3	0	3	1	3	3	5	2	0	1	1	0	2	2	0	1	0	0	3	0	3	1
Hydrogenase_Vignais_Group_3a_alignment-sample1	5	0	0	0	0	1	1	0	1	0	1	3	2	1	0	0	0	0	0	1	3	6	4	4	4	0	0	1	0	2	1	1	1	0	0	0	2	0	0	1	0	2	5	0	5	4	1	0	0	1	0	3	0	2	0	0	0	2	0	1	0	0	1	0	2	0	2	1	0	4	1	7	2	2	3	1	2	5	0	2	6	9	5	1	2	4	1	2	2	2	1	2	0	3	2	3	3	1	1	3	5	2	0	3	0	2	1	2	2	1	1	1	0	5	1	3	2	6	2	0	2	2	1	1	0	0	2	2	1	0	2	0	1	0	1	2	0	2	1
Hydrogenase_Vignais_Group_3b_alignment-sample1	0	1	2	2	3	3	2	0	0	0	0	0	1	2	1	0	1	1	0	1	3	1	4	4	4	0	1	2	6	0	3	2	3	3	4	2	1	2	1	1	0	5	2	1	4	3	3	0	2	2	0	1	1	0	0	0	0	0	4	1	0	0	6	0	4	3	6	0	3	1	2	1	1	1	0	0	0	0	3	0	1	1	0	0	1	0	0	4	0	0	1	1	1	0	0	3	0	1	2	2	0	0	0	4	1	0	3	1	0	2	0	0	0	1	2	0	3	3	1	1	1	1	1	0	0	0	0	1	2	1	1	0	0	0	1	1	0	0	1
Hydrogenase_Vignais_Group_3c_alignment-sample1	61	67	56	30	82	23	65	48	17	7	48	13	163	16	43	64	18	11	31	31	403	3	296	52	296	3	177	41	12	13	15	53	107	63	83	42	21	14	65	79	1	34	18	19	87	6	98	1	64	68	0	21	20	34	28	15	7	1	53	111	114	9	215	25	6	45	176	1	5	68	26	20	4	32	23	25	2	29	39	8	29	5	16	20	11	43	14	58	35	20	33	42	38	16	25	62	44	13	30	123	30	21	0	66	98	60	42	44	21	19	39	32	15	101	9	93	18	107	43	48	10	4	6	9	24	1	13	30	3	54	9	4	0	0	24	0	3	35	11
Hydrogenase_Vignais_Group_3d_alignment-sample1	56	68	36	24	75	23	54	45	19	9	41	17	167	16	42	66	14	11	30	27	66	3	132	38	132	1	68	21	10	9	6	26	42	32	32	21	11	8	61	20	2	25	10	10	53	6	31	0	14	19	0	10	12	16	11	14	4	1	37	31	138	6	102	14	4	23	83	1	4	54	18	18	3	25	17	24	1	20	31	9	26	4	7	18	11	27	13	33	23	11	21	28	32	6	14	56	40	6	23	112	27	21	0	60	67	42	29	20	15	13	32	26	4	77	4	67	7	88	29	41	10	3	6	9	18	0	10	18	1	48	5	5	1	0	24	3	1	27	14
Hydrogenase_Vignais_Group_4_alignment-sample1	2	1	2	3	1	1	0	0	2	0	1	3	3	3	0	0	1	0	0	5	4	5	10	3	10	0	5	4	6	0	2	3	1	2	1	0	6	3	1	2	0	9	2	1	9	2	0	0	2	3	0	0	0	0	0	1	0	0	2	1	1	8	2	2	1	2	6	0	5	2	2	1	3	4	3	4	2	0	0	1	4	1	1	1	1	3	2	0	0	3	1	2	0	1	0	1	1	2	0	3	4	0	0	1	4	3	1	0	4	2	0	0	1	2	0	2	0	3	1	1	3	6	0	1	0	1	0	3	2	4	4	0	1	0	1	5	1	2	4
TIGR02659-sample1	1	1	0	1	0	0	0	1	0	0	0	0	0	0	0	0	1	0	0	0	2	0	1	2	1	0	0	0	0	0	0	0	0	0	0	0	0	0	0	0	0	1	0	0	0	0	1	0	0	1	0	0	0	0	0	0	0	0	0	1	0	1	0	0	0	0	0	0	0	0	0	1	2	0	0	1	0	0	0	2	0	5	0	3	0	0	1	0	1	0	0	1	2	3	1	1	3	1	0	0	1	2	0	1	1	1	0	0	0	1	0	0	1	0	0	0	1	2	0	2	1	0	0	0	0	1	1	0	0	2	1	0	0	0	0	1	0	0	1
TIGR02658-sample1	0	1	3	2	1	0	2	2	0	2	4	10	2	4	0	4	1	0	2	1	1	4	6	6	6	0	6	0	0	0	1	0	2	0	1	1	1	0	0	0	0	0	2	0	4	2	1	0	5	1	0	1	1	2	0	0	0	0	1	1	0	0	1	0	1	4	3	0	0	3	3	0	8	2	2	4	0	2	1	1	2	5	0	4	1	1	5	1	6	3	2	1	1	5	2	2	4	2	1	10	2	3	0	1	1	3	2	6	3	1	4	2	1	3	2	3	1	4	3	3	0	2	0	0	3	1	3	1	0	2	1	0	2	2	4	0	1	3	3
malonyl-CoA-reductase_alignment-sample1	3	1	21	7	17	5	9	4	6	6	10	3	3	9	5	4	7	6	8	10	14	3	12	5	12	2	5	4	5	9	4	2	5	4	6	3	7	3	16	2	0	7	3	2	41	6	3	0	4	3	0	1	2	15	2	1	4	2	0	5	22	3	20	6	28	14	5	11	12	13	2	11	4	5	9	16	11	7	7	11	6	6	7	5	8	9	17	11	11	7	8	5	3	7	12	5	3	3	21	26	10	22	0	0	15	20	8	11	13	5	5	13	6	18	10	29	8	30	8	6	8	3	3	5	7	3	7	5	3	11	6	4	1	2	1	1	8	10	8
TIGR03256-sample1	0	0	4	2	3	1	2	0	0	0	0	2	2	2	1	1	0	1	1	1	10	1	5	5	5	0	3	3	2	1	2	3	1	1	2	4	0	2	4	2	0	3	9	0	8	3	2	0	1	1	0	0	0	1	1	0	0	0	5	4	4	0	10	1	5	3	7	0	0	2	1	3	6	4	2	2	2	2	5	3	0	4	0	0	2	1	1	0	8	1	0	6	1	0	1	2	3	0	1	3	1	0	0	4	1	3	3	3	1	3	1	3	0	2	2	1	1	8	2	4	0	0	3	3	1	1	1	2	2	1	3	0	1	0	6	3	3	4	1
TIGR03257-sample1	8	2	0	1	4	0	3	4	3	1	1	3	8	3	0	4	0	3	0	9	6	8	9	12	9	0	3	0	0	2	2	2	3	3	1	2	0	5	6	0	0	3	1	3	10	3	3	0	1	1	0	0	1	4	6	0	0	1	2	0	7	0	6	1	0	1	5	4	5	3	1	4	4	1	1	3	9	5	3	19	3	12	4	5	7	3	13	1	1	1	2	2	3	3	7	7	8	1	3	5	9	11	0	11	4	4	1	4	6	3	4	8	3	3	2	4	3	4	0	5	3	1	1	3	2	1	3	4	1	2	2	0	6	2	1	0	0	2	3
MmoB_PF02406_full.stockholm-sample1	0	0	0	0	0	0	0	0	0	0	0	0	0	0	0	0	0	0	0	0	0	1	1	0	1	0	0	2	1	0	0	0	0	0	1	0	0	2	2	0	0	1	0	0	2	1	0	0	0	1	0	0	0	0	3	0	0	0	0	0	3	0	0	1	0	0	0	0	0	0	0	1	0	0	0	2	0	0	0	1	0	2	0	0	0	0	0	0	1	0	0	0	1	0	0	0	0	2	0	0	0	0	0	0	3	0	0	0	0	0	0	0	1	0	0	0	0	1	0	6	0	2	0	1	0	0	0	1	0	0	0	0	0	0	1	0	0	0	0
TIGR04550-sample1	0	0	2	0	0	0	0	0	0	0	0	0	0	0	0	0	0	0	0	0	1	2	0	0	0	0	2	1	0	0	0	1	0	0	1	1	0	1	1	2	0	0	0	0	1	0	0	0	0	0	0	0	0	0	0	0	0	0	0	0	1	1	1	0	0	0	0	0	0	0	2	0	0	4	0	0	0	0	2	0	0	0	1	0	0	0	0	0	2	0	0	1	0	0	0	0	0	0	1	0	0	0	0	1	0	0	0	1	1	0	0	2	0	0	0	0	0	0	1	1	0	0	0	0	0	0	0	0	0	0	0	0	0	0	1	0	0	0	0
TIGR03120-sample1	1	3	9	3	15	12	7	1	0	3	2	1	1	3	5	1	2	2	3	2	4	1	6	1	6	0	9	1	1	0	1	12	11	2	3	1	0	0	5	2	0	6	1	1	11	0	3	0	3	3	0	0	0	2	1	1	0	0	6	2	40	1	3	2	0	5	4	1	0	6	9	2	1	11	4	24	0	5	13	3	1	1	4	2	0	3	2	2	2	5	4	5	1	6	3	5	2	3	5	27	3	6	0	3	2	3	3	4	3	5	1	5	0	11	1	20	3	10	7	11	0	5	1	4	4	3	4	5	0	2	0	0	0	2	12	9	3	6	3
TIGR03259-sample1	0	0	1	0	1	1	2	0	0	0	0	1	0	2	0	0	0	0	0	0	3	1	5	1	5	0	2	1	2	1	4	3	2	0	0	1	0	0	2	0	0	0	0	4	6	1	0	0	0	0	0	0	0	2	1	0	0	0	0	1	0	1	3	0	2	2	1	0	0	1	0	1	1	0	2	0	1	2	0	2	4	3	0	0	0	0	1	1	0	1	0	2	0	1	0	0	0	1	0	1	0	1	0	1	1	1	0	0	2	0	2	2	1	1	4	1	0	0	0	1	1	1	0	0	0	0	1	0	1	0	1	0	1	0	0	1	0	0	0
pqq_xoxF_mxaF_alignment-sample1	7	6	23	13	15	20	23	29	9	3	14	44	7	26	6	16	10	4	28	12	88	30	237	129	237	7	105	15	21	25	30	143	76	64	70	25	17	22	245	57	2	75	69	58	144	27	56	5	42	62	0	17	31	43	47	23	10	5	113	63	570	14	127	37	60	72	103	16	20	26	124	21	47	124	29	67	49	23	142	66	18	55	17	12	13	5	14	17	20	48	12	20	55	36	56	72	71	40	53	33	13	36	0	58	28	11	33	34	43	57	28	39	8	21	57	20	23	30	38	27	12	9	13	21	46	20	34	36	4	18	25	3	2	5	344	24	6	13	63
TIGR03507-sample1	1	1	3	1	9	2	1	1	2	0	0	0	1	4	3	0	3	0	0	0	97	7	46	19	46	0	22	6	4	5	5	8	22	2	5	8	4	8	7	17	1	13	19	2	15	2	18	2	11	10	0	5	1	7	4	0	0	0	3	16	6	0	30	4	5	9	17	4	6	3	4	4	2	3	3	2	8	1	2	5	1	7	1	1	2	4	1	1	1	3	4	4	2	0	1	2	2	6	4	3	1	5	0	2	6	7	2	5	1	1	4	1	1	1	2	11	4	5	5	7	2	4	2	6	2	0	1	3	3	1	6	1	3	0	2	0	2	2	3
TIGR03509-sample1	1	0	0	2	4	3	1	2	1	0	2	4	2	4	0	1	2	1	2	2	12	6	29	2	29	0	26	2	4	1	6	33	3	4	5	8	1	1	14	13	0	3	4	3	17	1	7	0	6	14	0	3	1	4	10	2	1	3	8	1	57	2	18	12	3	5	11	0	2	0	3	0	1	0	0	3	8	0	1	0	2	0	0	0	1	0	3	1	2	0	1	0	1	0	0	0	2	1	1	4	0	2	0	0	1	1	0	2	1	3	2	4	1	3	2	2	0	2	5	1	2	2	1	0	2	2	0	0	1	0	1	0	1	0	4	0	0	0	1
TIGR01706-sample1	2	2	8	2	3	4	5	4	3	1	3	1	0	7	1	2	1	3	1	6	41	11	125	5	125	0	26	22	3	10	1	47	31	16	6	12	4	5	11	12	1	12	5	13	18	4	22	0	22	20	0	4	4	16	5	4	0	3	6	10	23	4	117	2	0	9	40	0	2	17	8	7	6	7	5	3	4	6	9	4	9	5	16	2	2	2	9	6	7	14	15	3	0	5	13	2	6	12	11	9	1	7	0	5	43	8	1	3	4	5	9	10	1	4	4	7	3	6	7	1	2	1	5	5	6	3	4	1	3	2	4	1	4	2	14	1	3	3	3
NapB_PF03892_full.stockholm-sample1	0	0	0	0	0	0	0	0	1	0	0	0	0	0	0	0	1	0	0	1	1	1	2	2	2	0	0	0	0	1	0	1	1	0	0	1	0	1	1	0	0	0	1	0	2	2	0	0	0	0	0	1	1	0	0	0	0	0	0	1	0	0	0	0	0	0	2	0	0	1	0	1	0	0	0	0	0	0	0	1	1	0	1	0	0	3	1	0	0	0	1	0	1	0	0	1	0	0	2	0	0	1	0	0	3	0	0	0	1	0	0	2	0	2	0	0	0	0	0	1	0	0	0	0	0	1	0	0	0	1	0	0	0	0	0	0	0	1	0
TIGR01580-sample1	1	9	22	9	9	20	13	20	4	4	3	55	4	55	2	14	7	3	18	21	64	253	266	53	266	8	79	31	12	11	22	78	72	46	29	23	17	27	72	53	2	71	48	18	65	16	35	2	29	47	0	11	40	70	50	20	26	12	30	22	60	15	273	51	13	35	155	27	41	30	53	13	140	47	35	41	111	16	41	300	15	173	23	19	9	23	30	11	12	25	27	10	54	42	34	61	57	46	35	31	40	73	0	74	36	19	28	26	34	30	12	41	16	23	14	24	19	27	32	24	43	59	16	42	18	113	10	59	59	17	50	1	58	2	121	85	29	10	64
TIGR01660-sample1	0	2	4	0	7	7	3	14	5	2	1	27	1	28	5	5	7	1	6	6	24	149	55	21	55	8	20	11	5	8	5	18	24	14	13	7	2	6	11	14	1	24	21	6	32	3	11	1	15	22	0	1	12	14	9	4	5	4	8	9	10	3	89	18	5	15	46	29	28	8	51	5	59	38	18	16	49	6	29	216	5	92	14	4	4	10	29	5	6	15	10	7	54	20	32	38	63	31	20	13	12	46	0	39	27	5	5	10	31	17	8	24	2	15	14	18	11	11	13	23	22	41	12	25	11	79	8	40	23	8	47	0	41	4	100	81	22	7	35
TIGR04266-sample1	1	0	2	0	0	2	3	1	0	0	0	0	1	1	0	0	1	1	0	3	4	2	2	6	2	0	2	1	1	0	0	4	1	0	0	1	1	0	2	1	0	1	0	0	4	0	1	0	3	2	0	2	2	0	0	0	1	0	0	2	1	0	3	0	2	4	5	1	0	1	4	0	0	0	1	5	1	0	3	4	0	6	1	1	2	1	3	2	1	2	2	0	2	0	0	0	0	1	2	2	3	0	0	3	3	3	2	5	0	1	1	2	5	4	1	4	4	6	1	3	0	1	0	1	5	0	2	1	5	0	0	0	2	0	1	2	0	0	2
TIGR01861-sample1	2	1	4	0	0	1	4	3	5	0	0	7	3	4	1	0	3	0	1	2	47	2	34	7	34	1	32	11	0	1	12	5	35	15	49	29	2	3	2	77	0	6	5	10	83	11	44	1	26	28	0	18	5	12	5	0	2	0	5	36	6	0	24	10	5	28	43	3	11	8	2	1	8	6	3	1	10	2	1	8	2	5	0	6	6	2	3	0	1	2	1	7	3	6	2	1	0	2	6	2	5	11	0	6	6	3	0	1	8	2	3	2	2	1	2	6	4	3	7	4	2	2	3	3	2	3	2	5	2	4	4	1	6	0	2	1	2	1	5
TIGR01282-sample1	81	70	4	11	6	3	7	61	26	5	13	4	171	10	3	58	1	18	2	30	167	3	146	40	146	0	68	18	10	15	10	51	40	31	22	15	8	1	71	45	0	14	16	19	65	6	66	1	35	32	0	12	11	28	15	9	3	2	35	61	146	2	110	8	9	18	80	2	3	3	7	3	2	8	2	11	4	2	17	5	3	5	2	24	20	15	12	3	4	5	3	4	51	8	5	41	20	6	6	34	12	14	0	101	6	5	4	2	8	3	2	3	4	17	2	9	6	8	8	12	8	2	4	4	6	2	1	4	2	0	8	0	1	1	1	2	3	1	4
TIGR01860-sample1	2	0	5	0	3	0	1	1	0	0	2	1	0	4	1	1	1	0	1	0	6	5	9	10	9	0	4	2	0	0	3	2	4	4	5	3	0	3	3	9	0	2	3	3	9	1	3	0	3	2	0	3	0	1	0	0	0	0	2	1	1	1	1	2	0	2	5	0	2	1	0	4	1	0	3	3	1	2	2	3	2	7	0	1	0	1	2	1	1	1	4	4	1	1	4	5	3	0	3	1	1	4	0	1	6	4	5	3	1	0	4	5	0	4	2	2	3	4	2	1	2	1	2	2	1	1	1	1	0	1	0	0	2	1	1	0	0	3	2
TIGR02931-sample1	0	0	4	1	0	1	5	0	0	2	0	0	1	0	0	0	1	0	0	0	12	8	12	7	12	0	11	4	3	1	1	2	11	5	6	3	1	2	5	17	0	1	1	4	20	3	4	0	11	9	0	5	1	2	4	1	0	2	3	10	6	0	8	5	1	5	16	0	0	3	2	2	2	3	3	1	0	5	1	7	3	4	2	1	0	0	1	1	4	4	1	2	0	0	2	2	1	3	3	0	2	1	0	0	3	2	0	3	8	1	3	0	2	2	1	3	0	8	1	3	2	2	0	1	3	1	1	1	5	1	0	0	0	1	1	2	2	0	3
TIGR01286-sample1	149	124	5	30	4	9	3	125	42	2	37	27	414	12	2	152	2	32	6	72	49	4	92	88	92	0	25	12	5	8	5	29	29	20	13	13	5	2	34	21	1	12	4	10	52	8	13	0	9	15	0	8	6	12	11	8	3	2	27	14	100	1	73	7	9	20	29	5	12	10	11	6	8	17	2	10	5	8	23	10	3	6	1	43	33	12	16	4	2	9	2	3	102	4	4	80	46	9	9	64	23	20	0	152	4	7	6	8	12	6	3	12	7	26	10	15	23	19	6	15	22	3	1	11	8	2	4	5	3	1	21	1	3	2	9	4	2	4	9
TIGR02932-sample1	1	2	1	3	4	1	0	3	0	0	0	0	0	3	0	0	4	1	3	1	9	1	7	4	7	0	8	4	1	2	0	7	10	0	13	0	2	0	1	14	0	1	3	4	12	4	3	0	2	10	0	4	3	1	4	0	0	1	1	5	2	4	3	1	3	12	8	0	2	3	1	2	4	2	0	4	1	2	1	3	1	3	1	1	4	1	4	0	1	3	4	3	1	3	1	2	0	0	1	2	0	4	0	1	0	4	1	1	4	1	2	1	0	4	2	5	1	1	3	1	4	1	1	3	1	1	3	0	0	0	1	0	2	2	3	1	1	3	2
TIGR02929-sample1	1	0	0	0	1	0	1	0	1	0	0	1	0	3	0	0	1	0	0	2	2	2	2	0	2	0	1	0	0	0	0	0	0	0	0	5	0	0	1	0	0	0	0	3	5	0	0	0	0	0	0	0	0	0	0	0	0	0	0	0	1	0	0	0	1	1	0	0	0	2	0	0	1	0	0	0	0	0	0	2	1	9	0	1	1	1	0	0	2	0	1	0	0	0	0	0	0	0	2	0	1	1	0	0	3	0	0	0	1	1	1	0	1	0	0	1	0	1	0	1	0	0	0	2	0	0	1	0	1	0	2	0	1	0	1	0	2	0	1
TIGR02930-sample1	0	0	0	0	2	0	0	0	0	0	0	0	0	0	0	0	0	0	0	0	2	1	0	0	0	1	0	2	0	0	0	0	0	0	0	0	1	2	2	0	0	0	0	0	1	0	0	0	0	0	0	0	0	0	0	0	0	0	1	0	1	0	0	0	0	0	0	0	0	0	0	0	0	0	0	0	0	0	1	0	0	0	0	1	0	0	0	0	0	0	0	1	0	1	0	0	0	0	0	0	1	0	0	0	1	0	0	0	0	0	0	1	0	0	0	0	1	0	0	0	0	0	1	1	0	0	0	7	0	0	0	0	1	0	1	0	0	0	0
TIGR01287-sample1	49	53	30	21	29	13	28	31	20	10	16	26	119	26	17	57	13	17	10	27	578	10	341	33	341	2	149	57	35	46	54	52	89	74	88	55	44	27	103	175	2	71	63	46	169	27	190	3	98	101	0	39	33	56	53	7	6	4	50	115	118	16	193	43	29	89	123	9	14	39	16	21	18	24	20	29	15	25	26	50	25	45	15	12	12	18	25	26	17	20	32	19	37	34	26	48	21	10	33	61	13	37	0	62	54	43	13	24	31	13	24	28	8	33	13	49	19	62	15	24	11	6	6	12	16	6	17	17	10	13	14	2	4	3	9	9	12	14	14
TIGR02374-sample1	0	2	5	1	3	3	1	4	2	0	3	6	1	4	0	1	7	5	3	3	88	6	193	8	193	5	80	25	14	32	37	90	29	42	26	34	27	29	189	25	1	70	92	29	106	14	35	2	30	26	0	8	33	51	32	22	5	22	112	45	456	20	120	29	60	55	49	3	8	14	7	12	8	9	11	8	6	8	9	9	6	15	3	2	2	4	2	2	7	11	9	1	4	7	4	3	8	8	6	7	5	9	0	5	11	10	1	4	13	9	4	13	1	3	3	7	5	5	2	7	1	6	3	6	3	7	4	8	2	2	14	1	1	1	8	6	3	3	3
TIGR02378-sample1	1	0	2	1	3	1	1	1	0	0	1	5	0	2	1	0	0	0	1	1	4	5	1	5	1	0	1	1	0	1	1	1	1	1	3	1	0	0	0	0	0	1	2	0	2	2	0	0	0	1	0	0	0	0	1	0	0	0	0	0	0	1	0	2	0	0	3	0	0	1	0	0	0	2	2	0	1	2	3	5	0	1	0	0	1	1	3	1	0	1	1	1	0	0	1	0	1	1	2	0	0	1	0	1	0	0	1	0	2	1	3	0	1	0	0	0	0	2	1	1	0	0	1	0	2	3	0	1	0	0	0	0	2	0	0	2	1	0	0
TIGR02376-sample1	1	1	1	1	0	1	1	1	2	0	0	0	0	0	0	1	1	0	0	0	6	3	7	1	7	0	6	3	0	0	1	4	5	1	2	0	0	0	0	2	0	0	1	0	1	2	0	1	0	3	0	0	4	7	2	2	0	0	0	2	1	0	7	2	2	0	2	0	0	1	4	1	1	3	1	4	0	0	1	3	0	7	2	2	1	1	2	1	1	0	2	0	1	2	1	1	0	2	0	2	2	4	0	2	1	1	3	0	2	1	0	2	0	1	2	1	1	3	3	2	1	0	2	2	2	1	0	0	3	1	1	0	0	0	0	6	1	3	0
norB_alignment-sample1	1	3	5	1	5	4	4	0	2	0	5	1	3	4	1	3	3	6	0	2	32	12	152	14	152	3	58	7	8	8	8	52	34	11	21	8	1	4	25	22	0	16	8	4	30	6	26	0	24	19	0	8	4	8	10	5	1	0	10	7	57	1	88	6	9	16	41	3	5	5	3	6	7	7	2	11	2	3	2	9	4	6	5	5	1	6	5	5	4	6	9	4	3	4	7	2	3	5	7	12	3	5	0	1	13	14	2	7	3	3	5	8	4	13	4	7	1	12	5	5	1	1	0	2	2	0	4	3	2	2	1	0	4	1	0	2	4	3	2
norC_alignment-sample1	8	7	6	6	7	8	11	8	6	1	4	13	12	10	1	6	5	2	2	12	223	10	117	42	117	1	43	11	3	4	6	21	34	11	25	11	3	2	6	52	0	8	1	6	19	3	56	0	35	38	0	8	8	8	11	2	4	0	4	40	13	2	70	4	0	11	37	6	23	4	15	9	23	20	10	17	16	8	14	37	7	13	4	10	13	9	15	4	5	5	11	6	13	19	8	16	11	21	17	16	15	27	0	20	17	7	3	8	12	11	8	13	8	19	9	13	10	12	7	25	5	12	9	11	9	16	10	16	4	5	10	1	5	0	22	18	3	5	10
nxrA_alignment-sample1	1	3	3	1	34	4	8	9	3	1	4	10	1	9	6	8	2	3	2	4	65	12	19	22	19	8	9	141	107	54	3	9	7	7	5	32	83	316	13	96	11	276	89	21	332	102	36	6	7	44	0	34	44	28	5	1	0	3	4	10	2	3	13	353	185	15	9	18	16	7	7	7	6	10	16	8	11	3	4	6	6	14	2	30	5	3	46	7	11	9	77	9	9	13	4	16	8	6	7	17	6	86	0	18	10	18	5	17	15	8	30	10	3	6	5	4	3	11	52	11	8	0	3	10	3	6	10	3	1	7	4	3	2	4	15	2	2	5	5
nxrB_alignment-sample1	6	2	6	4	6	1	3	5	2	1	2	9	2	7	1	4	2	1	2	3	2	9	9	25	9	0	2	4	1	4	0	2	0	2	7	6	1	3	1	5	0	3	9	3	7	0	3	0	4	1	0	2	0	1	0	0	2	0	3	5	1	7	4	1	6	3	2	6	6	3	1	3	10	4	3	5	16	1	3	9	0	10	1	5	4	7	4	1	3	3	4	3	5	2	6	3	6	1	3	0	11	14	0	1	3	7	4	4	10	3	5	3	5	7	4	7	4	3	3	5	3	3	6	3	1	9	3	3	4	1	4	0	6	0	3	3	5	2	3
nirS_alignment-sample1	0	1	6	0	7	4	2	5	0	2	1	5	1	6	1	1	6	1	8	1	38	9	117	3	117	0	7	7	2	6	1	5	8	9	5	3	1	6	3	4	0	9	5	4	21	1	6	0	6	1	0	1	1	1	1	3	0	0	2	7	3	1	82	3	1	3	8	6	3	55	5	7	4	9	7	3	10	2	6	3	11	5	29	2	1	10	9	6	6	9	29	2	4	2	13	10	2	31	4	6	8	9	0	2	86	12	1	7	10	4	7	7	1	5	3	2	4	4	5	8	0	5	1	10	1	1	0	2	2	1	4	0	3	0	9	3	8	2	5
TIGR04247-sample1	0	0	2	0	0	2	2	0	0	0	2	8	0	0	1	1	0	0	1	0	6	4	2	4	2	0	0	2	0	0	1	1	0	7	2	1	1	1	0	1	0	4	3	1	4	2	1	0	1	1	0	1	1	2	0	0	0	1	0	0	3	1	3	0	2	2	4	2	1	7	0	0	5	0	2	2	0	0	1	4	0	4	2	0	5	0	4	0	0	4	3	0	0	1	2	1	1	2	2	1	0	2	0	1	8	1	1	0	4	3	1	2	0	2	2	0	2	1	2	3	2	0	2	2	3	4	1	3	0	0	1	1	3	0	2	3	0	3	1
TIGR04246-sample1	39	28	55	26	64	40	62	44	60	6	30	36	42	61	16	45	17	28	39	73	11	201	31	147	31	1	12	6	4	10	6	19	6	12	8	4	5	6	19	6	0	7	6	5	25	4	9	0	6	6	0	2	2	7	4	1	0	1	8	12	13	3	15	2	6	6	7	34	41	68	23	30	35	25	45	66	75	47	29	180	22	85	13	43	86	53	123	24	61	59	45	28	66	51	58	70	69	52	61	100	102	105	0	55	71	68	20	77	46	66	66	57	40	84	33	63	74	66	11	54	45	16	10	28	45	108	61	47	14	67	23	7	62	5	38	71	31	30	27
NrfA_PF02335_full..stockholm-sample1	3	0	4	0	2	0	3	4	0	0	1	0	2	1	0	2	2	1	1	2	17	4	21	8	21	0	13	22	12	3	2	6	14	13	4	1	3	3	13	19	1	3	5	6	27	7	7	0	11	5	0	2	1	1	3	0	0	0	1	13	5	0	32	1	1	10	20	1	0	5	4	3	2	1	0	3	3	2	4	3	0	7	0	1	1	1	5	1	2	4	1	5	3	0	2	3	2	1	1	2	2	3	0	4	8	4	3	3	3	2	2	3	1	1	0	4	0	9	0	1	1	4	3	2	6	2	2	1	2	2	1	0	1	1	2	3	3	0	3
TIGR03152-sample1	0	0	1	0	0	0	1	1	1	0	1	1	0	1	0	0	1	0	0	4	4	4	2	8	2	0	2	0	1	5	2	1	2	2	1	0	1	4	4	2	0	4	3	1	9	3	0	0	2	2	0	0	0	3	2	0	0	1	0	1	2	1	6	2	7	4	5	2	3	2	1	0	4	8	2	1	1	0	0	6	2	7	0	0	1	1	1	0	1	2	0	0	0	1	0	0	3	0	0	1	1	4	0	1	0	1	1	1	1	1	0	5	0	3	0	3	0	3	2	5	5	4	3	2	0	1	4	0	4	0	1	0	1	0	0	2	0	1	1
TIGR03148-sample1	4	1	3	0	1	1	6	2	1	0	2	7	5	2	0	0	2	0	1	8	4	5	9	2	9	0	2	0	1	1	0	0	4	0	1	2	0	2	4	0	0	9	3	0	6	2	2	0	1	2	0	2	0	0	0	0	0	1	2	0	0	1	11	2	1	2	9	1	8	1	3	3	6	2	1	0	5	2	1	6	2	5	0	2	6	2	3	0	3	1	3	0	6	0	2	1	4	0	1	3	11	4	0	1	1	2	1	3	1	0	0	2	3	1	4	0	9	7	4	2	13	2	4	2	2	5	1	1	4	3	1	0	7	1	6	5	2	1	10
TIGR03153-sample1	0	0	0	0	0	0	1	0	0	0	0	0	0	0	0	1	0	1	1	0	3	0	0	7	0	0	0	2	4	0	0	0	0	0	1	0	1	0	1	0	0	1	1	0	2	0	0	0	1	1	0	0	0	0	0	0	0	0	0	0	0	0	1	0	0	1	0	1	0	1	0	0	0	1	2	0	1	1	0	0	0	0	0	1	1	0	0	0	1	0	0	0	0	2	2	0	0	0	0	1	2	0	0	0	0	1	1	0	1	0	2	0	6	0	0	0	3	0	1	0	0	0	0	2	0	0	0	0	0	0	1	0	0	0	0	0	0	0	0
TIGR01323-sample1	1	0	3	0	7	2	4	1	1	0	2	3	2	5	0	0	1	3	1	3	4	2	0	3	0	0	2	3	1	4	4	3	0	3	4	2	0	3	8	3	0	21	22	0	12	3	3	0	1	1	0	1	1	3	2	0	0	1	3	3	7	0	8	1	0	4	3	0	0	3	3	0	1	3	1	5	4	3	3	7	0	4	2	2	0	2	2	2	3	3	6	1	3	2	1	1	1	4	1	7	2	6	0	4	0	3	4	4	2	3	1	2	1	5	1	4	2	8	5	6	5	1	2	2	0	4	0	1	4	1	3	0	1	1	1	0	1	2	3
TIGR03888-sample1	0	1	3	2	3	1	7	2	0	1	1	3	0	2	1	1	1	0	0	1	4	1	17	5	17	0	0	1	1	0	1	5	0	3	2	1	0	0	3	0	0	1	0	3	4	0	1	0	0	1	0	1	0	2	4	0	1	13	0	1	4	0	2	1	1	1	2	1	2	3	1	0	4	0	0	2	4	2	1	1	1	3	1	0	3	2	1	0	1	2	2	0	1	2	0	0	2	3	1	4	3	2	0	2	5	2	2	5	4	1	2	2	0	5	0	3	2	3	1	1	2	1	2	2	1	4	0	11	1	1	3	0	1	0	2	2	0	0	1
TIGR04315-sample1	1	1	3	0	1	0	1	0	0	2	0	2	0	6	0	0	0	1	0	1	18	1	60	2	60	0	12	13	1	2	3	5	14	12	12	3	0	2	4	8	0	5	2	1	8	2	7	1	7	8	0	2	1	3	2	2	0	3	3	9	1	0	49	1	2	2	26	1	3	5	0	3	0	2	14	1	1	5	0	2	0	1	2	2	0	2	1	1	2	2	0	2	0	17	7	3	0	0	3	1	2	1	0	0	8	1	0	0	4	2	4	7	1	1	3	1	5	3	1	4	1	1	0	0	0	0	2	0	2	0	0	0	2	0	1	1	3	0	1
TIGR03479-sample1	6	11	27	12	26	12	18	19	12	4	8	31	8	34	9	16	13	13	21	7	34	84	46	52	46	1	32	15	2	7	19	23	17	13	4	6	4	7	26	10	1	25	17	16	38	4	15	0	19	6	0	3	4	11	6	7	4	2	20	20	93	5	33	7	15	6	21	20	35	29	21	11	28	38	16	43	53	15	34	93	10	50	7	15	13	17	27	19	20	17	20	18	36	33	28	40	29	24	32	29	23	39	0	36	36	24	14	14	18	27	24	31	14	33	11	34	12	42	25	20	27	17	11	20	19	41	15	38	13	16	26	4	35	2	49	22	20	14	22
TIGR03478-sample1	0	1	4	0	3	1	2	1	0	1	1	1	0	0	4	2	4	2	3	0	16	0	4	1	4	0	8	2	0	2	1	1	4	3	2	1	0	1	1	3	0	3	3	3	8	1	1	0	2	2	0	2	0	0	0	0	0	1	1	4	6	1	8	1	2	3	3	2	6	2	3	2	0	0	3	3	1	0	4	2	1	3	1	1	0	6	3	0	2	2	5	1	2	2	3	2	1	3	3	6	4	1	0	2	3	5	1	4	4	3	2	1	3	1	0	10	10	11	2	3	0	3	1	1	1	2	2	0	0	0	1	3	2	2	1	1	0	1	3
TIGR03080-sample1	2	0	2	1	1	1	1	2	0	0	0	1	0	0	0	1	3	0	2	0	11	18	7	2	7	0	7	4	1	8	3	0	3	0	1	3	1	2	6	0	0	3	3	0	1	0	0	0	1	0	0	0	0	2	3	1	0	1	3	1	6	1	3	0	4	2	1	0	1	4	3	0	0	1	0	3	4	0	4	2	0	2	0	1	0	0	1	2	1	1	1	2	0	0	4	3	0	0	4	3	3	3	0	1	1	2	0	1	0	8	0	3	0	1	1	1	0	3	1	2	2	1	0	2	2	2	0	0	2	3	2	0	0	0	7	1	1	1	0
TIGR03079-sample1	0	1	2	1	9	6	4	1	0	1	3	5	0	1	1	1	0	1	3	1	11	6	31	6	31	1	8	2	0	1	1	7	11	3	6	0	5	2	45	3	1	7	5	12	19	1	7	0	2	7	0	0	3	3	7	13	4	1	16	8	124	3	28	6	3	10	13	1	3	2	9	1	9	16	1	11	2	1	17	22	0	18	1	5	4	10	3	3	2	0	1	3	9	4	5	10	1	4	3	5	2	6	0	4	4	0	3	5	5	3	7	5	2	2	2	1	5	5	2	2	2	3	0	3	5	2	1	9	1	1	5	1	1	2	29	10	7	2	5
TIGR03078-sample1	1	4	13	1	32	16	4	5	0	0	2	4	0	5	9	2	0	1	11	2	28	0	82	2	82	2	27	4	1	1	5	23	23	14	21	5	2	2	112	6	1	10	8	18	64	18	15	0	12	14	0	6	6	31	21	19	10	2	46	40	339	9	40	11	2	12	31	2	2	2	81	11	10	107	5	59	2	3	95	0	4	10	3	2	1	2	3	7	8	15	4	5	21	4	22	34	54	13	25	3	2	7	0	24	6	0	22	11	6	19	5	4	0	0	2	6	0	12	14	35	2	1	0	1	34	1	2	2	0	3	4	0	0	6	70	1	0	19	32
propionyl-CoA-synthase_alignment-sample1	13	5	46	17	38	13	35	7	11	10	11	13	14	19	6	13	14	18	12	20	38	17	26	59	26	1	21	13	16	10	10	15	11	5	8	11	5	8	4	1	0	15	14	10	35	10	11	0	9	9	0	5	3	10	8	2	3	1	6	12	17	4	33	4	8	14	13	15	12	40	7	30	11	15	29	20	21	37	27	19	16	17	14	11	23	21	64	15	18	31	25	15	12	11	32	17	19	16	38	48	24	36	0	14	50	31	10	24	30	39	33	33	20	41	21	27	19	45	9	24	15	7	6	11	15	12	22	11	4	19	6	4	12	1	8	10	9	20	9
TIGR01432-sample1	0	1	2	0	1	0	0	2	0	0	0	0	0	3	0	1	1	1	2	1	2	5	6	2	6	0	2	1	0	0	1	2	1	1	0	0	1	1	0	0	0	2	1	0	2	0	3	0	1	0	0	0	0	0	0	0	0	0	0	0	0	2	4	0	0	0	0	2	1	2	2	3	5	3	1	1	2	2	0	0	1	0	1	2	0	1	0	2	2	3	2	1	0	6	1	2	0	0	1	1	2	4	0	0	5	1	0	0	2	1	2	1	1	1	2	2	0	3	3	4	2	1	0	2	0	0	2	0	3	0	2	0	0	1	0	2	0	1	1
TIGR02882-sample1	24	12	35	14	25	20	27	22	22	7	9	24	26	25	6	12	10	11	18	21	66	35	94	72	94	1	24	14	11	42	39	30	12	39	26	26	32	49	52	16	3	73	66	7	105	26	33	2	24	8	0	12	4	29	18	2	3	2	43	39	21	9	59	15	127	76	29	15	51	44	18	33	41	27	25	38	49	31	25	37	28	30	11	19	32	35	47	10	23	26	40	23	33	30	35	24	37	28	42	37	52	59	0	20	39	25	19	50	20	38	38	32	16	35	20	28	27	33	16	28	27	13	16	17	20	16	42	23	6	24	35	4	29	2	28	11	19	26	33
TIGR02486-sample1	4	1	3	0	3	3	6	0	3	0	2	3	2	0	1	4	3	1	2	2	22	5	31	9	31	1	23	7	1	4	3	11	10	8	9	19	4	3	4	6	1	7	4	6	30	4	9	1	8	4	0	0	2	7	2	1	3	0	5	12	5	3	26	2	0	15	20	1	1	6	1	2	1	1	3	3	4	4	5	8	1	2	0	2	0	1	5	6	3	1	2	1	2	2	5	0	0	2	5	6	2	9	0	3	11	7	3	3	4	2	2	3	3	12	3	11	1	16	4	3	1	1	2	5	0	1	0	0	3	10	4	1	0	1	1	2	1	3	3
rubisco_form_I_alignment-sample1	98	110	87	48	77	34	98	84	38	15	44	43	334	92	35	128	47	31	21	52	408	49	147	91	147	16	27	86	210	42	20	15	55	93	161	68	127	155	101	118	31	510	337	108	972	192	56	4	105	118	0	110	21	48	40	40	8	36	66	57	45	71	90	194	88	168	120	10	25	128	159	33	31	166	34	120	24	32	106	293	32	350	15	34	27	61	40	64	45	29	38	60	135	36	55	138	100	32	87	168	39	80	0	214	156	70	57	51	78	19	50	76	4	116	36	120	29	209	44	72	45	14	60	24	66	7	22	52	9	73	77	7	3	7	25	27	20	65	110
rubisco_form_II_alignment-sample1	1	2	4	0	2	2	5	5	1	1	2	3	2	5	2	2	1	0	2	1	51	2	140	9	140	1	44	13	22	13	5	85	28	30	26	11	12	8	49	25	0	21	24	10	71	15	31	0	21	39	0	17	16	23	20	8	5	2	35	17	92	5	95	14	10	25	20	2	8	9	2	2	3	0	3	3	1	5	13	1	4	8	12	6	4	4	6	6	2	5	2	2	0	2	8	5	2	6	5	8	5	4	0	6	16	5	3	3	2	1	0	6	4	2	1	4	4	6	1	4	3	3	5	4	4	5	0	4	2	2	3	1	1	2	6	3	6	1	7
rubisco_form_III_alignment-sample1	0	0	4	0	0	0	3	0	1	0	1	1	1	2	0	0	0	1	0	2	3	5	2	3	2	0	4	3	3	1	1	1	1	1	2	0	1	2	0	1	0	2	1	1	6	5	0	0	0	2	0	0	0	0	3	0	0	0	0	2	6	1	1	0	2	0	0	0	1	0	1	2	5	2	1	4	4	0	3	4	0	3	2	2	1	3	3	0	2	3	3	4	2	1	4	0	0	2	3	2	0	1	0	2	1	1	0	1	2	1	4	1	0	1	2	3	1	2	0	1	1	3	1	1	0	0	2	0	0	0	2	0	0	1	0	2	2	3	0
rubisco_form_II_III_alignment-sample1	1	0	1	2	4	1	2	2	0	1	1	2	2	3	0	1	0	0	2	2	2	2	6	1	6	0	5	5	9	1	1	0	3	0	3	0	1	2	2	0	0	2	2	5	17	3	2	0	1	1	0	3	0	1	2	0	0	0	5	5	8	2	5	0	4	1	5	1	6	7	4	3	4	15	7	16	0	2	8	1	2	2	0	3	1	11	8	2	5	2	4	9	2	2	1	8	5	5	7	4	5	2	0	4	14	2	6	3	2	3	5	2	0	4	4	2	3	6	8	4	0	14	5	11	10	4	3	4	1	3	7	1	1	1	0	8	9	2	2
rubisco_form_IV_alignment-sample1	3	1	1	5	3	2	4	2	3	1	3	4	2	1	1	1	1	3	0	3	4	6	5	11	5	0	2	2	2	1	1	5	1	1	0	0	0	0	0	2	0	3	1	0	4	1	3	0	3	2	0	0	0	1	0	0	0	0	5	1	1	1	0	1	1	2	4	4	2	3	0	6	7	5	6	2	11	6	3	1	2	5	0	1	7	4	5	4	1	4	9	2	1	4	6	7	2	1	3	3	8	7	0	2	6	2	3	4	3	3	6	8	1	1	3	4	7	4	8	8	11	1	6	2	3	1	2	2	4	1	6	0	2	0	2	5	1	3	1
TIGR00339-sample1	48	47	45	28	47	22	40	38	9	2	30	8	123	15	17	43	8	17	17	24	22	8	53	29	53	0	14	4	3	3	4	4	12	15	10	3	1	4	5	5	0	6	2	4	9	2	4	1	8	6	0	0	3	3	2	2	1	0	5	4	6	3	39	3	5	2	16	3	3	26	5	9	1	12	3	9	3	6	11	11	17	13	6	16	12	12	15	20	22	4	8	24	30	3	14	30	33	3	13	84	13	18	0	63	47	35	12	15	9	7	18	17	1	42	0	55	7	63	12	28	5	5	6	5	9	5	6	14	1	27	5	3	1	2	6	2	5	21	10
TIGR03313-sample1	4	2	10	3	6	3	7	1	0	2	3	3	5	9	2	3	5	0	1	4	16	8	8	10	8	0	9	4	6	3	9	4	15	10	8	3	4	3	7	8	1	3	7	6	25	1	11	0	5	3	0	2	0	3	4	1	1	4	7	9	7	7	8	2	1	21	32	7	3	20	4	6	3	6	5	6	6	7	6	9	11	5	2	0	6	6	6	1	8	9	1	6	3	4	12	3	10	4	5	17	4	10	0	5	9	5	11	10	11	1	9	14	3	10	2	3	7	13	6	3	2	3	7	3	4	3	5	5	2	5	8	3	0	0	3	3	4	4	10
TIGR02821-sample1	5	9	19	10	13	2	11	19	4	3	5	10	5	11	0	7	7	6	4	8	16	10	8	6	8	0	6	3	3	15	2	10	5	6	12	11	4	3	11	15	2	37	41	1	28	14	6	2	6	11	0	8	1	4	11	3	2	1	2	5	2	2	8	5	11	5	10	1	11	15	5	6	15	7	17	8	9	18	12	21	10	16	6	12	9	3	10	18	15	17	11	10	12	8	18	8	9	5	26	14	6	9	0	8	13	15	5	5	32	6	4	19	2	12	4	9	8	15	10	8	5	7	5	12	5	11	2	3	8	7	3	1	9	0	5	9	8	9	7
TIGR02818-sample1	99	96	72	60	106	50	74	132	31	19	57	32	357	65	39	140	18	37	55	78	58	29	58	92	58	3	43	20	17	18	8	46	25	35	41	25	20	21	30	36	1	76	78	13	110	25	28	4	25	23	0	28	18	38	46	14	8	7	50	40	51	26	54	12	36	43	41	43	58	44	32	20	31	37	19	50	33	34	30	61	19	26	19	76	32	30	43	59	46	79	33	51	94	21	39	62	64	30	56	213	60	87	0	124	64	56	41	31	80	17	38	56	18	130	14	110	37	138	75	75	36	16	26	50	33	25	18	43	19	30	25	4	14	4	16	24	30	44	23
TIGR03451-sample1	0	4	10	3	2	2	4	5	2	0	4	6	0	6	1	0	0	2	3	6	8	7	13	6	13	1	3	1	8	4	1	8	5	7	5	11	2	6	11	1	1	18	9	3	20	7	3	0	4	4	0	1	0	3	2	2	0	0	6	11	19	7	11	7	3	4	7	2	8	7	2	4	3	1	5	4	6	1	3	10	3	9	1	6	1	2	6	3	6	7	1	8	2	5	2	4	1	2	5	8	2	6	0	6	7	13	4	3	6	4	3	1	1	2	2	4	1	9	3	1	8	3	0	6	4	4	1	2	8	2	7	0	5	0	2	3	3	3	2
sor_PF07682_full.stockholm-sample1	0	0	2	3	9	0	1	1	1	0	1	2	0	6	0	1	0	3	3	0	3	6	7	8	7	0	1	0	1	0	1	0	0	0	3	0	1	0	1	2	0	2	2	0	2	1	0	0	1	0	0	0	0	0	0	0	0	0	2	4	2	0	4	0	1	0	4	2	4	4	0	0	1	2	3	5	5	4	2	3	0	2	0	0	0	2	0	0	1	3	2	1	1	3	2	0	1	1	1	2	6	7	0	0	2	1	2	0	1	2	2	1	2	4	2	1	0	2	1	5	1	4	1	0	0	3	0	2	2	2	3	0	1	0	0	3	2	1	3
TIGR04486-sample1	11	10	25	10	24	8	19	18	14	5	12	32	6	19	8	6	13	7	15	25	184	26	481	37	481	4	230	35	40	80	76	309	77	66	62	71	59	68	280	105	4	126	147	25	226	32	114	3	85	105	0	32	47	117	100	52	12	11	143	44	533	30	280	60	146	133	63	18	18	37	15	18	41	22	32	25	37	21	18	38	14	37	12	7	5	17	27	13	13	25	18	20	15	19	21	17	13	22	24	45	20	27	0	18	22	24	17	20	23	20	30	23	4	28	15	24	17	57	10	25	17	21	11	17	11	17	10	6	14	19	18	2	8	3	15	19	14	23	20
TIGR04555-sample1	12	5	10	9	11	6	17	5	7	4	8	20	4	12	7	5	9	9	8	19	101	13	260	29	260	2	158	24	20	43	33	207	38	35	33	38	35	29	178	46	2	68	61	21	106	20	61	2	43	51	0	17	24	59	61	21	5	8	99	27	326	25	164	23	100	69	31	7	24	6	9	18	29	23	29	20	22	13	15	28	10	22	8	12	17	10	29	11	9	15	10	11	11	15	18	7	6	12	18	29	15	21	0	11	26	8	5	19	25	18	14	13	5	29	7	20	12	28	14	15	14	3	5	12	7	18	14	13	7	9	10	0	10	3	13	10	16	10	15
TIGR04488-sample1	6	3	5	9	10	5	12	6	9	1	6	11	4	7	2	2	4	3	6	12	69	7	256	11	256	5	160	19	19	39	34	216	53	40	37	25	23	26	166	55	2	49	65	30	108	20	52	3	47	60	0	16	27	53	65	32	6	8	80	23	328	17	138	26	76	77	50	7	13	6	3	7	25	4	8	2	13	7	8	14	7	7	5	8	6	9	15	5	8	7	11	3	9	19	7	8	7	4	14	17	17	22	0	9	20	4	2	13	7	13	16	10	6	10	4	7	7	10	7	5	14	6	5	6	2	7	10	4	9	2	4	2	8	1	7	4	1	4	4
sulfur_dioxygenase_sdo_alignment-sample1	1	1	2	0	0	1	5	0	0	0	0	1	1	3	0	0	1	0	1	2	1	1	5	1	5	0	1	1	1	0	2	0	0	0	0	2	0	0	2	1	0	0	0	0	1	2	1	0	1	1	0	0	0	2	0	0	0	0	4	0	18	0	1	0	1	0	0	3	0	0	0	1	1	3	1	0	2	0	1	0	0	2	1	3	1	0	2	1	2	2	2	0	2	1	0	3	1	0	0	2	1	1	0	1	3	0	0	7	0	0	2	0	0	3	2	3	1	2	0	1	0	1	3	0	1	6	0	8	0	0	0	1	0	0	1	3	4	0	1
thiosulfate_reductase_phsA_alignment-sample1	0	1	1	1	3	2	3	1	2	1	3	1	0	3	2	1	0	3	0	1	18	4	10	8	10	0	2	1	4	5	3	2	1	3	1	1	4	2	1	2	0	2	3	2	13	5	3	0	5	2	0	1	0	1	2	0	0	2	3	2	2	0	7	3	2	4	4	0	0	5	1	5	1	1	2	1	1	5	4	7	1	5	1	1	1	3	0	1	3	3	0	5	1	7	5	3	1	1	3	5	2	3	0	1	7	2	5	2	8	8	3	4	1	1	3	8	0	6	1	1	0	1	2	1	3	1	3	2	2	4	1	1	2	0	0	4	4	2	2
TIGR00193-sample1	0	1	1	1	2	0	0	5	0	1	0	1	2	0	0	0	1	0	1	0	2	0	1	1	1	0	2	0	0	0	1	0	1	0	1	0	0	0	0	1	0	0	1	0	1	0	0	0	0	0	0	0	0	0	0	0	0	0	0	2	0	0	0	0	0	0	0	0	0	3	0	0	0	0	0	0	0	2	0	1	0	0	1	0	1	0	1	1	0	2	0	0	0	0	0	0	1	1	1	8	0	0	0	0	0	0	2	1	1	1	0	0	0	0	0	0	1	1	0	0	2	1	0	0	0	1	1	0	0	0	2	0	0	0	0	1	0	0	0
TIGR00192-sample1	0	0	1	0	0	0	0	1	0	0	0	0	0	0	0	0	0	0	0	1	5	1	1	0	1	1	0	0	0	1	0	1	1	0	1	0	0	0	0	0	0	0	2	0	3	1	0	0	0	1	0	0	0	1	2	0	0	0	1	0	1	0	1	0	2	3	3	0	0	0	0	0	1	1	1	2	1	1	3	0	0	4	2	2	0	0	3	0	0	1	0	1	2	0	5	4	2	0	1	4	0	0	0	3	1	0	0	1	1	0	3	3	0	0	0	1	0	1	0	0	1	0	1	0	1	1	0	3	0	1	0	0	0	0	2	0	0	0	2
TIGR01792-sample1	25	25	24	23	37	10	19	28	9	8	26	16	55	18	24	22	18	15	25	12	45	9	50	27	50	1	33	12	7	17	18	26	10	22	15	16	6	11	33	17	0	27	34	14	52	5	10	0	9	12	0	7	6	6	14	5	4	4	36	27	57	11	55	8	37	21	19	4	1	27	17	12	18	27	8	8	11	10	16	14	14	11	3	15	7	12	19	13	11	6	9	13	41	8	15	27	21	11	15	84	11	15	0	49	19	15	12	11	7	9	18	16	7	51	5	42	15	50	14	20	4	9	9	14	11	5	10	9	6	20	7	2	2	3	17	4	2	14	12
TIGR03315-sample1	1	0	5	1	2	0	2	3	0	0	0	3	3	4	1	1	1	2	2	5	36	12	11	4	11	1	10	10	3	8	3	5	8	7	7	3	2	4	5	9	1	10	5	1	19	6	8	2	7	4	0	7	2	0	5	0	0	0	2	9	2	8	18	2	4	11	17	4	7	4	4	2	9	1	2	6	2	2	5	10	2	8	5	2	2	3	5	3	3	3	3	3	6	3	3	1	2	1	4	4	3	8	0	1	9	3	6	2	7	2	5	1	2	2	4	3	2	7	4	2	1	6	3	6	3	4	1	4	4	5	5	0	0	2	2	6	3	3	3
TIGR03312-sample1	0	2	4	0	0	0	0	0	0	0	0	0	0	1	1	0	1	0	0	0	3	2	1	1	1	0	2	0	0	2	1	0	0	2	0	2	0	0	0	0	0	0	0	0	2	1	1	0	1	1	0	0	0	0	0	0	2	0	0	1	1	3	0	0	2	3	1	0	1	0	2	2	0	8	0	0	0	1	3	0	0	1	0	0	0	2	0	1	2	1	0	1	0	0	1	3	1	2	0	1	0	3	0	2	0	2	0	0	1	1	0	1	0	4	0	0	0	0	0	1	0	0	0	1	1	0	1	0	1	0	0	0	0	0	4	0	0	2	1
gi|118567952|gb|ABL02757.1|sqr	119	86	97	49	63	58	85	98	43	22	47	57	319	73	22	104	39	21	32	60	1753	132	1996	111	1996	24	553	235	105	176	100	518	580	361	463	224	127	127	700	527	13	520	378	205	733	117	617	15	328	445	0	142	165	376	314	89	55	21	434	542	1745	61	1269	186	210	324	717	41	45	98	67	57	98	85	77	58	97	67	105	188	52	168	53	55	43	57	74	42	60	63	77	76	135	70	74	130	106	59	79	153	78	122	0	182	187	83	63	59	56	55	69	77	35	90	35	108	39	144	59	109	52	44	45	38	43	71	47	51	73	37	63	14	31	5	129	64	39	67	53
gi|500800570|ref|WP_011998629.1|4-hydroxybutyryl-CoA-dehydratase	5	10	29	10	23	8	17	8	11	4	10	13	6	20	3	4	13	6	8	8	78	11	78	29	78	4	147	19	15	60	41	155	75	51	45	40	31	53	129	55	11	97	130	16	194	36	69	1	45	46	0	17	15	46	50	11	12	3	82	125	187	43	91	29	59	65	83	12	33	37	11	12	41	22	30	18	36	27	20	18	12	14	13	10	15	11	24	19	18	19	27	18	8	23	23	15	14	7	28	53	32	40	0	22	36	42	7	19	18	16	31	21	13	23	19	22	15	42	18	16	16	11	5	16	5	19	12	13	9	12	11	2	24	4	9	12	12	23	17
