2582761250	GT32.hmm	0.00024	16	61	22	69		0.5
2582761260	CBM48.hmm	7.3e-20	2	67	32	114		0.855263157894737
2582761260	GH13_9.hmm	1.5e-143	1	290	187	487		0.993127147766323
2582761293	GH109.hmm	6.6e-20	2	122	47	164		0.952380952380952
2582761294	CE9.hmm	4.7e-72	50	344	10	314		0.788203753351206
2582761295	dockerin.hmm	2.9e-06	1	21	854	874		0.952380952380952
2582761295	dockerin.hmm	0.00022	1	21	897	917		0.952380952380952
2582761298	AA7.hmm	9e-21	12	150	38	179		0.301310043668122
2582761304	CE1.hmm	9e-27	6	209	47	284		0.894273127753304
2582761321	AA6.hmm	1.4e-49	2	193	4	185		0.979487179487179
2582761333	GT32.hmm	7.7e-07	52	84	110	142		0.355555555555556
2582761343	CE6.hmm	1.8e-06	44	98	199	265		0.545454545454545
2582761362	GT4.hmm	0.00019	99	159	263	321		0.375
2582761378	GH109.hmm	2e-18	1	111	45	148		0.873015873015873
2582761380	CBM66.hmm	7.5e-21	4	154	1068	1230		0.967741935483871
2582761390	CE3.hmm	4.5e-08	3	189	53	240		0.958762886597938
2582761420	CE1.hmm	6.1e-29	5	143	43	226		0.607929515418502
2582761433	GT4.hmm	9.2e-23	5	142	259	396		0.85625
2582761440	GT4.hmm	1.2e-26	8	155	285	432		0.91875
2582761450	CE1.hmm	2.2e-33	5	210	93	293		0.903083700440529
2582761456	CE1.hmm	5e-41	5	208	63	292		0.894273127753304
2582761456	CE1.hmm	1.8e-22	7	219	337	578		0.933920704845815
2582761461	CBM32.hmm	1.7e-12	31	122	472	586		0.733870967741935
2582761462	CBM44.hmm	2.2e-05	6	64	496	559		0.90625
2582761462	CBM6.hmm	6.3e-14	35	138	801	911		0.746376811594203
2582761471	GH109.hmm	1.5e-22	2	122	39	157		0.952380952380952
2582761472	CE1.hmm	1.5e-12	11	216	532	757		0.903083700440529
2582761478	CBM67.hmm	2.3e-20	4	168	98	233		0.931818181818182
2582761518	CBM51.hmm	1.7e-12	83	134	517	568		0.380597014925373
2582761518	CBM51.hmm	1.8e-19	3	82	577	663		0.58955223880597
2582761520	CBM9.hmm	8.2e-31	1	180	59	263		0.983516483516483
2582761526	GH109.hmm	4e-09	59	122	49	112		0.5
2582761546	CE14.hmm	3.4e-24	1	124	9	118		0.991935483870968
2582761560	AA2.hmm	1.5e-17	8	117	173	284		0.427450980392157
2582761560	AA2.hmm	5e-06	156	251	395	508		0.372549019607843
2582761560	AA2.hmm	4.8e-12	28	253	565	830		0.882352941176471
2582761564	CE1.hmm	1.9e-06	14	122	7	109		0.475770925110132
2582761587	dockerin.hmm	6.1e-05	1	17	2247	2263		0.761904761904762
2582761588	CE14.hmm	1.6e-15	1	117	5	109		0.935483870967742
2582761601	CE10.hmm	3.2e-14	77	316	1100	1327		0.700879765395894
2582761606	GT2.hmm	2.2e-25	4	167	8	164		0.970238095238095
2582761624	CE10.hmm	1.6e-14	83	311	452	669		0.668621700879765
2582761627	GH109.hmm	1.4e-18	3	114	40	145		0.880952380952381
2582761691	CE12.hmm	2.8e-07	9	172	53	222		0.776190476190476
2582761698	CBM40.hmm	2.6e-09	8	175	481	643		0.932960893854749
2582761710	dockerin.hmm	0.00017	1	21	53	73		0.952380952380952
2582761717	PL22_1.hmm	1.1e-07	4	98	245	340		0.930693069306931
2582761720	GH109.hmm	1.2e-17	1	122	4	123		0.96031746031746
2582761751	CE1.hmm	4.3e-26	4	156	115	287		0.669603524229075
2582761761	GH109.hmm	3.3e-13	1	114	9	110		0.896825396825397
2582761763	CE11.hmm	1.6e-79	1	270	7	278		0.992619926199262
2582761778	GT4.hmm	4e-29	9	157	180	324		0.925
2582761827	CBM66.hmm	9.5e-17	3	155	159	311		0.980645161290323
2582761828	CBM38.hmm	6e-25	2	128	310	466		0.976744186046512
2582761843	CE1.hmm	3.3e-07	11	125	54	167		0.502202643171806
2582761866	GH13.hmm	1.8e-26	20	285	45	356		0.88628762541806
2582761906	CE10.hmm	1.4e-32	93	334	70	302		0.706744868035191
2582761909	GT30.hmm	1.4e-59	9	175	47	217		0.937853107344633
2582761924	CBM51.hmm	1.8e-08	45	134	404	492		0.664179104477612
2582761928	CBM66.hmm	9.8e-06	90	149	177	240		0.380645161290323
2582761943	GH109.hmm	6.2e-19	1	122	35	149		0.96031746031746
2582761959	CE7.hmm	1.9e-15	56	205	88	250		0.476038338658147
2582761960	CE10.hmm	1.8e-27	64	311	32	262		0.724340175953079
2582761964	GT35.hmm	1.4e-115	211	573	275	652		0.537091988130564
2582762033	CBM67.hmm	1.8e-19	1	131	597	736		0.738636363636364
2582762056	GH109.hmm	7.5e-14	2	119	36	148		0.928571428571429
2582762080	GT2.hmm	2.7e-24	1	165	8	194		0.976190476190476
2582762114	GT4.hmm	1.1e-11	6	151	214	364		0.90625
2582762123	GT4.hmm	1.4e-41	7	156	194	341		0.93125
2582762143	GH39.hmm	4.1e-06	59	342	78	407		0.65661252900232
2582762161	CE1.hmm	5.7e-26	19	211	333	526		0.845814977973568
2582762163	GH109.hmm	4.1e-12	1	123	17	143		0.968253968253968
2582762179	GT2.hmm	1.6e-26	1	167	4	193		0.988095238095238
2582762180	CE1.hmm	1.1e-14	9	211	62	271		0.889867841409692
2582762240	CE12.hmm	3.8e-06	68	159	171	261		0.433333333333333
2582762242	GH16.hmm	3.1e-27	95	189	1	122		0.497354497354497
2582762291	CBM38.hmm	8.8e-06	39	123	636	720		0.651162790697674
2582762301	CE4.hmm	2.5e-20	20	127	34	145		0.823076923076923
2582762308	GT4.hmm	3.1e-24	7	149	231	387		0.8875
2582762315	CE1.hmm	1.3e-09	27	143	550	691		0.511013215859031
2582762316	CBM38.hmm	8.5e-27	2	129	449	579		0.984496124031008
2582762327	CE10.hmm	1.4e-23	78	332	78	303		0.744868035190616
2582762364	CBM66.hmm	2.3e-07	4	150	60	222		0.941935483870968
2582762369	CE1.hmm	4.1e-06	27	133	61	158		0.466960352422908
2582762390	CBM51.hmm	1.8e-08	45	134	410	498		0.664179104477612
2582762408	CE15.hmm	1.2e-82	13	265	69	445		0.936802973977695
2582762412	GH74.hmm	2.5e-07	48	146	136	233		0.420600858369099
2582762570	CBM35.hmm	9.7e-08	18	110	266	355		0.747967479674797
2582762617	GT4.hmm	3.4e-31	8	159	204	355		0.94375
2582762627	CE14.hmm	6.2e-20	2	117	12	112		0.92741935483871
2582762644	GH109.hmm	3e-14	2	120	47	153		0.936507936507937
2582762651	CE10.hmm	1.6e-14	83	311	452	669		0.668621700879765
2582762695	CBM30.hmm	1.5e-05	6	90	48	123		0.923076923076923
2582762695	GH9.hmm	2.1e-113	2	418	138	584		0.995215311004785
2582762715	GT4.hmm	2.7e-25	11	158	227	374		0.91875
2582762716	GT2.hmm	4.6e-24	2	168	18	178		0.988095238095238
2582762732	GT5.hmm	1.5e-172	1	471	2	493		0.995762711864407
2582762742	CE1.hmm	1.3e-22	5	143	49	228		0.607929515418502
2582762743	CE10.hmm	6.1e-35	64	301	19	255		0.695014662756598
2582762765	CBM51.hmm	2.7e-10	83	134	361	414		0.380597014925373
2582762765	CBM51.hmm	1.6e-13	3	84	423	508		0.604477611940298
2582762766	dockerin.hmm	1.7e-05	1	21	661	681		0.952380952380952
2582762766	dockerin.hmm	9.6e-07	1	21	701	721		0.952380952380952
2582762767	CE1.hmm	6.3e-16	20	207	396	554		0.823788546255507
2582762774	GT4.hmm	5.2e-20	12	148	269	405		0.85
2582762788	GT2.hmm	5.2e-26	1	167	78	235		0.988095238095238
2582762791	GT2.hmm	5.5e-26	1	163	22	180		0.964285714285714
2582762792	GT83.hmm	3.1e-11	65	363	81	385		0.551851851851852
2582762801	GT4.hmm	1.2e-23	7	127	136	254		0.75
2582762823	CE6.hmm	4.9e-12	5	77	738	810		0.727272727272727
2582762875	CE14.hmm	7.4e-20	1	124	22	127		0.991935483870968
2582762882	dockerin.hmm	8.8e-06	1	21	1351	1371		0.952380952380952
2582762892	CE6.hmm	1.6e-05	3	57	184	238		0.545454545454545
2582762892	CE6.hmm	6.4e-05	60	96	301	338		0.363636363636364
2582762896	CBM51.hmm	8.3e-05	59	133	611	685		0.552238805970149
2582762900	CBM66.hmm	5.2e-09	2	155	368	552		0.987096774193548
2582762902	GH109.hmm	6.8e-09	1	106	50	162		0.833333333333333
2582762927	GT41.hmm	3.4e-84	80	513	412	955		0.614184397163121
2582762961	GH32.hmm	1.7e-44	9	284	269	546		0.938566552901024
2582762981	CE3.hmm	1.1e-16	52	189	104	244		0.706185567010309
2582762983	GT4.hmm	5.2e-36	8	146	195	331		0.8625
2582762987	GT4.hmm	1.3e-17	76	151	217	291		0.46875
2582762988	GT2.hmm	3.2e-25	1	118	15	130		0.696428571428571
2582762989	GT2.hmm	1.6e-09	2	162	10	162		0.952380952380952
2582762990	GT4.hmm	2.9e-28	4	160	506	663		0.975
2582763021	GH109.hmm	2.8e-09	4	120	5	111		0.920634920634921
2582763029	PL9_1.hmm	1.5e-08	18	194	37	229		0.656716417910448
2582763104	GH109.hmm	5.4e-10	2	111	51	156		0.865079365079365
2582763131	GH109.hmm	3.8e-21	5	114	51	154		0.865079365079365
2582763156	GH109.hmm	3e-17	2	123	45	170		0.96031746031746
2582763178	PL22.hmm	9.9e-07	31	250	125	485		0.826415094339623
2582763179	CE1.hmm	2.5e-07	26	143	28	174		0.515418502202643
2582763192	GT2.hmm	6.3e-25	1	167	58	230		0.988095238095238
2582763213	GT9.hmm	7.5e-47	2	211	71	313		0.928888888888889
2582763214	CBM48.hmm	4.3e-09	10	69	67	133		0.776315789473684
2582763214	CE1.hmm	9.3e-54	1	218	171	402		0.955947136563877
2582763226	CBM67.hmm	5.8e-05	20	98	297	369		0.443181818181818
2582763247	CBM32.hmm	7.8e-25	5	122	331	450		0.943548387096774
2582763250	GH109.hmm	1.1e-07	19	111	29	124		0.73015873015873
2582763258	GH5_13.hmm	1.2e-108	1	275	65	343		0.996363636363636
2582763262	GT4.hmm	1.7e-22	9	153	252	401		0.9
2582763274	dockerin.hmm	5e-05	1	20	66	85		0.904761904761905
2582763290	CE1.hmm	2.7e-06	11	132	474	583		0.533039647577093
2582763295	GH109.hmm	1.9e-18	2	123	51	162		0.96031746031746
2582763318	GH109.hmm	1.5e-19	1	126	5	120		0.992063492063492
2582763384	PL22_1.hmm	1.5e-07	4	98	277	372		0.930693069306931
2582763450	GH130.hmm	5.8e-08	54	211	15	215		0.530405405405405
2582763457	GT2.hmm	1.1e-26	1	168	5	168		0.994047619047619
2582763463	CBM47.hmm	6e-21	1	95	573	664		0.734375
2582763485	GH13.hmm	5.5e-59	12	297	209	545		0.953177257525084
2582763486	GH74.hmm	8.2e-09	38	111	289	368		0.313304721030043
2582763486	GH74.hmm	2.2e-13	29	110	333	418		0.347639484978541
2582763486	GH74.hmm	2.6e-09	43	119	399	503		0.32618025751073
2582763486	GH74.hmm	4.9e-09	36	112	844	958		0.32618025751073
2582763486	GH74.hmm	3.2e-05	46	118	1181	1248		0.309012875536481
2582763519	GT19.hmm	1.2e-100	1	349	34	394		0.983050847457627
2582763550	GT2.hmm	7.4e-25	2	167	28	191		0.982142857142857
2582763567	AA3.hmm	2.5e-67	85	396	17	537		0.503236245954693
2582763589	GT4.hmm	1.9e-27	8	153	172	315		0.90625
2582763616	CBM50.hmm	6.1e-07	1	36	327	366		0.875
2582763637	GH109.hmm	8.3e-12	1	114	45	162		0.896825396825397
2582763646	CE14.hmm	1e-08	1	42	349	390		0.330645161290323
2582763720	GH109.hmm	6.8e-13	1	118	38	148		0.928571428571429
2582763731	dockerin.hmm	0.00086	1	21	81	101		0.952380952380952
2582763746	GT4.hmm	8.1e-28	8	157	193	340		0.93125
2582763749	CE1.hmm	5.1e-06	107	209	197	316		0.449339207048458
2582763755	GH109.hmm	4.7e-14	2	121	39	151		0.944444444444444
2582763761	CE15.hmm	1.5e-14	15	267	361	681		0.936802973977695
2582763769	GT2.hmm	9.2e-27	1	163	4	167		0.964285714285714
2582763788	GT9.hmm	1.1e-48	3	222	103	357		0.973333333333333
2582763817	GH33.hmm	1.1e-22	79	327	156	400		0.725146198830409
2582763826	CBM48.hmm	3e-10	2	69	16	109		0.881578947368421
2582763826	GH13_11.hmm	2.3e-142	1	346	171	531		0.997109826589595
2582763850	AA3.hmm	3.6e-92	88	400	3	531		0.504854368932039
2582763874	CE1.hmm	3.7e-06	28	189	77	237		0.709251101321586
2582763877	CBM66.hmm	1.4e-11	37	155	83	209		0.761290322580645
2582763877	CE10.hmm	7.8e-24	57	269	229	457		0.621700879765396
2582763947	CE1.hmm	6e-07	13	127	554	678		0.502202643171806
2582763968	CE12.hmm	6.8e-07	25	164	68	218		0.661904761904762
2582764005	CE15.hmm	3.2e-16	52	267	114	382		0.799256505576208
2582764035	CBM32.hmm	1.1e-05	4	56	692	753		0.419354838709677
2582764039	GH74.hmm	6.7e-15	38	120	122	207		0.351931330472103
2582764039	GH74.hmm	1.6e-09	45	115	588	666		0.300429184549356
2582764039	GH74.hmm	2.7e-06	48	130	647	725		0.351931330472103
2582764040	CBM38.hmm	1.9e-32	4	129	31	159		0.968992248062015
2582764040	GH32.hmm	1.5e-81	1	291	285	575		0.989761092150171
2582764050	PL9_1.hmm	7.1e-08	19	194	45	236		0.652985074626866
2582764071	CBM67.hmm	4.4e-18	2	136	77	192		0.761363636363636
2582764073	GH63.hmm	4.4e-21	364	565	490	937		0.352631578947368
2582764076	CBM51.hmm	2.7e-26	2	134	483	613		0.985074626865672
2582764081	CE1.hmm	4.4e-53	1	222	79	301		0.973568281938326
2582764081	CE1.hmm	1.2e-50	1	221	446	669		0.969162995594714
2582764103	GH127.hmm	4.1e-46	65	523	119	552		0.874045801526718
2582764103	CBM32.hmm	6.5e-17	19	107	675	791		0.709677419354839
2582764115	CE6.hmm	0.00025	63	98	294	327		0.353535353535354
2582764153	CE15.hmm	6.3e-24	11	267	69	391		0.951672862453532
2582764219	GT4.hmm	4.9e-19	4	151	203	363		0.91875
2582764230	GT41.hmm	3.4e-84	80	513	412	955		0.614184397163121
2582764263	CBM67.hmm	5.8e-05	20	98	297	369		0.443181818181818
2582764266	CBM20.hmm	1.8e-13	5	85	53	134		0.888888888888889
2582764266	CE1.hmm	3e-37	1	222	167	426		0.973568281938326
2582764279	GT39.hmm	7e-09	64	212	103	254		0.663677130044843
2582764294	GH77.hmm	3.8e-160	1	491	13	551		0.991902834008097
2582764335	dockerin.hmm	3.6e-06	1	21	1751	1771		0.952380952380952
2582764339	CE1.hmm	2.2e-07	95	208	532	662		0.497797356828194
2582764401	CE3.hmm	1.4e-11	53	188	128	271		0.695876288659794
2582764421	CBM66.hmm	1.3e-08	3	140	53	219		0.883870967741936
2582764465	GH13_11.hmm	2.2e-55	219	346	1	131		0.367052023121387
2582764498	CE1.hmm	4.4e-53	1	222	79	301		0.973568281938326
2582764498	CE1.hmm	1.6e-50	1	221	446	669		0.969162995594714
2582764549	GT2.hmm	2.2e-19	1	137	291	426		0.80952380952381
2582764567	GT2.hmm	3.2e-08	2	164	16	175		0.964285714285714
2582764607	CE7.hmm	7.8e-11	152	276	825	948		0.396166134185303
2582764610	CE9.hmm	3.5e-101	4	371	21	401		0.983914209115281
2582764708	GT2.hmm	7.5e-22	1	154	8	160		0.910714285714286
2582764715	CBM67.hmm	1.6e-08	14	103	32	121		0.505681818181818
