2582622573	GT35.hmm	6.7e-276	1	674	112	827		0.998516320474777
2582622575	CE1.hmm	1.1e-08	27	143	39	152		0.511013215859031
2582622612	GT2.hmm	8.6e-14	1	147	39	174		0.869047619047619
2582622618	CE1.hmm	5.5e-06	29	207	16	235		0.784140969162996
2582622635	GT51.hmm	4.3e-57	2	176	60	246		0.983050847457627
2582622726	CE10.hmm	1.4e-59	45	334	39	326		0.847507331378299
2582622788	GH3.hmm	4.9e-48	9	215	132	356		0.953703703703704
2582622790	CBM32.hmm	7.2e-08	12	74	718	788		0.5
2582622790	CBM32.hmm	4.8e-05	17	62	950	1006		0.362903225806452
2582622838	GH2.hmm	1.4e-102	25	394	61	516		0.490691489361702
2582622841	GH29.hmm	2.8e-92	28	345	2	391		0.916184971098266
2582622856	CE3.hmm	1.5e-08	52	189	113	259		0.706185567010309
2582622857	CE10.hmm	8.3e-51	93	335	102	341		0.709677419354839
2582622865	CE14.hmm	3.9e-45	1	124	10	144		0.991935483870968
2582622875	GT28.hmm	3e-45	2	157	212	369		0.987261146496815
2582622896	GT87.hmm	6.3e-77	1	231	85	333		0.995670995670996
2582622902	GT4.hmm	1.3e-40	8	159	193	351		0.94375
2582622914	AA6.hmm	4.1e-09	15	117	21	122		0.523076923076923
2582623013	CE10.hmm	2.4e-70	45	337	32	318		0.856304985337243
2582623040	AA3.hmm	9.9e-97	88	398	5	563		0.501618122977346
2582623092	GH15.hmm	1.9e-81	2	360	278	643		0.991689750692521
2582623112	AA2.hmm	3.1e-08	66	249	19	230		0.717647058823529
2582623170	CE1.hmm	3.5e-19	7	215	34	266		0.916299559471366
2582623195	CE10.hmm	9e-43	42	222	48	244		0.527859237536657
2582623304	CE1.hmm	3e-09	26	143	45	176		0.515418502202643
2582623325	GT87.hmm	1.8e-16	2	220	84	304		0.943722943722944
2582623346	CE1.hmm	1.2e-06	103	175	78	205		0.317180616740088
2582623373	GT39.hmm	3.7e-69	4	223	46	295		0.982062780269058
2582623412	GH16.hmm	6.1e-33	4	188	3	235		0.973544973544973
2582623462	GT2.hmm	1.9e-19	3	161	72	230		0.94047619047619
2582623468	CE3.hmm	3.7e-06	3	189	5	182		0.958762886597938
2582623472	CE9.hmm	5.7e-118	4	373	6	384		0.989276139410188
2582623484	AA7.hmm	3.3e-83	4	455	26	446		0.98471615720524
2582623514	GT51.hmm	3.1e-58	2	176	71	257		0.983050847457627
2582623615	GH23.hmm	8e-05	21	74	39	93		0.392592592592593
2582623639	CE7.hmm	4.8e-08	43	197	52	216		0.492012779552716
2582623723	GT2.hmm	6e-19	1	166	66	244		0.982142857142857
2582623765	AA7.hmm	2e-26	13	203	38	237		0.414847161572052
2582623781	CE1.hmm	2.2e-27	11	224	199	459		0.938325991189427
2582623826	GH13_16.hmm	9.1e-207	2	354	65	421		0.994350282485876
2582623830	CE10.hmm	7.6e-12	74	279	11	244		0.601173020527859
2582623849	CE10.hmm	7.2e-65	71	335	49	294		0.774193548387097
2582623852	CE10.hmm	1.1e-41	55	227	65	246		0.504398826979472
2582623875	CE1.hmm	1.7e-12	27	140	45	151		0.497797356828194
2582623896	GH76.hmm	1.2e-80	38	329	40	327		0.812849162011173
2582623949	CBM48.hmm	8.5e-18	2	68	17	103		0.868421052631579
2582623949	GH13_11.hmm	7.3e-157	1	346	183	536		0.997109826589595
2582623973	GT2.hmm	3.9e-29	2	168	30	196		0.988095238095238
2582623998	GT1.hmm	1.9e-20	18	370	4	378		0.921465968586387
2582624028	CE1.hmm	1.1e-09	8	140	21	142		0.581497797356828
2582624045	CE1.hmm	3.2e-06	29	135	43	137		0.466960352422908
2582624065	CE1.hmm	1.9e-06	55	208	417	641		0.674008810572687
2582624107	GH25.hmm	3.7e-22	2	174	20	217		0.971751412429379
2582624139	GT87.hmm	1.4e-68	1	231	102	338		0.995670995670996
2582624212	GT4.hmm	1.8e-43	8	157	242	391		0.93125
2582624225	GT2.hmm	7e-27	1	115	4	121		0.678571428571429
2582624342	CE5.hmm	1.8e-39	62	189	3	139		0.671957671957672
2582624432	GH13_3.hmm	4.4e-148	1	238	163	400		0.995798319327731
2582624433	CBM48.hmm	0.00079	3	67	27	101		0.842105263157895
2582624433	CBM48.hmm	2.2e-17	3	71	127	216		0.894736842105263
2582624433	GH13_9.hmm	2.5e-141	1	290	277	577		0.993127147766323
2582624524	GH77.hmm	6.9e-144	2	475	178	681		0.95748987854251
2582624531	CBM50.hmm	2.5e-13	1	40	138	184		0.975
2582624554	GH3.hmm	2.8e-60	3	216	74	280		0.986111111111111
2582624558	CE1.hmm	6.1e-08	28	143	24	190		0.506607929515419
2582624614	AA7.hmm	1.1e-13	11	393	104	497		0.834061135371179
2582624629	AA3.hmm	5.9e-102	90	399	3	512		0.5
2582624634	AA2.hmm	5.3e-15	14	116	89	192		0.4
2582624635	GT85.hmm	1.8e-171	2	419	13	442		0.976580796252927
2582624637	AA7.hmm	3.5e-18	18	205	24	216		0.408296943231441
