2582987381	GH13.hmm	6.8e-25	12	287	163	446		0.919732441471572
2582987382	GH3.hmm	6.2e-56	6	215	115	339		0.967592592592593
2582987479	GH130.hmm	1.3e-86	2	295	5	349		0.989864864864865
2582987480	CE12.hmm	3.6e-13	31	209	23	193		0.847619047619048
2582987489	GH36.hmm	1.5e-27	247	496	197	454		0.361918604651163
2582987506	CE7.hmm	6.7e-16	51	203	75	236		0.485623003194888
2582987506	CE15.hmm	7.5e-12	97	266	187	342		0.628252788104089
2582987526	AA6.hmm	1.3e-07	2	94	5	109		0.471794871794872
2582987579	CBM50.hmm	1.8e-15	1	40	100	143		0.975
2582987579	CBM50.hmm	3.2e-12	1	40	218	261		0.975
2582987579	CBM50.hmm	0.00025	13	40	353	385		0.675
2582987598	CE9.hmm	2.1e-105	7	365	14	376		0.959785522788204
2582987610	AA4.hmm	2.3e-28	16	253	10	241		0.454022988505747
2582987618	CBM9.hmm	1e-07	57	153	105	207		0.527472527472527
2582987631	GH5_7.hmm	2.6e-06	23	143	50	163		0.461538461538462
2582987646	AA6.hmm	9.5e-08	14	93	17	107		0.405128205128205
2582987707	CBM4.hmm	7e-07	1	122	23	188		0.96031746031746
2582987725	GH109.hmm	1.5e-22	1	118	4	113		0.928571428571429
2582987787	GT2.hmm	1.4e-19	3	130	7	137		0.755952380952381
2582987805	GT83.hmm	2.4e-123	8	506	3	508		0.922222222222222
2582987806	GT83.hmm	1e-129	8	519	3	525		0.946296296296296
2582987814	GT2.hmm	2.9e-12	1	137	12	150		0.80952380952381
2582987830	CE10.hmm	4.5e-31	84	316	31	248		0.680351906158358
2582987832	GT2.hmm	3.1e-12	3	116	6	116		0.672619047619048
2582987834	GH109.hmm	3.9e-17	1	122	2	113		0.96031746031746
2582987835	GT39.hmm	5.7e-09	27	220	46	241		0.865470852017937
2582987852	CE12.hmm	1.3e-09	2	207	15	202		0.976190476190476
2582987873	CBM9.hmm	1.5e-08	1	135	34	175		0.736263736263736
2582987877	GH109.hmm	3.1e-05	60	123	57	120		0.5
2582987878	CBM35.hmm	0.00095	33	92	699	760		0.479674796747967
2582987898	CBM9.hmm	6.8e-09	27	153	153	295		0.692307692307692
2582987919	GT4.hmm	2.8e-34	4	156	223	381		0.95
2582987927	CBM4.hmm	1.4e-06	5	112	24	141		0.849206349206349
2582987971	AA6.hmm	1.3e-11	10	141	14	154		0.671794871794872
2582987974	GH123.hmm	2.2e-14	273	502	447	685		0.425650557620818
2582987977	CBM32.hmm	1.5e-07	17	108	74	194		0.733870967741935
2582987977	CBM32.hmm	1.4e-06	13	79	237	318		0.532258064516129
2582987977	CBM32.hmm	2e-08	15	108	1010	1130		0.75
2582987978	GH38.hmm	7.5e-17	1	256	4	303		0.947955390334573
2582987979	GH106.hmm	1.4e-62	4	521	7	570		0.627427184466019
2582987980	CBM32.hmm	3.8e-10	19	107	50	165		0.709677419354839
2582987985	GH109.hmm	3.1e-19	2	126	7	124		0.984126984126984
2582987986	GH109.hmm	6e-12	3	123	4	122		0.952380952380952
2582987988	GH109.hmm	6.5e-14	1	120	4	118		0.944444444444444
2582987991	GH109.hmm	2e-17	1	121	4	120		0.952380952380952
2582987996	GH109.hmm	9.6e-10	2	114	5	111		0.888888888888889
2582987999	GH109.hmm	1.3e-13	3	119	10	121		0.920634920634921
2582988015	GT2.hmm	2e-16	2	116	241	355		0.678571428571429
2582988016	GT83.hmm	2.3e-16	87	378	187	483		0.538888888888889
2582988018	GH109.hmm	3.1e-08	1	118	7	112		0.928571428571429
2582988048	CBM40.hmm	2.5e-07	88	175	146	224		0.486033519553073
2582988048	GH42.hmm	1.2e-24	108	336	523	750		0.61455525606469
2582988076	GH29.hmm	2.5e-93	38	344	3	298		0.884393063583815
2582988088	AA4.hmm	2.3e-22	20	266	16	249		0.471264367816092
2582988114	GH109.hmm	8.3e-20	1	124	4	119		0.976190476190476
2582988123	CE2.hmm	2.4e-06	116	208	255	367		0.440191387559809
2582988148	CBM16.hmm	6e-08	1	107	29	165		0.913793103448276
2582988160	GH20.hmm	7.4e-38	8	243	141	365		0.697329376854599
2582988164	CBM9.hmm	1.9e-06	1	151	42	206		0.824175824175824
2582988168	CE10.hmm	8.6e-10	98	309	45	242		0.618768328445748
2582988199	AA6.hmm	1.6e-13	1	119	3	99		0.605128205128205
2582988282	CBM67.hmm	2.4e-31	1	176	14	195		0.994318181818182
2582988282	GH78.hmm	3.5e-96	7	498	268	770		0.974206349206349
2582988289	CE12.hmm	1.1e-14	2	203	25	213		0.957142857142857
2582988313	GT30.hmm	2.3e-60	4	176	35	215		0.971751412429379
2582988334	CBM9.hmm	2.9e-15	1	181	636	815		0.989010989010989
2582988335	GH29.hmm	1.7e-106	42	346	4	307		0.878612716763006
2582988336	GH31.hmm	2.3e-89	2	422	197	629		0.983606557377049
2582988337	GH29.hmm	2.6e-12	98	221	24	165		0.355491329479769
2582988348	CE12.hmm	1.6e-66	1	210	8	203		0.995238095238095
2582988350	CE7.hmm	1.3e-111	2	311	4	315		0.987220447284345
2582988376	GT4.hmm	7.1e-26	6	150	192	335		0.9
2582988385	CBM70.hmm	1.5e-07	60	157	61	163		0.602484472049689
2582988389	GH109.hmm	3.4e-09	10	111	13	111		0.801587301587302
2582988391	CBM70.hmm	1.5e-07	52	157	50	161		0.652173913043478
2582988401	GH109.hmm	2.6e-10	1	125	8	121		0.984126984126984
2582988417	GH16.hmm	0.00059	112	172	166	235		0.317460317460317
2582988432	CBM32.hmm	7.4e-24	9	122	737	869		0.911290322580645
2582988432	CBM51.hmm	1.9e-18	48	134	961	1046		0.641791044776119
2582988433	GH109.hmm	2.4e-13	5	119	6	112		0.904761904761905
2582988434	GH109.hmm	4.5e-14	5	119	6	112		0.904761904761905
2582988435	GH4.hmm	1.7e-61	1	176	3	180		0.977653631284916
2582988443	GH29.hmm	1.3e-75	38	346	36	391		0.890173410404624
2582988498	GH109.hmm	6.5e-08	3	120	8	117		0.928571428571429
2582988499	GH4.hmm	1.8e-60	1	178	4	183		0.988826815642458
2582988525	GH109.hmm	1.9e-18	4	125	8	130		0.96031746031746
2582988542	GT2.hmm	1.3e-07	2	123	31	189		0.720238095238095
2582988560	GT39.hmm	7.4e-10	62	218	82	231		0.699551569506726
2582988567	CBM22.hmm	3.7e-07	1	128	38	166		0.969465648854962
2582988567	GH42.hmm	1.3e-12	42	243	763	992		0.54177897574124
2582988570	CBM67.hmm	6.5e-29	1	175	19	195		0.988636363636364
2582988570	GH78.hmm	4.3e-100	10	504	281	810		0.98015873015873
2582988572	GT39.hmm	1.8e-05	66	139	245	319		0.327354260089686
2582988585	CE1.hmm	7.5e-57	1	223	10	258		0.977973568281938
2582988601	GH38.hmm	1.1e-80	1	256	250	504		0.947955390334573
2582988607	CBM66.hmm	8.4e-06	6	154	46	197		0.954838709677419
2582988608	CBM57.hmm	1.7e-11	67	147	606	683		0.54421768707483
2582988608	GH9.hmm	1.6e-26	41	357	1070	1398		0.755980861244019
2582988610	GH38.hmm	1.1e-61	3	256	7	264		0.940520446096654
2582988616	GH4.hmm	1.1e-49	1	176	5	181		0.977653631284916
2582988619	CBM66.hmm	4.5e-09	2	154	26	187		0.980645161290323
2582988625	CBM9.hmm	3.7e-11	2	180	153	326		0.978021978021978
2582988625	GH20.hmm	3.5e-19	43	250	617	828		0.614243323442137
2582988626	GH20.hmm	3.9e-20	36	317	269	579		0.833827893175074
2582988626	CBM40.hmm	6.6e-07	85	174	880	966		0.497206703910615
2582988640	CBM16.hmm	4.5e-05	1	59	29	100		0.5
2582988640	GH84.hmm	1.7e-24	14	286	377	674		0.922033898305085
2582988640	CBM9.hmm	1.2e-21	1	149	766	917		0.813186813186813
2582988644	GH3.hmm	1.4e-56	7	215	66	288		0.962962962962963
2582988676	CBM9.hmm	3.2e-19	1	149	191	350		0.813186813186813
2582988676	GH42.hmm	1.3e-07	197	333	603	741		0.366576819407008
2582988681	GH141.hmm	1.2e-84	3	523	6	527		0.986717267552182
2582988684	GH29.hmm	7.5e-15	97	223	23	167		0.364161849710983
2582988690	GT28.hmm	6.4e-23	2	150	220	372		0.942675159235669
2582988694	GT9.hmm	5.7e-19	70	213	241	384		0.635555555555556
2582988698	GH4.hmm	6.9e-56	1	177	11	188		0.983240223463687
2582988699	CBM9.hmm	5.3e-13	24	182	669	817		0.868131868131868
2582988701	CBM32.hmm	2.3e-06	15	109	105	241		0.758064516129032
2582988704	GH29.hmm	6.2e-69	34	340	10	319		0.884393063583815
2582988707	GH95.hmm	9.9e-115	5	712	4	693		0.979224376731302
2582988711	GH29.hmm	8.3e-10	99	209	24	152		0.317919075144509
2582988712	CE7.hmm	6.8e-16	62	205	77	225		0.456869009584665
2582988713	GH42.hmm	1.7e-12	21	235	540	779		0.576819407008086
2582988736	CBM9.hmm	4.7e-20	5	153	29	188		0.813186813186813
2582988737	GH109.hmm	1e-10	2	125	3	130		0.976190476190476
2582988746	GH29.hmm	7.2e-10	98	239	23	185		0.407514450867052
2582988747	GH109.hmm	1.2e-09	2	115	5	110		0.896825396825397
2582988748	CBM4.hmm	2e-08	1	113	291	432		0.888888888888889
2582988748	CBM9.hmm	6.8e-19	1	179	1129	1337		0.978021978021978
2582988749	GH20.hmm	3.8e-11	76	240	135	357		0.486646884272997
2582988762	GT2.hmm	1.7e-19	3	132	15	142		0.767857142857143
2582988791	GH23.hmm	3e-20	16	127	57	189		0.822222222222222
2582988794	CE12.hmm	4.1e-09	2	205	37	226		0.966666666666667
2582988809	CE1.hmm	1.8e-12	4	209	16	228		0.903083700440529
2582988863	GT2.hmm	1.1e-20	2	165	7	166		0.970238095238095
2582988885	GT83.hmm	9e-13	28	355	33	367		0.605555555555556
2582988901	GT2.hmm	3.9e-17	28	128	14	117		0.595238095238095
2582988947	GH38.hmm	2.8e-59	2	261	9	274		0.962825278810409
2582988950	GH35.hmm	9e-52	1	150	13	182		0.485342019543974
2582988954	CE9.hmm	2.3e-117	1	373	5	377		0.997319034852547
2582988955	GH109.hmm	1.6e-12	2	125	3	129		0.976190476190476
2582988957	GT98.hmm	8.2e-13	164	596	168	585		0.670807453416149
2582989002	GT9.hmm	2.6e-35	4	203	106	325		0.884444444444444
2582989003	GT4.hmm	1.8e-27	11	144	193	329		0.83125
2582989029	GT4.hmm	1.7e-36	4	159	205	360		0.96875
2582989066	PL22.hmm	4.4e-06	87	202	128	229		0.433962264150943
2582989066	PL22.hmm	5.3e-09	133	258	249	375		0.471698113207547
2582989086	GH109.hmm	3.7e-12	1	122	4	114		0.96031746031746
2582989124	GT30.hmm	0.00085	28	96	93	161		0.384180790960452
2582989139	CBM9.hmm	7.1e-11	34	181	242	394		0.807692307692308
2582989139	GH42.hmm	6.2e-12	128	252	742	856		0.334231805929919
2582989154	GH33.hmm	1e-25	24	251	18	233		0.66374269005848
2582989156	GH39.hmm	9.7e-22	61	228	390	566		0.387470997679814
2582989156	CBM9.hmm	1.5e-13	14	180	895	1065		0.912087912087912
2582989157	CBM4.hmm	3.8e-12	1	117	244	360		0.920634920634921
2582989164	CBM40.hmm	5e-06	88	173	148	227		0.474860335195531
2582989164	CBM40.hmm	1.1e-07	82	172	351	439		0.502793296089385
2582989164	PL9_2.hmm	6.2e-28	6	177	452	653		0.458445040214477
2582989165	GH74.hmm	9.3e-11	42	112	80	150		0.300429184549356
2582989165	GH74.hmm	2.7e-11	22	114	165	275		0.394849785407725
2582989165	GH74.hmm	8.3e-11	21	144	287	427		0.527896995708155
2582989165	GH74.hmm	1.7e-15	38	131	640	732		0.399141630901288
2582989165	GH74.hmm	2.8e-11	22	113	725	816		0.390557939914163
2582989197	GH1.hmm	8.1e-175	5	427	3	454		0.983682983682984
2582989256	CE3.hmm	2.9e-11	53	193	54	205		0.721649484536082
2582989258	CBM16.hmm	1.5e-06	3	70	127	192		0.577586206896552
2582989288	GT2.hmm	7.9e-21	1	167	5	158		0.988095238095238
2582989322	CE10.hmm	1.1e-25	82	336	20	268		0.744868035190616
2582989358	CBM50.hmm	7.1e-11	1	40	327	375		0.975
2582989394	GH4.hmm	7e-50	1	178	6	186		0.988826815642458
2582989413	CBM9.hmm	5.8e-21	4	181	654	836		0.972527472527473
2582989436	CE3.hmm	1e-13	2	191	105	368		0.974226804123711
2582989463	CE6.hmm	3e-16	1	97	171	264		0.96969696969697
2582989474	GH99.hmm	2.6e-08	121	308	141	317		0.559880239520958
2582989487	GH106.hmm	5.7e-45	149	506	216	589		0.433252427184466
2582989489	CBM9.hmm	1.4e-21	2	146	44	228		0.791208791208791
2582989493	GT9.hmm	1.5e-61	3	221	80	330		0.968888888888889
2582989496	GT2.hmm	3.9e-23	1	168	7	171		0.994047619047619
2582989524	GH5_19.hmm	4.3e-39	54	275	94	321		0.797833935018051
2582989527	GT4.hmm	7.6e-15	21	151	224	354		0.8125
2582989545	CBM48.hmm	7.9e-13	3	73	67	152		0.921052631578947
2582989545	GH13_8.hmm	2e-110	1	274	234	524		0.996350364963504
2582989546	GT5.hmm	1.5e-108	1	471	11	496		0.995762711864407
2582989547	GT35.hmm	8.5e-136	19	552	114	623		0.79080118694362
2582989548	CBM20.hmm	3.2e-07	8	66	21	75		0.644444444444444
2582989549	GH133.hmm	2.2e-62	110	372	2	272		0.704301075268817
2582989575	GT2.hmm	4.9e-20	1	166	346	506		0.982142857142857
2582989612	GH20.hmm	8.8e-32	15	316	7	302		0.893175074183976
2582989614	GH109.hmm	3e-09	59	122	52	115		0.5
2582989621	GH123.hmm	1.5e-39	28	516	23	522		0.907063197026022
2582989631	CBM50.hmm	1.7e-14	1	40	150	192		0.975
2582989636	GH109.hmm	4.3e-13	1	120	4	116		0.944444444444444
2582989646	GH2.hmm	3.8e-37	172	432	4	338		0.345744680851064
2582989654	GT8.hmm	3e-07	30	256	3	247		0.879377431906615
2582989675	CBM61.hmm	3.6e-08	1	134	22	175		0.943262411347518
2582989675	CBM16.hmm	1.5e-09	1	111	349	493		0.948275862068966
2582989680	GT9.hmm	3.7e-46	6	220	100	345		0.951111111111111
2582989692	CBM50.hmm	4.4e-15	1	40	31	76		0.975
2582989698	CBM9.hmm	2.5e-11	6	182	21	221		0.967032967032967
2582989703	GH4.hmm	5.1e-67	1	177	3	185		0.983240223463687
2582989711	GH109.hmm	1.4e-15	1	122	5	116		0.96031746031746
2582989720	CBM9.hmm	4.2e-23	1	181	652	836		0.989010989010989
2582989721	CBM40.hmm	1.8e-08	93	173	54	133		0.446927374301676
2582989721	CBM40.hmm	3.5e-09	91	174	263	343		0.463687150837989
2582989724	CE3.hmm	1.3e-12	53	184	372	506		0.675257731958763
2582989750	GH13.hmm	1.5e-31	20	285	38	351		0.88628762541806
2582989751	GH63.hmm	6.3e-13	364	564	429	874		0.350877192982456
2582989764	GH109.hmm	1e-10	2	122	7	119		0.952380952380952
2582989766	GH39.hmm	1.1e-22	113	293	63	238		0.417633410672854
2582989766	CBM9.hmm	6.5e-22	9	182	528	705		0.950549450549451
2582989780	GT83.hmm	4.4e-73	8	458	15	473		0.833333333333333
2582989781	GT2.hmm	1.8e-24	1	166	11	173		0.982142857142857
2582989804	GT87.hmm	8.6e-08	8	140	85	224		0.571428571428571
2582989811	CE14.hmm	1.5e-07	1	124	12	123		0.991935483870968
2582989820	GT87.hmm	1.5e-09	9	140	85	223		0.567099567099567
2582989829	CE7.hmm	2.3e-18	63	299	39	271		0.753993610223642
2582989851	CE7.hmm	1.4e-11	65	218	47	204		0.488817891373802
2582989852	GH29.hmm	1.8e-108	42	346	10	325		0.878612716763006
2582989864	GT4.hmm	1.7e-27	7	148	195	325		0.88125
2582989866	GT2.hmm	9.7e-22	2	159	4	166		0.93452380952381
2582989894	CBM16.hmm	4.8e-07	1	77	26	100		0.655172413793103
2582989896	CBM66.hmm	0.00018	66	141	166	244		0.483870967741935
2582989897	CBM66.hmm	2.7e-06	29	141	92	217		0.72258064516129
2582989898	GH84.hmm	5.4e-20	74	210	260	422		0.461016949152542
2582989898	CBM9.hmm	2.8e-14	2	181	568	749		0.983516483516483
2582989899	GH63.hmm	4.3e-16	363	565	293	630		0.354385964912281
2582989909	GH109.hmm	1.1e-17	1	123	4	116		0.968253968253968
2582989921	CE11.hmm	2.8e-93	1	270	4	273		0.992619926199262
2582989932	GH20.hmm	4.2e-46	12	266	5	275		0.753709198813056
2582989936	GH109.hmm	2.3e-15	1	126	7	121		0.992063492063492
2582989948	GH109.hmm	2.2e-13	1	117	4	111		0.920634920634921
2582989974	GT22.hmm	2.5e-09	53	207	75	237		0.395886889460154
2582989976	GT2.hmm	1.3e-20	1	128	11	135		0.755952380952381
2582989988	CBM9.hmm	1.8e-13	22	182	615	787		0.879120879120879
2582990026	GT2.hmm	2.8e-25	1	161	7	162		0.952380952380952
2582990029	CBM16.hmm	2.3e-06	3	106	309	436		0.887931034482759
2582990048	CE14.hmm	9.1e-18	2	117	7	110		0.92741935483871
2582990056	GH109.hmm	5.1e-12	69	124	64	119		0.436507936507937
2582990062	GH37.hmm	8.3e-21	294	461	196	398		0.340122199592668
2582990073	CE9.hmm	1.7e-73	1	248	5	252		0.662198391420912
2582990084	CBM40.hmm	1.9e-10	26	173	157	300		0.82122905027933
2582990095	CBM5.hmm	0.00066	2	38	315	359		0.9
2582990100	CBM40.hmm	1.1e-07	67	174	41	138		0.597765363128492
2582990101	CE6.hmm	5.8e-05	45	94	282	325		0.494949494949495
2582990102	GH109.hmm	3e-13	3	121	7	117		0.936507936507937
2582990107	CE12.hmm	1.7e-10	2	178	4	188		0.838095238095238
2582990114	CE4.hmm	6.9e-15	23	125	30	144		0.784615384615385
2582990121	CBM40.hmm	8e-07	82	176	140	228		0.525139664804469
2582990121	CBM30.hmm	5.3e-09	6	90	433	532		0.923076923076923
2582990121	GH9.hmm	6.1e-35	11	379	556	978		0.880382775119617
2582990128	GH20.hmm	1.8e-26	18	258	16	240		0.712166172106825
2582990131	GH66.hmm	6.1e-12	4	293	186	514		0.51978417266187
2582990139	GH20.hmm	1.1e-44	14	266	7	275		0.747774480712166
2582990144	CBM67.hmm	0.00083	74	166	429	489		0.522727272727273
2582990146	GH29.hmm	6e-18	92	283	19	240		0.552023121387283
2582990147	CBM16.hmm	1.6e-14	1	113	32	159		0.96551724137931
2582990148	CBM9.hmm	1.5e-21	1	177	285	464		0.967032967032967
2582990148	GH5.hmm	2.1e-09	50	158	710	881		0.392727272727273
2582990150	GH109.hmm	6.4e-08	1	122	7	122		0.96031746031746
2582990155	CE4.hmm	1.5e-20	11	126	6	144		0.884615384615385
2582990165	GT83.hmm	1.1e-102	7	439	13	472		0.8
2582990167	GT83.hmm	1.6e-17	9	439	14	447		0.796296296296296
2582990182	GT28.hmm	2.3e-43	1	156	205	364		0.987261146496815
2582990190	GT83.hmm	4.5e-44	6	444	3	436		0.811111111111111
2582990196	CE7.hmm	3.5e-10	56	203	52	200		0.469648562300319
2582990196	CE15.hmm	1.3e-17	82	265	132	302		0.680297397769517
2582990229	GT2.hmm	2.7e-06	2	165	15	189		0.970238095238095
2582990246	GH18.hmm	2.2e-52	3	284	25	346		0.949324324324324
2582990250	GH4.hmm	8.1e-58	1	178	6	185		0.988826815642458
2582990258	GH109.hmm	1.4e-20	1	120	5	114		0.944444444444444
2582990259	GH109.hmm	2.9e-09	1	104	6	108		0.817460317460317
2582990278	GH106.hmm	1.2e-78	5	678	11	670		0.816747572815534
2582990287	GH109.hmm	3e-10	1	122	5	115		0.96031746031746
2582990290	GT19.hmm	1.2e-101	2	352	8	368		0.988700564971751
2582990296	CBM32.hmm	5.1e-11	17	107	269	389		0.725806451612903
2582990296	GH5.hmm	4e-16	33	234	624	948		0.730909090909091
2582990316	GH2.hmm	1e-234	18	748	38	923		0.970744680851064
2582990335	CBM9.hmm	1.5e-07	1	142	34	185		0.774725274725275
2582990344	CBM16.hmm	7.7e-06	8	78	28	102		0.603448275862069
2582990346	GH4.hmm	7.2e-47	1	175	3	178		0.972067039106145
2582990353	GH109.hmm	8.6e-14	2	123	2	113		0.96031746031746
2582990355	CE7.hmm	3.2e-10	49	204	91	255		0.495207667731629
2582990357	GH4.hmm	4.6e-53	1	176	6	182		0.977653631284916
2582990389	CBM40.hmm	4.1e-07	87	175	810	892		0.491620111731844
2582990391	GH36.hmm	6.3e-45	250	528	221	489		0.40406976744186
2582990392	GH36.hmm	3e-41	304	528	274	491		0.325581395348837
2582990394	GH130.hmm	2.9e-90	2	296	18	331		0.993243243243243
2582990396	GH5_19.hmm	6.8e-37	54	275	87	320		0.797833935018051
2582990398	GH139.hmm	5.4e-216	29	774	2	753		0.958815958815959
2582990400	GH2.hmm	4.5e-86	4	552	19	716		0.728723404255319
2582990402	GH29.hmm	5.6e-87	37	345	4	301		0.890173410404624
2582990403	GH4.hmm	2.5e-50	1	176	5	181		0.977653631284916
2582990405	GH139.hmm	1.1e-64	296	771	254	733		0.611325611325611
2582990407	CE12.hmm	1.1e-08	1	159	17	185		0.752380952380952
2582990411	CE7.hmm	1e-42	14	300	372	641		0.913738019169329
2582990412	CBM22.hmm	0.00048	57	129	1309	1378		0.549618320610687
2582990413	GH66.hmm	9.6e-12	2	277	32	320		0.494604316546763
2582990414	GH66.hmm	1.4e-11	2	292	32	336		0.52158273381295
2582990415	GH66.hmm	1e-11	2	292	34	338		0.52158273381295
2582990417	CBM40.hmm	0.00051	94	174	173	248		0.446927374301676
2582990418	CBM40.hmm	8.7e-11	80	173	160	244		0.519553072625698
2582990419	GH4.hmm	6.7e-43	1	176	3	177		0.977653631284916
2582990454	GT2.hmm	4.7e-18	1	118	5	120		0.696428571428571
2582990455	GT4.hmm	5.3e-35	7	155	226	379		0.925
2582990456	GT4.hmm	9.2e-38	4	158	204	354		0.9625
2582990457	GT4.hmm	3.1e-34	8	158	196	347		0.9375
2582990458	GT26.hmm	3.7e-65	2	171	254	424		0.988304093567251
2582990479	CE6.hmm	0.00043	62	97	422	455		0.353535353535354
2582990510	GH109.hmm	8.5e-07	4	122	6	117		0.936507936507937
2582990511	CBM9.hmm	1.8e-12	6	181	16	216		0.961538461538462
2582990512	GH109.hmm	1e-17	2	124	5	118		0.968253968253968
2582990519	CBM9.hmm	6.4e-17	2	178	658	843		0.967032967032967
2582990531	GH109.hmm	9.7e-22	1	118	4	113		0.928571428571429
2582990568	CE12.hmm	4.3e-14	1	160	130	294		0.757142857142857
2582990569	CBM67.hmm	5.6e-31	1	169	5	169		0.954545454545455
2582990569	GH78.hmm	2.9e-76	5	502	260	775		0.986111111111111
2582990574	CE3.hmm	1.7e-10	4	189	17	194		0.95360824742268
2582990578	CBM40.hmm	4.2e-06	80	171	241	327		0.508379888268156
2582990591	CBM16.hmm	9.4e-13	3	114	652	774		0.956896551724138
2582990591	CBM40.hmm	2.9e-06	89	172	940	1017		0.463687150837989
2582990591	CBM40.hmm	1.1e-05	91	173	1164	1240		0.458100558659218
2582990592	CE3.hmm	4.6e-12	5	189	93	268		0.948453608247423
2582990594	GH141.hmm	2.3e-72	41	524	40	483		0.916508538899431
2582990599	CBM32.hmm	3.6e-12	14	121	36	153		0.862903225806452
2582990621	CE9.hmm	3.7e-80	48	343	4	305		0.790884718498659
2582990677	GH129.hmm	2.7e-24	198	406	55	271		0.336569579288026
2582990681	GH109.hmm	6.3e-16	2	121	5	116		0.944444444444444
2582990683	CE3.hmm	3.3e-11	48	190	175	316		0.731958762886598
2582990701	CBM61.hmm	1.7e-07	2	140	22	163		0.978723404255319
2582990707	GH63.hmm	1.8e-21	356	561	432	877		0.359649122807018
2582990710	CBM4.hmm	2e-08	53	122	351	420		0.547619047619048
2582990741	CBM40.hmm	1.8e-06	88	174	23	100		0.480446927374302
2582990741	CBM40.hmm	1.4e-06	88	174	231	308		0.480446927374302
2582990744	GH5.hmm	2.9e-10	34	147	40	147		0.410909090909091
2582990749	CBM16.hmm	2.6e-06	1	113	54	196		0.96551724137931
2582990749	CBM9.hmm	1.1e-07	40	164	455	581		0.681318681318681
2582990750	CBM16.hmm	1.4e-07	1	112	36	166		0.956896551724138
2582990754	CE7.hmm	2.3e-52	17	312	120	431		0.942492012779553
2582990756	GH109.hmm	2.5e-13	13	121	25	124		0.857142857142857
2582990765	GH2.hmm	4.9e-86	4	552	19	716		0.728723404255319
2582990771	GH33.hmm	1e-18	125	300	60	323		0.511695906432749
2582990805	GH109.hmm	3.4e-09	1	120	5	121		0.944444444444444
2582990822	CE14.hmm	3.7e-15	1	115	7	111		0.919354838709677
2582990825	GH116.hmm	3.2e-64	98	362	443	739		0.727272727272727
2582990828	CE4.hmm	1.8e-12	17	128	17	168		0.853846153846154
2582990829	CE14.hmm	9.4e-09	1	77	6	81		0.612903225806452
2582990837	GT83.hmm	5.5e-89	8	504	19	532		0.918518518518519
2582990838	CE4.hmm	2.5e-11	25	109	21	154		0.646153846153846
2582990870	GH95.hmm	4.2e-78	14	712	34	761		0.966759002770083
2582990871	CBM9.hmm	1.3e-07	1	146	451	602		0.796703296703297
2582990903	GH109.hmm	2.7e-07	70	121	61	112		0.404761904761905
2582990905	GH109.hmm	4.6e-16	3	124	3	116		0.96031746031746
2582990907	CBM16.hmm	0.00011	1	72	36	116		0.612068965517241
2582990908	GH109.hmm	2e-11	2	122	4	114		0.952380952380952
2582990925	GH2.hmm	8.6e-83	21	491	7	702		0.625
2582990927	CBM40.hmm	2.1e-07	87	174	966	1046		0.486033519553073
2582990948	GH24.hmm	1e-16	5	137	54	188		0.963503649635037
2582990968	GH109.hmm	2.4e-11	2	122	4	114		0.952380952380952
2582990969	CBM16.hmm	6.1e-05	1	71	36	112		0.603448275862069
2582990972	GH109.hmm	1.6e-15	3	124	3	116		0.96031746031746
2582990981	CBM67.hmm	3.3e-29	2	171	13	184		0.960227272727273
2582990981	GH78.hmm	8.9e-50	19	493	416	897		0.94047619047619
2582990992	GH42.hmm	6.3e-10	20	196	76	268		0.474393530997305
2582990994	GH20.hmm	7.8e-20	39	268	711	936		0.679525222551929
2582990998	GH109.hmm	2.8e-11	1	121	4	114		0.952380952380952
2582991005	GH33.hmm	5.4e-22	5	305	4	312		0.87719298245614
2582991009	CBM9.hmm	1.6e-24	1	181	616	805		0.989010989010989
2582991009	CBM70.hmm	1.8e-09	1	159	813	966		0.981366459627329
2582991035	GH94.hmm	1e-202	262	1034	3	783		0.745173745173745
2582991042	GH109.hmm	1e-17	1	121	5	131		0.952380952380952
2582991057	GT39.hmm	1.5e-07	53	215	83	242		0.726457399103139
2582991059	CBM9.hmm	3.8e-26	1	182	475	651		0.994505494505495
2582991063	GT4.hmm	7.6e-29	3	155	218	385		0.95
2582991075	GT4.hmm	1.1e-11	5	159	218	375		0.9625
2582991100	CBM9.hmm	7.1e-15	13	153	244	404		0.769230769230769
2582991105	CBM16.hmm	9.9e-15	3	105	28	147		0.879310344827586
2582991105	GH123.hmm	4.9e-10	252	508	643	928		0.475836431226766
2582991110	CE7.hmm	6.8e-06	101	200	72	172		0.31629392971246
2582991112	CE2.hmm	1.9e-06	74	206	66	212		0.631578947368421
2582991114	GH130.hmm	7.7e-77	2	295	6	326		0.989864864864865
2582991129	CE4.hmm	6.7e-18	15	127	8	144		0.861538461538462
2582991172	GH29.hmm	2.3e-97	38	346	6	320		0.890173410404624
2582991174	GH42.hmm	1.1e-16	17	237	358	599		0.592991913746631
2582991175	CBM40.hmm	5.3e-06	55	173	127	235		0.659217877094972
2582991209	CBM16.hmm	2.1e-07	1	108	16	134		0.922413793103448
2582991225	GT2.hmm	1.3e-21	1	138	7	147		0.81547619047619
2582991236	CBM66.hmm	0.00019	75	130	122	182		0.354838709677419
2582991236	CBM40.hmm	1.1e-08	29	174	266	411		0.810055865921788
2582991239	GH29.hmm	5.5e-17	98	222	27	174		0.358381502890173
2582991242	CE3.hmm	2.7e-06	52	193	241	389		0.72680412371134
2582991254	GT4.hmm	6.6e-07	7	119	226	374		0.7
2582991258	CBM40.hmm	5.8e-06	79	175	1018	1111		0.536312849162011
2582991260	GH109.hmm	7.7e-36	1	126	7	128		0.992063492063492
2582991273	CBM22.hmm	4.1e-08	7	110	30	141		0.786259541984733
2582991273	GH5.hmm	3.5e-10	9	139	442	620		0.472727272727273
2582991278	GT39.hmm	6e-08	50	210	68	226		0.717488789237668
2582991281	GH2.hmm	3.5e-80	26	474	9	537		0.595744680851064
2582991282	CBM67.hmm	2.4e-27	16	170	20	143		0.875
2582991282	GH78.hmm	7.7e-62	6	308	258	564		0.599206349206349
2582991283	GH51.hmm	1.7e-42	213	542	1	368		0.522222222222222
2582991298	GH109.hmm	3.5e-09	1	122	3	113		0.96031746031746
2582991302	CBM32.hmm	3.7e-11	16	122	189	307		0.854838709677419
2582991302	CBM9.hmm	9e-12	1	181	1468	1654		0.989010989010989
2582991303	GH130.hmm	1.5e-91	1	294	40	338		0.989864864864865
2582991338	CE6.hmm	6.2e-06	62	97	422	455		0.353535353535354
2582991339	GH20.hmm	3.9e-18	80	252	60	226		0.510385756676558
2582991343	GH4.hmm	5.9e-48	1	176	4	180		0.977653631284916
2582991344	GH29.hmm	1.5e-91	38	346	8	301		0.890173410404624
2582991345	CE3.hmm	6.3e-12	50	185	249	385		0.695876288659794
2582991358	GT35.hmm	9.9e-112	210	550	74	432		0.504451038575668
