2583003870	GT4.hmm	7.7e-22	12	153	223	366		0.88125
2583003880	CE1.hmm	2.5e-07	3	124	44	180		0.533039647577093
2583003898	GH29.hmm	2.8e-99	33	345	14	330		0.901734104046243
2583003903	GT83.hmm	1.8e-08	64	407	18	435		0.635185185185185
2583003905	GT2.hmm	1.7e-22	2	121	10	134		0.708333333333333
2583003906	GH38.hmm	1.9e-43	2	145	6	147		0.531598513011152
2583003924	GT2.hmm	7.2e-13	1	123	3	117		0.726190476190476
2583003925	GT4.hmm	2.5e-06	7	93	211	306		0.5375
2583003942	GT9.hmm	2.3e-42	3	205	69	294		0.897777777777778
2583003943	GT9.hmm	2.3e-44	8	209	388	611		0.893333333333333
2583003957	GT4.hmm	4.3e-32	5	157	179	328		0.95
2583003977	CE1.hmm	8.2e-07	27	134	31	126		0.47136563876652
2583003978	GH2.hmm	1.6e-214	22	751	42	927		0.969414893617021
2583004011	GT5.hmm	8e-164	1	472	2	478		0.997881355932203
2583004056	GH109.hmm	2.1e-09	59	119	54	114		0.476190476190476
2583004058	GH106.hmm	6.3e-31	22	497	19	571		0.576456310679612
2583004068	GH139.hmm	9e-216	32	774	7	722		0.954954954954955
2583004077	GH36.hmm	8.6e-57	107	526	82	506		0.609011627906977
2583004082	CE4.hmm	2.1e-27	5	111	59	167		0.815384615384615
2583004101	GT2.hmm	6.9e-13	37	167	1	124		0.773809523809524
2583004108	GH109.hmm	8.9e-06	63	120	60	117		0.452380952380952
2583004112	GT2.hmm	4.6e-19	1	115	238	352		0.678571428571429
2583004115	GT2.hmm	8.8e-12	1	125	135	259		0.738095238095238
2583004117	GT4.hmm	2.3e-06	68	159	519	615		0.56875
2583004119	GT83.hmm	2.1e-08	19	366	30	406		0.642592592592593
2583004121	PL12.hmm	2.1e-18	10	138	292	410		0.927536231884058
2583004125	GH28.hmm	1.5e-19	97	305	132	335		0.64
2583004139	GH4.hmm	1.4e-15	1	85	31	115		0.46927374301676
2583004143	GH109.hmm	3.9e-05	55	121	55	121		0.523809523809524
2583004150	GT2.hmm	7e-28	1	168	4	168		0.994047619047619
2583004159	CE1.hmm	1.4e-19	57	220	59	235		0.718061674008811
2583004160	CE1.hmm	6e-38	1	223	20	263		0.977973568281938
2583004163	GT83.hmm	2.1e-07	65	379	149	496		0.581481481481481
2583004169	GH29.hmm	2.9e-09	99	305	25	266		0.595375722543353
2583004176	GT83.hmm	1.5e-08	71	240	69	242		0.312962962962963
2583004186	AA6.hmm	6.1e-06	16	140	23	147		0.635897435897436
2583004216	GH127.hmm	2.4e-208	2	524	13	559		0.99618320610687
2583004217	GH51.hmm	1.9e-124	87	541	7	500		0.720634920634921
2583004219	GH33.hmm	4.6e-07	124	244	129	272		0.350877192982456
2583004248	CE10.hmm	4.4e-25	52	203	28	196		0.442815249266862
2583004261	GT35.hmm	1.6e-275	1	673	112	828		0.997032640949555
2583004337	GH36.hmm	1.2e-86	133	632	139	653		0.725290697674419
2583004354	CBM67.hmm	5e-11	4	168	38	198		0.931818181818182
2583004354	GH78.hmm	3.4e-65	11	500	262	761		0.970238095238095
2583004373	GT4.hmm	5.4e-23	10	157	183	348		0.91875
2583004375	GT4.hmm	1.5e-28	8	150	211	353		0.8875
2583004378	CE14.hmm	1e-20	2	122	55	175		0.967741935483871
2583004381	GT2.hmm	7.2e-27	1	112	7	115		0.660714285714286
2583004424	GH105.hmm	3.2e-07	17	153	341	430		0.409638554216867
2583004429	GH109.hmm	2e-11	1	121	11	124		0.952380952380952
2583004444	GH109.hmm	1.7e-17	1	126	3	118		0.992063492063492
2583004445	CBM32.hmm	3.9e-14	27	114	71	166		0.701612903225806
2583004445	GH123.hmm	5.4e-153	5	534	185	707		0.983271375464684
2583004448	GT30.hmm	1.4e-49	3	176	36	216		0.977401129943503
2583004482	CE1.hmm	2e-06	39	208	38	252		0.744493392070485
2583004483	GH95.hmm	3e-112	11	712	5	689		0.970914127423823
2583004484	GH95.hmm	9.3e-111	4	712	21	711		0.980609418282548
2583004491	GH29.hmm	5e-98	37	346	54	359		0.893063583815029
2583004491	CBM32.hmm	2e-09	7	110	461	566		0.830645161290323
2583004492	GH2.hmm	1e-62	57	464	46	610		0.541223404255319
2583004503	GT9.hmm	2.5e-53	4	206	72	317		0.897777777777778
2583004505	GT2.hmm	6.5e-24	2	115	35	151		0.672619047619048
2583004506	GT2.hmm	2.9e-12	1	116	8	114		0.68452380952381
2583004518	GT28.hmm	9.3e-40	2	143	188	335		0.898089171974522
2583004524	GH109.hmm	2.3e-10	2	126	5	119		0.984126984126984
2583004527	CE7.hmm	1.1e-108	2	311	4	317		0.987220447284345
2583004539	CE1.hmm	2e-10	26	210	18	192		0.81057268722467
2583004543	GH105.hmm	1.1e-112	11	332	3	348		0.966867469879518
2583004543	GH28.hmm	5.5e-84	4	311	402	771		0.944615384615385
2583004545	CE8.hmm	4.1e-101	2	286	32	317		0.986111111111111
2583004545	CE12.hmm	3.7e-68	1	209	330	538		0.990476190476191
2583004545	GH43_10.hmm	3.5e-81	1	262	568	839		0.99618320610687
2583004558	GH32.hmm	1e-28	18	201	45	239		0.62457337883959
2583004569	PL17.hmm	4.5e-12	3	136	536	654		0.956834532374101
2583004574	CE3.hmm	2.6e-13	52	193	65	201		0.72680412371134
2583004582	GT4.hmm	3.4e-24	6	115	239	342		0.68125
2583004609	CBM67.hmm	1.8e-43	3	170	121	299		0.948863636363636
2583004609	GH78.hmm	1.2e-182	5	501	331	845		0.984126984126984
2583004621	GH77.hmm	2e-164	1	471	18	485		0.951417004048583
2583004650	GH20.hmm	2.5e-08	28	238	138	362		0.623145400593472
2583004676	CE1.hmm	1.3e-19	12	223	18	234		0.929515418502203
2583004683	GH141.hmm	5.8e-105	3	525	4	545		0.990512333965844
2583004695	GT89.hmm	8.7e-20	8	246	15	260		0.428057553956835
2583004697	GT2.hmm	3.4e-20	1	165	11	170		0.976190476190476
2583004700	CE1.hmm	6.9e-25	5	209	40	256		0.898678414096916
2583004702	AA12.hmm	2.4e-15	8	216	211	433		0.518703241895262
2583004704	GH109.hmm	1.2e-08	1	119	6	117		0.936507936507937
2583004729	CBM50.hmm	4.2e-12	1	40	141	184		0.975
2583004790	GH109.hmm	3.7e-09	1	121	6	116		0.952380952380952
2583004841	GH36.hmm	1e-31	257	487	37	267		0.334302325581395
2583004844	GH109.hmm	1.1e-15	1	117	16	123		0.920634920634921
2583004860	PL15.hmm	2.2e-15	20	134	425	546		0.850746268656716
2583004885	GT27.hmm	3.1e-21	15	251	17	239		0.8
2583004886	GT2.hmm	2.2e-18	1	138	9	152		0.81547619047619
2583004894	CBM50.hmm	1.2e-13	1	40	253	301		0.975
2583004908	GH23.hmm	3.1e-07	10	130	12	136		0.888888888888889
2583004909	GH63.hmm	1.6e-25	356	568	457	904		0.371929824561403
2583004973	GH38.hmm	9.4e-14	25	118	36	129		0.345724907063197
2583005060	GH74.hmm	7.2e-07	31	112	43	115		0.347639484978541
2583005060	GH74.hmm	4.6e-12	43	115	136	203		0.309012875536481
2583005060	GH74.hmm	2e-09	38	109	216	283		0.304721030042918
2583005061	CBM67.hmm	4.7e-40	1	167	10	205		0.943181818181818
2583005061	GH78.hmm	1.2e-108	8	502	274	791		0.98015873015873
2583005076	CBM67.hmm	7.3e-44	1	176	18	195		0.994318181818182
2583005076	GH78.hmm	1.3e-88	8	503	281	778		0.982142857142857
2583005120	CE1.hmm	5.4e-27	11	193	231	388		0.801762114537445
2583005183	GH127.hmm	2.2e-09	300	464	283	445		0.312977099236641
2583005235	CE10.hmm	2e-36	87	316	29	247		0.671554252199413
2583005238	CE10.hmm	5.2e-40	70	327	128	379		0.75366568914956
2583005272	GH116.hmm	3.7e-64	1	362	178	547		0.994490358126722
2583005274	CE14.hmm	8.4e-10	1	122	28	144		0.975806451612903
2583005304	PL12.hmm	5.3e-07	13	70	562	616		0.41304347826087
2583005360	GH23.hmm	5e-29	13	120	181	302		0.792592592592593
2583005424	PL22.hmm	5.8e-06	113	261	246	382		0.558490566037736
2583005432	CE9.hmm	3.1e-81	16	364	15	362		0.932975871313673
2583005433	CE15.hmm	4.4e-07	104	267	224	374		0.605947955390335
2583005438	GH78.hmm	5.3e-13	170	352	70	267		0.361111111111111
2583005469	CBM50.hmm	3.5e-09	1	40	126	170		0.975
2583005498	GH109.hmm	1.5e-12	2	116	3	108		0.904761904761905
2583005505	GH2.hmm	1.1e-92	31	489	6	649		0.609042553191489
2583005515	GT4.hmm	5e-38	6	159	198	358		0.95625
2583005581	GH29.hmm	1.9e-16	90	222	38	193		0.38150289017341
2583005591	CE3.hmm	1.2e-14	53	193	58	210		0.721649484536082
2583005626	GH2.hmm	2.5e-96	25	487	18	607		0.61436170212766
2583005718	GH32.hmm	2.7e-74	1	284	23	305		0.965870307167236
2583005804	GT2.hmm	1.2e-20	1	125	7	126		0.738095238095238
2583005813	GH31.hmm	5.1e-102	4	425	218	660		0.985948477751756
2583005816	GH28.hmm	2.7e-23	12	307	176	500		0.907692307692308
2583005821	PL12.hmm	2.7e-07	17	129	415	524		0.811594202898551
2583005884	GH29.hmm	2.9e-13	38	248	11	213		0.606936416184971
2583005887	GT26.hmm	0.00027	37	100	30	93		0.368421052631579
2583005892	CBM48.hmm	1.4e-12	2	72	104	199		0.921052631578947
2583005892	GH13_11.hmm	2.3e-53	13	345	267	554		0.959537572254335
2583005893	PL12.hmm	5.6e-07	18	71	518	569		0.384057971014493
2583005897	GH23.hmm	2.6e-11	16	104	1	94		0.651851851851852
2583005915	GT28.hmm	2.1e-14	1	147	215	361		0.929936305732484
2583005917	GT4.hmm	1.3e-26	12	157	220	371		0.90625
2583005918	GT4.hmm	1.2e-20	10	154	173	319		0.9
2583005953	PL12.hmm	2.9e-11	8	137	410	538		0.934782608695652
2583005982	GH109.hmm	1.4e-08	2	114	8	115		0.888888888888889
2583005983	GH33.hmm	3.6e-17	24	307	59	395		0.827485380116959
2583005984	CE7.hmm	2.5e-61	20	305	26	301		0.910543130990415
2583005988	GH127.hmm	9.8e-194	1	524	16	560		0.998091603053435
2583005993	GH109.hmm	8.2e-18	2	122	6	118		0.952380952380952
2583006039	GH33.hmm	9.4e-22	58	325	78	357		0.780701754385965
2583006043	GH38.hmm	1.1e-57	1	256	3	256		0.947955390334573
2583006059	CE11.hmm	3.3e-99	1	270	3	271		0.992619926199262
2583006077	GH37.hmm	1.8e-74	75	487	23	421		0.839103869653768
2583006104	GH127.hmm	1.8e-22	309	524	321	532		0.41030534351145
2583006105	GH109.hmm	2.1e-12	55	125	53	118		0.555555555555556
2583006110	GH2.hmm	2e-68	29	330	4	396		0.400265957446808
2583006113	PL17.hmm	3.4e-15	2	135	526	643		0.956834532374101
2583006135	GH109.hmm	2.4e-16	2	125	44	158		0.976190476190476
2583006148	GH78.hmm	6.8e-98	8	499	95	583		0.974206349206349
2583006160	GH88.hmm	7e-63	2	325	50	440		0.981762917933131
2583006169	GT2.hmm	2.4e-21	1	166	10	171		0.982142857142857
2583006171	GT83.hmm	1.4e-124	6	522	9	530		0.955555555555556
2583006184	GH109.hmm	7.1e-13	1	124	8	123		0.976190476190476
2583006185	CE1.hmm	3.1e-36	1	222	31	277		0.973568281938326
2583006190	GH109.hmm	1.2e-13	1	113	6	109		0.888888888888889
2583006205	GH29.hmm	2e-94	27	346	19	352		0.921965317919075
2583006248	GT2.hmm	1.1e-20	1	165	19	189		0.976190476190476
2583006252	GT2.hmm	7.9e-19	1	166	16	181		0.982142857142857
2583006303	GT4.hmm	1.8e-24	10	157	177	325		0.91875
2583006305	GT9.hmm	9.4e-28	6	215	77	304		0.928888888888889
2583006314	GT4.hmm	1.7e-33	6	152	840	988		0.9125
2583006348	GH109.hmm	3e-06	1	110	5	104		0.865079365079365
2583006351	CBM50.hmm	1.1e-11	1	40	107	150		0.975
2583006351	CBM50.hmm	7.2e-13	1	40	187	230		0.975
2583006363	GH140.hmm	1.9e-78	1	333	121	463		0.805825242718447
2583006363	CBM67.hmm	2.9e-28	1	176	478	633		0.994318181818182
2583006364	GH36.hmm	1.3e-12	248	465	172	389		0.315406976744186
2583006371	GH20.hmm	1.9e-118	9	336	135	483		0.970326409495549
2583006379	CBM50.hmm	1.1e-12	1	40	192	240		0.975
2583006380	CBM50.hmm	1.3e-09	1	40	1038	1086		0.975
2583006385	GH33.hmm	1.1e-07	119	225	206	306		0.309941520467836
2583006396	GT2.hmm	2.9e-18	1	114	7	119		0.672619047619048
2583006400	CBM67.hmm	8.9e-13	1	132	36	162		0.744318181818182
2583006400	GH78.hmm	1.9e-95	8	501	282	783		0.978174603174603
2583006421	CE10.hmm	1.9e-24	78	324	414	654		0.721407624633431
2583006429	CE10.hmm	1.5e-15	78	311	435	662		0.683284457478006
2583006430	CE10.hmm	2.2e-18	49	312	381	638		0.771260997067449
2583006438	PL15_1.hmm	3.4e-15	22	138	419	536		0.834532374100719
2583006460	GT83.hmm	6.8e-07	66	363	52	356		0.55
2583006461	GT2.hmm	9.6e-22	1	164	389	545		0.970238095238095
2583006461	GT27.hmm	2.2e-11	2	235	655	888		0.789830508474576
2583006461	GT4.hmm	1.5e-23	6	152	1131	1282		0.9125
2583006462	GT4.hmm	1.8e-21	6	157	556	710		0.94375
2583006463	GT4.hmm	2e-22	5	150	555	704		0.90625
2583006464	GT27.hmm	4.2e-07	2	238	632	867		0.8
2583006464	GT4.hmm	2.6e-23	2	153	1103	1256		0.94375
2583006538	AA7.hmm	3.5e-16	10	250	36	281		0.524017467248908
2583006540	GH33.hmm	4.9e-28	57	324	94	368		0.780701754385965
2583006544	CBM48.hmm	3.3e-08	3	68	23	102		0.855263157894737
2583006544	CBM48.hmm	2.7e-20	2	68	126	210		0.868421052631579
2583006544	GH13_9.hmm	3.9e-136	1	290	282	583		0.993127147766323
2583006559	GH20.hmm	1.1e-29	14	312	7	320		0.884272997032641
2583006578	CE1.hmm	9.1e-09	9	175	49	185		0.731277533039648
2583006618	CE10.hmm	1.8e-37	66	309	45	286		0.712609970674487
2583006626	PL12.hmm	6.3e-08	13	79	430	499		0.478260869565217
2583006664	GH4.hmm	5.9e-57	1	179	4	184		0.994413407821229
2583006665	AA2.hmm	5.8e-15	15	115	89	190		0.392156862745098
2583006665	AA2.hmm	1.2e-11	22	251	466	730		0.898039215686275
2583006746	GH28.hmm	6.4e-81	8	307	72	405		0.92
2583006796	CBM67.hmm	3.3e-10	4	108	13	114		0.590909090909091
2583006796	GH78.hmm	7.6e-38	9	435	277	701		0.845238095238095
2583006798	GT83.hmm	2.5e-10	84	363	108	449		0.516666666666667
2583006799	GT83.hmm	2.8e-06	85	362	109	467		0.512962962962963
2583006800	GT83.hmm	1.2e-12	86	354	117	441		0.496296296296296
2583006834	GT2.hmm	4.9e-11	1	58	4	64		0.339285714285714
2583006839	GT81.hmm	7.2e-19	20	212	9	186		0.655290102389078
2583006841	GT83.hmm	1.1e-06	91	383	181	531		0.540740740740741
2583006842	GT4.hmm	4.9e-19	74	153	301	381		0.49375
2583006844	GT46.hmm	9e-10	12	231	12	226		0.615168539325843
2583006844	GT2.hmm	3.1e-21	1	165	685	852		0.976190476190476
2583006846	GT2.hmm	1.3e-19	1	128	363	489		0.755952380952381
2583006850	GT2.hmm	6.4e-17	1	161	16	171		0.952380952380952
2583006855	GH38.hmm	2.1e-50	2	254	9	273		0.936802973977695
2583006858	CBM32.hmm	7.1e-06	38	114	105	183		0.612903225806452
2583006860	GH78.hmm	2.2e-46	7	294	42	352		0.569444444444444
2583006880	GH43_17.hmm	1.4e-84	1	269	9	282		0.992592592592593
2583006889	GT83.hmm	2.4e-08	6	366	75	461		0.666666666666667
2583006891	GT2.hmm	3.4e-18	2	114	49	152		0.666666666666667
2583006907	GT2.hmm	1.1e-17	1	115	4	119		0.678571428571429
2583006911	GT4.hmm	7.4e-19	16	130	349	465		0.7125
2583006913	GT83.hmm	5.7e-15	67	366	105	397		0.553703703703704
