2582738193	GT41.hmm	2e-96	247	519	1	291		0.385815602836879
2582738197	CE10.hmm	4.1e-06	165	294	98	282		0.378299120234604
2582738245	GH103.hmm	4.5e-97	8	295	80	367		0.972881355932203
2582738267	GT51.hmm	3.5e-07	17	139	148	293		0.689265536723164
2582738291	GH5_45.hmm	3.2e-171	2	300	55	353		0.993333333333333
2582738324	CE11.hmm	3.2e-117	1	270	4	275		0.992619926199262
2582738330	GT28.hmm	1.3e-51	2	150	183	334		0.942675159235669
2582738367	GH3.hmm	8.2e-52	11	216	64	279		0.949074074074074
2582738415	GH23.hmm	7.7e-07	16	114	74	183		0.725925925925926
2582738418	GT5.hmm	5.5e-174	1	472	3	475		0.997881355932203
2582738419	CBM48.hmm	2.3e-19	2	70	129	215		0.894736842105263
2582738419	GH13_9.hmm	4.4e-140	1	290	283	583		0.993127147766323
2582738421	GH57.hmm	7.9e-96	1	318	9	469		0.827676240208877
2582738422	GH77.hmm	3.8e-154	1	484	14	479		0.977732793522267
2582738437	GH15.hmm	1.6e-14	16	295	38	346		0.772853185595568
2582738511	CBM20.hmm	1.7e-06	2	67	3	66		0.722222222222222
2582738647	GT19.hmm	1.1e-125	1	353	15	370		0.994350282485876
2582738702	CE1.hmm	3.1e-12	28	207	38	223		0.788546255506608
2582738735	GH103.hmm	2.7e-68	9	209	64	285		0.677966101694915
2582738783	GH73.hmm	1e-35	3	128	166	305		0.9765625
2582738806	GT2.hmm	2.9e-23	1	109	4	114		0.642857142857143
2582738808	GT83.hmm	6e-86	13	455	3	442		0.818518518518519
2582738839	GH30_1.hmm	8.1e-189	3	423	31	450		0.99290780141844
2582738895	GT30.hmm	2.2e-64	2	176	65	242		0.983050847457627
2582738965	GT41.hmm	1.8e-116	82	522	199	745		0.624113475177305
2582739066	GT4.hmm	1.2e-26	8	146	177	302		0.8625
2582739086	GT9.hmm	9.7e-37	4	194	27	242		0.844444444444444
2582739234	GH23.hmm	1.1e-23	3	130	117	262		0.940740740740741
2582739234	CBM50.hmm	4.9e-09	1	39	423	465		0.95
2582739258	GH109.hmm	3.8e-15	2	121	5	112		0.944444444444444
2582739367	CE10.hmm	4.1e-06	165	294	98	282		0.378299120234604
2582739394	GH109.hmm	3.8e-15	2	121	5	112		0.944444444444444
2582739398	AA4.hmm	1.7e-19	15	257	19	251		0.46360153256705
2582739420	GT9.hmm	7.3e-51	2	203	70	297		0.893333333333333
2582739430	GH3.hmm	3.9e-65	2	216	113	342		0.990740740740741
2582739446	GT41.hmm	8.2e-132	101	519	33	599		0.59290780141844
2582739571	GT4.hmm	6.4e-16	3	136	204	345		0.83125
2582739572	GT35.hmm	9.5e-283	1	673	112	826		0.997032640949555
2582739583	GH17.hmm	8.7e-30	209	310	205	305		0.32475884244373
2582739583	GT2.hmm	3.6e-28	1	167	427	598		0.988095238095238
2582739699	GT41.hmm	1.1e-125	84	518	3	578		0.615602836879433
2582739700	GT41.hmm	1.9e-117	120	520	46	606		0.567375886524823
2582739722	CE4.hmm	4.1e-30	4	125	87	249		0.930769230769231
2582739723	GT2.hmm	1e-31	1	167	74	240		0.988095238095238
2582739807	GT28.hmm	1.5e-07	59	124	230	293		0.414012738853503
2582739874	GT83.hmm	7.2e-44	7	372	10	362		0.675925925925926
2582739876	GH17.hmm	4.8e-30	208	310	204	305		0.327974276527331
2582739876	GT2.hmm	2.9e-28	1	167	427	598		0.988095238095238
2582739985	GT2.hmm	6.4e-13	5	108	11	127		0.613095238095238
2582739986	GT9.hmm	1.1e-31	23	216	91	317		0.857777777777778
2582740021	GH30_1.hmm	1.2e-75	233	423	1	190		0.449172576832151
2582740030	GH103.hmm	4.5e-97	8	295	80	367		0.972881355932203
2582740067	GH23.hmm	6.6e-31	14	124	141	251		0.814814814814815
2582740131	GT51.hmm	1.3e-58	10	176	174	344		0.937853107344633
2582740141	GH3.hmm	1.2e-52	11	216	64	279		0.949074074074074
2582740165	AA2.hmm	2.6e-15	20	253	188	456		0.913725490196078
2582740167	CE3.hmm	0.00021	116	182	14	82		0.34020618556701
2582740279	CBM44.hmm	0.00065	20	57	165	201		0.578125
2582740291	CBM44.hmm	2.7e-05	4	62	44	106		0.90625
2582740400	CE6.hmm	2.2e-12	7	92	156	235		0.858585858585859
