2582640252	PL9_1.hmm	5.6e-06	11	166	36	260		0.578358208955224
2582640284	CE1.hmm	2.1e-12	28	185	459	634		0.691629955947137
2582640383	GH109.hmm	4.4e-10	3	126	8	142		0.976190476190476
2582640386	GH109.hmm	7.5e-20	1	118	39	148		0.928571428571429
2582640390	GH109.hmm	1.2e-19	1	117	58	175		0.920634920634921
2582640427	CE1.hmm	1.2e-17	13	210	259	447		0.86784140969163
2582640464	GT2.hmm	3.9e-16	2	121	13	130		0.708333333333333
2582640467	GT83.hmm	3.8e-13	86	362	101	378		0.511111111111111
2582640481	GH113.hmm	6e-12	19	165	356	522		0.477124183006536
2582640509	GT83.hmm	1.1e-11	27	235	35	239		0.385185185185185
2582640518	CBM66.hmm	3.5e-07	3	145	695	837		0.916129032258065
2582640552	GT2.hmm	8.5e-25	1	167	34	193		0.988095238095238
2582640553	GT83.hmm	1.5e-77	6	456	5	451		0.833333333333333
2582640566	GT83.hmm	1.2e-14	81	387	104	450		0.566666666666667
2582640567	CBM50.hmm	0.00014	1	40	108	152		0.975
2582640567	CBM50.hmm	1.5e-09	1	40	195	243		0.975
2582640575	GT4.hmm	9.2e-25	6	157	192	342		0.94375
2582640597	GT9.hmm	2.2e-29	3	218	77	321		0.955555555555556
2582640602	CE10.hmm	1.1e-14	93	321	448	668		0.668621700879765
2582640611	GH29.hmm	1.1e-81	41	338	27	333		0.858381502890173
2582640611	CBM32.hmm	4.9e-08	10	107	351	450		0.782258064516129
2582640618	GT9.hmm	4.7e-35	8	222	69	317		0.951111111111111
2582640619	GT9.hmm	7.6e-27	15	219	75	296		0.906666666666667
2582640674	GT2.hmm	2.4e-14	1	166	14	177		0.982142857142857
2582640696	GT83.hmm	3.4e-10	61	366	88	381		0.564814814814815
2582640705	GT4.hmm	7.5e-24	12	151	190	325		0.86875
2582640706	GT4.hmm	1.3e-13	8	122	153	262		0.7125
2582640730	CE1.hmm	3.3e-35	1	214	38	292		0.938325991189427
2582640769	CE1.hmm	5e-22	9	193	179	464		0.81057268722467
2582640791	GT4.hmm	4.9e-12	12	155	138	276		0.89375
2582640814	GT83.hmm	3e-19	83	355	100	369		0.503703703703704
2582640829	GT83.hmm	1e-10	9	370	14	338		0.668518518518519
2582640833	GT2.hmm	2.2e-07	3	167	11	171		0.976190476190476
2582640834	GT2.hmm	1.3e-29	1	167	6	168		0.988095238095238
2582640837	GT83.hmm	5.7e-09	86	360	106	382		0.507407407407407
2582640881	CBM50.hmm	0.00013	3	40	87	133		0.925
2582640903	GH109.hmm	1.6e-12	1	124	8	129		0.976190476190476
2582640911	GT2.hmm	2.4e-24	1	138	10	153		0.81547619047619
2582640913	GT2.hmm	1.7e-12	2	130	123	249		0.761904761904762
2582640929	GT30.hmm	1.1e-51	7	175	55	224		0.949152542372881
2582640954	GT9.hmm	2.3e-27	56	210	149	326		0.684444444444444
2582640957	GT2.hmm	3.5e-18	2	123	5	135		0.720238095238095
2582640958	GT83.hmm	3.1e-14	11	220	13	220		0.387037037037037
2582640959	CBM37.hmm	0.00051	29	60	5	38		0.5
2582640961	GT4.hmm	1.6e-27	12	159	178	330		0.91875
2582641011	CBM9.hmm	1.9e-17	1	168	28	200		0.917582417582418
2582641031	GT4.hmm	1.3e-21	12	156	282	426		0.9
2582641129	CE6.hmm	1.1e-13	1	98	103	206		0.97979797979798
2582641129	CE6.hmm	1.4e-07	1	97	378	481		0.96969696969697
2582641150	GT83.hmm	6.6e-14	87	360	97	371		0.505555555555556
2582641152	GT2.hmm	4.3e-21	1	121	46	170		0.714285714285714
2582641153	CE10.hmm	2e-09	94	310	525	726		0.633431085043988
2582641240	GT2.hmm	1.4e-24	2	163	10	166		0.958333333333333
2582641252	GH23.hmm	1.4e-20	18	123	83	210		0.777777777777778
2582641273	CBM50.hmm	3.5e-06	3	40	274	322		0.925
2582641277	CE11.hmm	9.1e-87	1	270	5	272		0.992619926199262
2582641288	GT90.hmm	8e-15	60	221	137	278		0.644
2582641388	GT4.hmm	8e-12	29	156	240	359		0.79375
2582641394	PL22.hmm	2.7e-10	105	201	70	156		0.362264150943396
2582641397	CE1.hmm	5.8e-09	29	208	22	206		0.788546255506608
2582641402	CBM50.hmm	0.0002	1	39	92	134		0.95
2582641409	CBM67.hmm	1.4e-38	12	168	321	494		0.886363636363636
2582641409	GH78.hmm	4e-148	2	504	521	1041		0.996031746031746
2582641417	CBM38.hmm	4e-28	3	128	420	547		0.968992248062015
2582641417	CBM66.hmm	2e-09	3	149	1546	1695		0.941935483870968
2582641426	AA3.hmm	3.9e-45	86	400	8	542		0.508090614886731
2582641517	CBM51.hmm	3.4e-28	17	134	271	392		0.873134328358209
2582641531	GT89.hmm	2.1e-32	3	313	6	297		0.557553956834532
2582641543	GT2.hmm	1.9e-14	15	167	23	183		0.904761904761905
2582641572	GT4.hmm	1.2e-23	14	154	286	428		0.875
2582641585	CBM50.hmm	1.2e-09	1	40	128	174		0.975
2582641585	CBM50.hmm	4.9e-10	1	40	221	267		0.975
2582641587	GT28.hmm	1.2e-37	2	150	224	371		0.942675159235669
2582641631	CE4.hmm	5.9e-06	48	124	61	156		0.584615384615385
2582641673	CE4.hmm	9.6e-28	6	126	90	302		0.923076923076923
2582641675	GT83.hmm	3.5e-11	10	218	11	230		0.385185185185185
2582641692	GT4.hmm	2e-07	27	157	240	361		0.8125
2582641725	GT4.hmm	3.2e-35	7	156	202	349		0.93125
2582641737	GH109.hmm	0.00022	2	44	17	59		0.333333333333333
2582641739	CE1.hmm	5.6e-13	11	216	555	780		0.903083700440529
2582641743	GT4.hmm	1.3e-30	5	158	188	342		0.95625
2582641744	CE10.hmm	6.7e-23	93	309	416	639		0.633431085043988
2582641797	GT4.hmm	1.1e-24	9	159	173	324		0.9375
2582641885	CBM35.hmm	0.00012	26	107	194	274		0.658536585365854
2582641938	GT83.hmm	5.5e-13	86	366	101	393		0.518518518518518
2582641945	GT3.hmm	1.8e-92	1	355	9	348		0.555729984301413
2582641945	GT35.hmm	3.6e-103	210	555	835	1195		0.51186943620178
2582641946	GH57.hmm	3.9e-60	1	316	5	329		0.822454308093995
2582641947	GT5.hmm	6.5e-36	1	471	2	390		0.995762711864407
2582641948	GH133.hmm	6.8e-99	13	372	299	646		0.96505376344086
2582641950	GT4.hmm	2e-18	11	158	191	351		0.91875
2582641970	AA7.hmm	6.7e-24	18	187	40	210		0.368995633187773
2582641984	GT19.hmm	2.1e-73	1	349	66	413		0.983050847457627
2582641999	CE1.hmm	1.3e-10	6	175	117	320		0.744493392070485
2582642009	GT2.hmm	1.7e-13	2	165	4	160		0.970238095238095
2582642010	GT2.hmm	2e-09	1	120	8	130		0.708333333333333
2582642010	GT4.hmm	6.7e-24	11	157	594	739		0.9125
2582642011	GT27.hmm	7.3e-21	1	227	45	258		0.766101694915254
2582642012	GT2.hmm	2e-30	1	168	4	168		0.994047619047619
2582642014	CBM51.hmm	7.7e-07	81	132	722	770		0.380597014925373
2582642014	CBM51.hmm	2.2e-16	9	82	788	864		0.544776119402985
2582642025	CBM66.hmm	3.4e-06	27	154	698	828		0.819354838709677
2582642047	CE1.hmm	2e-11	12	217	533	757		0.903083700440529
2582642068	GT2.hmm	8.3e-19	1	107	4	112		0.630952380952381
2582642069	CE3.hmm	6.7e-12	53	185	90	223		0.680412371134021
2582642145	GH20.hmm	6.2e-43	9	336	130	443		0.970326409495549
2582642150	CE1.hmm	8.5e-22	7	183	181	324		0.775330396475771
2582642177	GT2.hmm	2.3e-23	4	168	10	176		0.976190476190476
2582642178	CE10.hmm	1.6e-06	72	316	448	685		0.715542521994135
2582642225	GT5.hmm	2.8e-128	1	471	2	482		0.995762711864407
2582642229	AA4.hmm	1.9e-14	17	280	7	257		0.503831417624521
2582642281	GT4.hmm	3.2e-07	75	152	212	287		0.48125
2582642303	CE9.hmm	1.7e-97	4	373	6	377		0.989276139410188
2582642323	GT83.hmm	2e-07	86	374	113	407		0.533333333333333
2582642550	GT2.hmm	3.7e-29	1	116	8	127		0.68452380952381
2582642556	GT66.hmm	3.7e-13	44	490	52	503		0.643578643578644
2582642644	GH102.hmm	7.7e-44	1	156	139	286		0.987261146496815
2582642646	CBM35.hmm	3.4e-07	1	122	473	593		0.983739837398374
2582642751	CE1.hmm	1.9e-21	5	143	35	206		0.607929515418502
2582642790	GT83.hmm	8e-09	6	353	14	353		0.642592592592593
2582642822	GH93.hmm	7.7e-07	9	176	44	198		0.543973941368078
2582642826	GT5.hmm	8.6e-174	1	471	6	482		0.995762711864407
2582642830	CE1.hmm	6.3e-33	1	220	146	365		0.964757709251101
2582642835	CE1.hmm	2.1e-22	77	221	80	242		0.634361233480176
2582642849	CBM66.hmm	1.1e-08	3	145	58	185		0.916129032258065
2582642872	GT83.hmm	6.2e-89	13	492	8	486		0.887037037037037
2582642892	CE10.hmm	1.3e-20	76	317	32	262		0.706744868035191
2582642962	CBM66.hmm	5.4e-11	33	145	109	223		0.72258064516129
2582643003	GT4.hmm	1.6e-40	9	159	216	363		0.9375
2582643005	CE14.hmm	2.3e-23	1	124	6	111		0.991935483870968
2582643019	GT2.hmm	2.5e-28	2	167	53	224		0.982142857142857
2582643056	GT4.hmm	4.7e-26	6	158	199	344		0.95
2582643057	GT4.hmm	8.1e-37	5	159	187	342		0.9625
2582643060	GT4.hmm	3.5e-30	6	154	200	346		0.925
2582643061	GT4.hmm	2.5e-31	12	159	198	345		0.91875
2582643062	GT4.hmm	1.5e-23	12	154	170	320		0.8875
2582643065	GT4.hmm	3.4e-22	6	157	209	361		0.94375
2582643067	GT4.hmm	7.8e-35	9	159	197	355		0.9375
2582643068	GT4.hmm	1.6e-32	7	159	234	388		0.95
2582643101	CE4.hmm	9.3e-21	24	127	39	146		0.792307692307692
2582643105	GT2.hmm	1.3e-29	1	167	6	168		0.988095238095238
2582643106	GT2.hmm	2.2e-07	3	167	11	171		0.976190476190476
2582643110	GT83.hmm	1e-10	9	370	14	338		0.668518518518519
2582643117	CE1.hmm	4.5e-06	92	188	112	212		0.422907488986784
2582643118	CE6.hmm	1.8e-06	61	96	269	305		0.353535353535354
2582643147	GH20.hmm	1.2e-103	8	290	155	458		0.836795252225519
