2582941398	CBM32.hmm	0.00025	52	107	284	347		0.443548387096774
2582941414	GH109.hmm	1.5e-19	2	119	48	160		0.928571428571429
2582941421	GH29.hmm	1.1e-103	38	345	35	335		0.88728323699422
2582941427	GH95.hmm	1.1e-79	5	268	317	598		0.364265927977839
2582941435	GH5_36.hmm	9.3e-80	1	218	33	245		0.75609756097561
2582941459	CE2.hmm	2.6e-07	86	199	39	155		0.54066985645933
2582941466	GH109.hmm	1.3e-22	2	123	51	169		0.96031746031746
2582941468	GH109.hmm	1.3e-18	4	119	53	166		0.912698412698413
2582941470	GH109.hmm	7.6e-20	3	120	54	169		0.928571428571429
2582941478	GH20.hmm	1.1e-59	17	265	184	444		0.735905044510386
2582941478	CBM32.hmm	2e-08	15	107	529	622		0.741935483870968
2582941479	CE3.hmm	1.2e-07	3	191	1098	1298		0.969072164948454
2582941480	CE3.hmm	4e-11	2	162	67	226		0.824742268041237
2582941521	GH141.hmm	2.9e-68	2	478	23	475		0.903225806451613
2582941529	CE3.hmm	7.1e-27	1	194	329	553		0.994845360824742
2582941533	GH3.hmm	1.9e-41	11	215	62	281		0.944444444444444
2582941591	GH27.hmm	2.7e-27	122	338	222	437		0.576
2582941604	CE6.hmm	2.4e-06	62	97	233	266		0.353535353535354
2582941624	GH109.hmm	3e-11	1	114	37	142		0.896825396825397
2582941627	GH29.hmm	4.7e-102	22	346	18	380		0.936416184971098
2582941631	CBM32.hmm	0.00082	51	107	188	257		0.451612903225806
2582941646	GH33.hmm	7.7e-07	118	329	128	298		0.616959064327485
2582941650	GT51.hmm	7.8e-57	2	177	101	282		0.988700564971751
2582941660	GH57.hmm	2.9e-56	8	294	14	330		0.746736292428198
2582941661	CBM48.hmm	7.2e-13	2	68	8	80		0.868421052631579
2582941661	GH13_10.hmm	6e-125	1	298	124	438		0.996644295302013
2582941677	GH130.hmm	4.8e-80	47	293	102	345		0.831081081081081
2582941695	CBM32.hmm	2.1e-07	19	110	224	351		0.733870967741935
2582941709	CE6.hmm	5.2e-11	5	74	703	772		0.696969696969697
2582941712	CE6.hmm	1.3e-10	14	85	1254	1331		0.717171717171717
2582941733	CE1.hmm	1.6e-07	101	212	7	143		0.488986784140969
2582941781	GT84.hmm	1.4e-97	1	215	1329	1543		0.995348837209302
2582941781	GH94.hmm	0	2	1035	1784	2865		0.997104247104247
2582941793	GH2.hmm	9e-109	23	407	52	498		0.51063829787234
2582941794	CE2.hmm	1.1e-16	91	207	49	167		0.555023923444976
2582941797	CE7.hmm	1.1e-11	64	222	110	282		0.504792332268371
2582941847	GH4.hmm	1.2e-61	1	177	3	180		0.983240223463687
2582941866	PL9_1.hmm	2.1e-10	17	230	63	337		0.794776119402985
2582941921	CE3.hmm	1e-49	3	194	323	523		0.984536082474227
2582941958	GH145.hmm	3.9e-87	12	296	161	445		0.959459459459459
2582941993	CBM51.hmm	7.6e-39	3	134	29	163		0.977611940298508
2582942004	CBM50.hmm	4.9e-11	1	40	85	127		0.975
2582942005	GH95.hmm	1.9e-219	5	714	115	860		0.981994459833795
2582942013	GH29.hmm	4.5e-106	27	346	18	344		0.921965317919075
2582942013	CBM35.hmm	4.3e-08	3	122	456	571		0.967479674796748
2582942015	GH109.hmm	1.5e-24	1	123	43	162		0.968253968253968
2582942018	GT10.hmm	3.6e-18	152	278	165	293		0.363112391930836
2582942019	GT10.hmm	6.4e-18	164	279	112	225		0.331412103746398
2582942021	GT25.hmm	1.1e-17	4	170	54	219		0.917127071823204
2582942040	GH78.hmm	2.4e-07	137	313	280	454		0.349206349206349
2582942042	GH2.hmm	1.1e-70	23	550	19	655		0.700797872340426
2582942055	GH20.hmm	5.5e-66	14	336	158	484		0.955489614243323
2582942056	GH20.hmm	1e-125	8	336	156	509		0.973293768545994
2582942058	GH2.hmm	3.8e-37	36	465	58	602		0.570478723404255
2582942064	GH63.hmm	2.4e-29	356	559	101	447		0.356140350877193
2582942065	GH89.hmm	4.3e-186	2	563	77	638		0.846153846153846
2582942068	GH141.hmm	7.6e-105	3	525	36	550		0.990512333965844
2582942069	GH106.hmm	2.8e-79	20	776	57	862		0.91747572815534
2582942070	GH120.hmm	6.5e-34	2	91	304	393		0.978021978021978
2582942076	GH109.hmm	1.5e-13	3	114	45	147		0.880952380952381
2582942083	CBM32.hmm	5.5e-09	35	111	172	265		0.612903225806452
2582942083	CBM67.hmm	2.3e-35	12	166	338	503		0.875
2582942083	GH78.hmm	1.1e-137	1	503	531	1129		0.996031746031746
2582942084	CBM32.hmm	0.00054	50	107	659	725		0.459677419354839
2582942096	GH77.hmm	2.9e-126	2	491	14	570		0.989878542510121
2582942119	CE3.hmm	2.9e-18	53	193	14	168		0.721649484536082
2582942125	CBM67.hmm	5.9e-42	2	167	133	320		0.9375
2582942125	GH78.hmm	4.4e-153	1	503	347	862		0.996031746031746
2582942127	GH109.hmm	1.6e-09	2	112	39	143		0.873015873015873
2582942130	CBM67.hmm	6.7e-37	1	176	33	189		0.994318181818182
2582942139	CBM38.hmm	3.3e-24	4	128	28	156		0.961240310077519
2582942149	GH109.hmm	6.3e-17	1	106	50	153		0.833333333333333
2582942154	CBM32.hmm	3e-15	4	109	524	627		0.846774193548387
2582942166	GH127.hmm	1.1e-148	3	523	284	816		0.99236641221374
2582942167	CE1.hmm	1.3e-12	11	197	515	712		0.819383259911894
2582942171	CE6.hmm	0.00056	3	37	175	209		0.343434343434343
2582942233	PL9_1.hmm	1.1e-07	14	226	41	292		0.791044776119403
2582942250	GH109.hmm	5e-09	70	121	78	129		0.404761904761905
2582942263	CBM38.hmm	9.6e-07	85	128	3	46		0.333333333333333
2582942263	GH116.hmm	3.1e-55	97	362	271	555		0.730027548209366
2582942286	GT2.hmm	5.9e-26	3	166	56	225		0.970238095238095
2582942381	CE6.hmm	7.7e-06	62	95	288	319		0.333333333333333
2582942387	CE10.hmm	1.3e-31	79	313	45	264		0.686217008797654
2582942401	GH27.hmm	8.1e-19	135	336	100	278		0.536
2582942404	CBM67.hmm	1.4e-42	2	165	152	330		0.926136363636364
2582942434	GH94.hmm	1.6e-102	573	1019	346	825		0.43050193050193
2582942444	CE1.hmm	7.2e-08	8	137	119	232		0.568281938325991
2582942461	GH2.hmm	7.7e-157	24	464	56	592		0.585106382978723
2582942486	GH10.hmm	9.1e-95	7	302	69	378		0.973597359735974
2582942501	CBM67.hmm	0.00015	12	92	90	166		0.454545454545455
2582942511	AA4.hmm	7.5e-24	15	255	8	238		0.459770114942529
2582942512	GT35.hmm	5e-77	19	556	37	482		0.79673590504451
2582942515	GH78.hmm	5.3e-68	55	503	126	597		0.888888888888889
2582942517	CE4.hmm	1.3e-19	5	93	34	123		0.676923076923077
2582942563	GH75.hmm	2.4e-13	105	214	351	465		0.495454545454545
2582942564	GH106.hmm	3.9e-211	92	823	221	1037		0.887135922330097
2582942568	GH13_26.hmm	2.8e-41	3	144	24	175		0.518382352941177
2582942568	GH13_26.hmm	8.2e-39	149	272	263	389		0.452205882352941
2582942618	GH109.hmm	4.6e-17	4	122	40	148		0.936507936507937
2582942623	CE7.hmm	2.2e-11	171	299	142	268		0.408945686900958
2582942686	CBM50.hmm	3.8e-13	1	40	72	114		0.975
2582942697	GT2.hmm	1.4e-28	8	163	12	165		0.922619047619048
2582942709	CBM48.hmm	9.6e-15	3	69	53	144		0.868421052631579
2582942719	CE12.hmm	6.8e-10	2	209	36	225		0.985714285714286
2582942723	CBM51.hmm	7.1e-42	3	134	18	149		0.977611940298508
2582942723	GH27.hmm	3.1e-31	121	343	358	578		0.592
2582942752	GH109.hmm	8.9e-09	1	119	45	155		0.936507936507937
2582942753	CE6.hmm	2e-10	16	99	159	257		0.838383838383838
2582942754	GH106.hmm	3.4e-76	350	672	1	305		0.390776699029126
2582942758	GH15.hmm	6.8e-91	4	359	297	679		0.983379501385042
2582942761	CE3.hmm	3.4e-09	7	193	36	240		0.958762886597938
2582942778	CBM8.hmm	2.4e-32	2	142	36	174		0.979020979020979
2582942792	GH20.hmm	4.5e-52	12	309	157	436		0.881305637982196
2582942792	CBM32.hmm	7.1e-19	19	121	692	800		0.82258064516129
2582942801	CBM66.hmm	2.7e-06	2	132	35	172		0.838709677419355
2582942811	CBM32.hmm	4e-10	7	110	308	468		0.830645161290323
2582942814	CBM67.hmm	3.4e-31	1	176	181	330		0.994318181818182
2582942814	GH106.hmm	5.4e-119	94	514	466	877		0.509708737864078
2582942815	GH20.hmm	1.6e-60	14	309	154	455		0.875370919881306
2582942819	CBM51.hmm	1e-38	2	134	31	163		0.985074626865672
2582942826	GH50.hmm	1.3e-95	7	438	75	494		0.660030627871363
2582942854	GH109.hmm	1.5e-19	2	119	48	160		0.928571428571429
2582942857	GH109.hmm	7.6e-15	3	123	6	124		0.952380952380952
2582942883	CE3.hmm	3.6e-43	2	194	23	213		0.989690721649485
2582942883	GH78.hmm	6.4e-74	3	502	298	780		0.990079365079365
2582942884	GH29.hmm	3.6e-97	25	346	49	384		0.927745664739884
2582942885	GH106.hmm	3.1e-226	80	823	416	1188		0.901699029126214
2582942886	GH78.hmm	8.5e-80	202	502	13	317		0.595238095238095
2582942891	GH89.hmm	3.9e-205	2	663	58	721		0.996983408748115
2582942893	GH139.hmm	1.3e-135	182	775	26	619		0.763191763191763
2582942893	CBM32.hmm	2.7e-08	4	108	777	883		0.838709677419355
2582942899	CE3.hmm	2.7e-16	1	193	36	240		0.989690721649485
2582942903	GH95.hmm	1e-55	98	711	113	696		0.849030470914127
2582942904	CE6.hmm	1.7e-05	54	98	182	227		0.444444444444444
2582942931	GH141.hmm	2.4e-13	329	524	109	314		0.370018975332068
2582942940	CE6.hmm	6.7e-06	1	98	124	256		0.97979797979798
2582942941	GH95.hmm	3.1e-146	14	717	34	791		0.973684210526316
2582942942	CE6.hmm	5.3e-09	15	86	76	158		0.717171717171717
2582942942	GH29.hmm	1.7e-87	24	345	372	742		0.927745664739884
2582942943	CBM40.hmm	2.3e-06	93	173	638	723		0.446927374301676
2582942944	GH78.hmm	1.5e-76	6	502	113	594		0.984126984126984
2582942951	GH20.hmm	3.8e-104	9	336	165	493		0.970326409495549
2582942954	GH29.hmm	8.3e-111	28	346	219	542		0.919075144508671
2582942961	GH29.hmm	1.2e-78	28	345	44	388		0.916184971098266
2582942964	GH2.hmm	1.8e-69	24	550	26	661		0.699468085106383
2582942965	GH95.hmm	1.4e-39	131	712	140	785		0.804709141274238
2582942986	GT2.hmm	1.4e-20	1	165	8	171		0.976190476190476
2582942987	GT83.hmm	3.9e-42	13	356	28	365		0.635185185185185
2582943011	CBM44.hmm	1.1e-06	12	61	620	668		0.765625
2582943046	CE3.hmm	5.6e-12	35	184	100	246		0.768041237113402
2582943047	CE1.hmm	6.2e-08	68	209	197	361		0.621145374449339
2582943058	CBM67.hmm	1.3e-35	1	176	182	336		0.994318181818182
2582943058	CBM67.hmm	8.3e-45	13	170	346	512		0.892045454545455
2582943058	GH78.hmm	2.9e-184	2	503	537	1043		0.994047619047619
2582943068	GH109.hmm	2.7e-15	3	118	55	163		0.912698412698413
2582943082	CBM32.hmm	3.6e-13	13	112	163	258		0.798387096774194
2582943082	GH106.hmm	9.4e-172	95	723	315	973		0.762135922330097
2582943083	GH139.hmm	1.3e-207	7	775	10	814		0.988416988416988
2582943085	CE12.hmm	2.9e-09	3	158	40	185		0.738095238095238
2582943096	GH106.hmm	1.8e-78	4	649	44	768		0.782766990291262
2582943097	CE6.hmm	3.4e-12	5	83	737	816		0.787878787878788
2582943111	GH78.hmm	6.4e-103	7	503	78	591		0.984126984126984
2582943112	GH43_24.hmm	4.3e-65	2	238	49	304		0.967213114754098
2582943113	CBM67.hmm	1.7e-29	46	172	1	139		0.715909090909091
2582943113	GH78.hmm	7.7e-180	2	503	162	662		0.994047619047619
2582943115	GH92.hmm	1.8e-159	2	491	262	737		0.995926680244399
2582943120	GH2.hmm	1e-109	25	410	55	481		0.511968085106383
2582943129	GH78.hmm	1.1e-62	88	502	136	522		0.821428571428571
2582943129	CBM32.hmm	1.8e-21	18	122	627	736		0.838709677419355
2582943132	CBM32.hmm	6.3e-12	11	123	185	300		0.903225806451613
2582943132	GH106.hmm	5.8e-170	77	822	310	1102		0.904126213592233
2582943140	GH141.hmm	6.9e-80	2	524	34	591		0.990512333965844
2582943147	GH109.hmm	1.2e-22	1	120	53	176		0.944444444444444
2582943149	CE1.hmm	1e-08	37	207	39	260		0.748898678414097
2582943167	CBM32.hmm	8.4e-13	36	109	3	89		0.588709677419355
2582943168	GH95.hmm	1.6e-17	131	536	165	605		0.560941828254848
2582943173	CBM67.hmm	6.4e-25	15	171	63	198		0.886363636363636
2582943173	GH78.hmm	1.3e-79	5	503	231	713		0.988095238095238
2582943178	GH127.hmm	1.4e-187	1	524	50	610		0.998091603053435
2582943189	CE10.hmm	3.2e-49	63	311	124	377		0.727272727272727
2582943198	CE6.hmm	3.1e-13	5	78	489	562		0.737373737373737
2582943207	GH109.hmm	1.7e-21	1	122	48	171		0.96031746031746
2582943216	GH29.hmm	8e-82	16	346	21	398		0.953757225433526
2582943219	CBM48.hmm	5.2e-09	10	67	36	96		0.75
2582943219	CE1.hmm	9.6e-53	1	221	138	359		0.969162995594714
2582943240	GH42.hmm	3e-112	2	370	35	399		0.991913746630728
2582943243	GH2.hmm	1.2e-62	23	390	24	477		0.488031914893617
2582943244	GH36.hmm	3.4e-15	283	522	50	270		0.347383720930233
2582943256	CE6.hmm	1.6e-07	3	97	202	284		0.94949494949495
2582943260	GH2.hmm	1.6e-50	131	413	19	369		0.375
2582943261	GH129.hmm	1.1e-45	353	598	16	282		0.396440129449838
2582943265	GH109.hmm	4.2e-25	3	118	46	158		0.912698412698413
2582943273	GH106.hmm	2.4e-59	3	537	38	628		0.648058252427185
2582943273	CBM32.hmm	7.6e-17	6	122	627	741		0.935483870967742
2582943274	CBM67.hmm	2.6e-26	2	171	165	335		0.960227272727273
2582943274	GH78.hmm	1.5e-88	5	400	362	795		0.783730158730159
2582943275	CBM67.hmm	5.5e-39	1	173	163	352		0.977272727272727
2582943275	GH78.hmm	3.9e-149	1	503	373	885		0.996031746031746
2582943283	GH139.hmm	4.2e-120	5	401	11	397		0.50965250965251
2582943290	GH139.hmm	6.4e-84	5	327	4	318		0.414414414414414
2582943290	GH139.hmm	7.1e-153	327	775	472	906		0.576576576576577
2582943291	CE6.hmm	1.9e-12	5	84	720	800		0.797979797979798
2582943300	GT26.hmm	9.6e-57	4	171	59	233		0.976608187134503
2582943310	CE4.hmm	2.6e-20	5	124	32	161		0.915384615384615
2582943313	CE6.hmm	2.1e-10	4	83	477	565		0.797979797979798
2582943327	CBM44.hmm	4.8e-05	23	55	689	720		0.5
2582943362	GH127.hmm	1.9e-32	243	523	288	565		0.534351145038168
2582943366	CE6.hmm	4.4e-07	1	98	291	405		0.97979797979798
2582943367	CBM6.hmm	2.3e-08	50	136	606	691		0.623188405797101
2582943368	GH106.hmm	1.6e-229	4	823	32	983		0.993932038834951
2582943370	CE6.hmm	4e-07	18	98	146	267		0.808080808080808
2582943371	GH109.hmm	2e-06	75	122	1	48		0.373015873015873
2582943374	GH120.hmm	3.1e-15	46	91	2	47		0.494505494505495
2582943376	GH106.hmm	5.5e-77	172	823	9	666		0.79004854368932
2582943384	GH78.hmm	5.6e-26	184	359	309	560		0.347222222222222
2582943386	GH109.hmm	2.8e-23	1	122	29	146		0.96031746031746
2582943390	GT9.hmm	1.6e-34	4	203	79	293		0.884444444444444
2582943401	GH10.hmm	4.6e-56	5	300	203	492		0.973597359735974
2582943425	GH140.hmm	1.1e-45	2	412	129	556		0.995145631067961
2582943426	GH109.hmm	4e-14	3	118	47	155		0.912698412698413
2582943427	GH43_37.hmm	5.7e-34	2	209	57	260		0.896103896103896
2582943430	CE6.hmm	0.00097	4	39	160	193		0.353535353535354
2582943434	GH36.hmm	3e-38	217	510	152	449		0.425872093023256
2582943451	GT83.hmm	4.3e-28	10	359	19	395		0.646296296296296
2582943452	CBM32.hmm	1.6e-07	35	113	145	244		0.629032258064516
2582943453	CE3.hmm	3.8e-44	2	194	29	219		0.989690721649485
2582943455	GH109.hmm	3.3e-17	3	120	41	155		0.928571428571429
2582943469	CE6.hmm	3.8e-11	4	87	719	807		0.838383838383838
2582943470	GH2.hmm	2.1e-100	25	480	39	588		0.605053191489362
2582943470	CBM67.hmm	3.3e-09	14	88	676	750		0.420454545454545
2582943472	GH2.hmm	1.5e-126	27	480	36	613		0.602393617021277
2582943473	GH106.hmm	1.3e-225	93	822	181	909		0.884708737864078
2582943474	GH43.hmm	2.5e-29	5	228	58	311		0.899193548387097
2582943477	GH95.hmm	2.1e-66	113	711	158	764		0.828254847645429
2582943490	CBM57.hmm	1.6e-18	50	147	501	601		0.659863945578231
2582943494	GH2.hmm	3.4e-102	24	487	38	592		0.615691489361702
2582943494	CBM67.hmm	6.4e-10	13	89	674	750		0.431818181818182
2582943495	CE6.hmm	0.00051	3	37	181	213		0.343434343434343
2582943495	CE6.hmm	8.1e-05	60	96	256	290		0.363636363636364
2582943496	CE6.hmm	4.4e-10	33	98	208	269		0.656565656565657
2582943497	GH139.hmm	6e-212	8	775	7	763		0.987129987129987
2582943499	CBM47.hmm	9.1e-14	27	119	169	262		0.71875
2582943500	GH29.hmm	2e-21	46	264	55	268		0.630057803468208
2582943502	GH95.hmm	2.9e-250	9	718	58	729		0.981994459833795
2582943508	GH106.hmm	1.6e-57	4	537	22	596		0.646844660194175
2582943508	CBM32.hmm	1.2e-16	6	122	603	716		0.935483870967742
2582943509	CE4.hmm	1.3e-23	5	125	40	168		0.923076923076923
2582943511	CE6.hmm	2.1e-11	7	76	1383	1452		0.696969696969697
2582943512	GH127.hmm	1.5e-34	301	503	342	556		0.385496183206107
2582943515	GH78.hmm	2.9e-71	4	502	103	580		0.988095238095238
2582943515	GH78.hmm	7.4e-65	88	502	928	1314		0.821428571428571
2582943526	CE3.hmm	3.2e-16	5	106	40	166		0.520618556701031
2582943534	GH29.hmm	6e-53	35	337	15	312		0.872832369942196
2582943535	CBM32.hmm	7.9e-22	17	123	94	205		0.854838709677419
2582943536	CE6.hmm	8.2e-09	2	99	132	242		0.97979797979798
2582943538	GT35.hmm	7.7e-263	1	637	114	791		0.943620178041543
2582943561	AA3.hmm	1e-44	88	371	4	516		0.457928802588997
2582943577	GT4.hmm	2e-13	10	156	111	269		0.9125
2582943578	GH130.hmm	3.4e-37	65	231	258	420		0.560810810810811
2582943597	GH2.hmm	3.6e-100	26	487	40	594		0.613031914893617
2582943597	CBM67.hmm	8.1e-09	15	89	675	751		0.420454545454545
2582943599	GH97.hmm	5.9e-112	12	515	58	551		0.797147385103011
2582943600	CE2.hmm	1.2e-14	91	208	99	219		0.559808612440191
2582943610	GH16.hmm	4.3e-57	2	189	26	256		0.989417989417989
2582943628	GH13_38.hmm	3e-49	1	132	42	169		0.348404255319149
2582943646	CE6.hmm	2.2e-12	6	94	63	158		0.888888888888889
2582943658	CBM32.hmm	0.00049	52	107	122	173		0.443548387096774
2582943678	GT5.hmm	7.5e-106	1	471	14	499		0.995762711864407
2582943688	GH139.hmm	9.7e-80	16	327	36	337		0.4002574002574
2582943703	GH29.hmm	6.7e-84	14	346	21	400		0.959537572254335
2582943713	GT2.hmm	4e-25	3	166	23	179		0.970238095238095
2582943714	GT83.hmm	1.1e-33	196	360	5	189		0.303703703703704
2582943720	GH20.hmm	4.1e-63	15	255	231	470		0.712166172106825
2582943722	GH37.hmm	2.8e-23	288	479	220	428		0.389002036659878
2582943734	GT28.hmm	1.4e-27	2	157	211	363		0.987261146496815
2582943744	GH2.hmm	3.4e-121	24	491	22	678		0.621010638297872
2582943765	GT30.hmm	2.7e-53	2	175	38	217		0.977401129943503
2582943789	GH105.hmm	9.3e-77	8	330	56	367		0.969879518072289
2582943801	GT51.hmm	2e-58	3	177	37	216		0.983050847457627
2582943813	GH43.hmm	7e-11	13	218	57	256		0.826612903225806
2582943848	GH95.hmm	9.9e-246	7	719	34	744		0.986149584487535
2582943851	CE11.hmm	2e-70	1	220	6	225		0.808118081180812
2582943860	PL17.hmm	1.4e-10	66	136	8	70		0.503597122302158
2582943861	CBM67.hmm	1.5e-42	6	170	321	494		0.931818181818182
2582943861	GH78.hmm	1.5e-184	2	503	519	1026		0.994047619047619
2582943862	GH76.hmm	5.9e-45	24	237	44	268		0.594972067039106
2582943863	GH78.hmm	6.4e-146	7	503	27	535		0.984126984126984
2582943864	CBM67.hmm	1.2e-41	9	164	475	639		0.880681818181818
2582943864	GH78.hmm	5.5e-176	2	497	670	1172		0.982142857142857
2582943906	GH31.hmm	5.5e-76	1	276	229	514		0.644028103044497
2582943916	CBM32.hmm	3.8e-05	52	107	46	109		0.443548387096774
2582943926	GH109.hmm	8e-48	1	126	60	184		0.992063492063492
2582943929	GH27.hmm	8.5e-07	179	334	219	362		0.413333333333333
2582943930	GH95.hmm	2.6e-285	6	716	14	756		0.983379501385042
2582943932	CBM40.hmm	6.1e-07	87	174	82	171		0.486033519553073
2582943932	GH32.hmm	3.7e-47	1	285	255	519		0.969283276450512
2582943949	CE6.hmm	4.8e-10	3	96	183	268		0.939393939393939
2582943951	CBM35.hmm	3.7e-09	20	108	19	106		0.715447154471545
2582943953	CBM32.hmm	1.5e-14	17	123	544	648		0.854838709677419
2582943982	CE3.hmm	2e-27	5	194	71	300		0.974226804123711
2582943983	CE12.hmm	1.4e-10	2	209	36	251		0.985714285714286
2582943985	GH136.hmm	3.8e-113	2	489	44	516		0.991853360488798
2582943986	GH109.hmm	1.2e-07	63	118	65	120		0.436507936507937
2582944003	CBM32.hmm	1.7e-05	45	107	30	95		0.5
2582944016	GH10.hmm	1.6e-105	2	301	29	354		0.986798679867987
2582944017	CE6.hmm	7.6e-10	3	94	173	261		0.919191919191919
2582944017	CBM32.hmm	4.7e-25	10	122	470	588		0.903225806451613
2582944031	GT9.hmm	6.7e-29	3	221	66	297		0.968888888888889
2582944034	GH109.hmm	7.2e-22	2	122	8	119		0.952380952380952
2582944051	CE1.hmm	1.4e-15	5	143	50	208		0.607929515418502
2582944077	CBM66.hmm	9.9e-12	2	154	43	214		0.980645161290323
2582944078	GH136.hmm	4.2e-35	3	334	31	362		0.674134419551935
2582944078	CBM32.hmm	1.6e-13	6	122	436	550		0.935483870967742
2582944098	CBM38.hmm	4.2e-31	4	128	30	157		0.961240310077519
2582944098	GH32.hmm	4.7e-68	1	290	283	573		0.986348122866894
2582944112	CBM32.hmm	1.6e-10	11	122	144	273		0.895161290322581
2582944112	CBM4.hmm	4.9e-29	1	126	1083	1208		0.992063492063492
2582944137	GH74.hmm	1.8e-13	19	111	853	946		0.394849785407725
2582944138	GH78.hmm	2.2e-26	147	449	78	412		0.599206349206349
2582944161	GH78.hmm	3.5e-102	6	497	34	522		0.974206349206349
2582944173	CBM51.hmm	8.1e-10	2	55	15	68		0.395522388059701
2582944178	GT51.hmm	1.8e-39	10	165	63	217		0.875706214689266
2582944182	CBM20.hmm	1.1e-15	6	82	140	218		0.844444444444444
2582944182	GH77.hmm	2e-143	1	490	250	901		0.989878542510121
2582944190	GT4.hmm	6.5e-26	6	158	244	415		0.95
2582944218	CE1.hmm	2.3e-21	10	170	1	167		0.704845814977974
2582944226	CBM38.hmm	1.1e-21	5	124	274	400		0.922480620155039
2582944230	CE6.hmm	1.8e-10	1	98	111	229		0.97979797979798
2582944232	GH109.hmm	4e-09	1	121	5	116		0.952380952380952
2582944234	CBM4.hmm	2.7e-08	3	122	106	261		0.944444444444444
2582944234	GH51.hmm	9.4e-109	112	629	269	870		0.820634920634921
2582944242	GH5_39.hmm	3.2e-103	18	304	71	356		0.937704918032787
2582944258	GT51.hmm	1e-56	11	177	139	305		0.937853107344633
2582944263	GH137.hmm	2.6e-87	30	334	75	375		0.894117647058824
2582944271	GH120.hmm	4.9e-36	2	91	334	423		0.978021978021978
2582944286	GH109.hmm	0.00082	2	47	4	48		0.357142857142857
2582944306	GH39.hmm	2e-31	117	379	9	258		0.607888631090487
2582944332	GH95.hmm	6.3e-195	6	572	33	577		0.78393351800554
2582944334	GH27.hmm	1.8e-32	132	339	135	310		0.552
2582944334	GH32.hmm	9.6e-10	69	171	543	665		0.348122866894198
2582944335	GH33.hmm	2.1e-103	10	342	39	378		0.970760233918129
2582944337	GH32.hmm	2.2e-31	1	120	57	180		0.406143344709898
2582944339	GH29.hmm	1.2e-50	30	338	74	387		0.890173410404624
2582944341	CE6.hmm	7.8e-11	5	97	475	590		0.929292929292929
2582944346	GH20.hmm	4.5e-49	9	312	143	415		0.899109792284866
2582944346	CBM32.hmm	4.3e-15	17	122	675	788		0.846774193548387
2582944348	GH141.hmm	9.1e-44	2	286	26	293		0.538899430740038
2582944348	GH141.hmm	1.6e-18	327	523	312	530		0.371916508538899
2582944348	CBM6.hmm	1.5e-06	71	137	766	827		0.478260869565217
2582944372	GH110.hmm	1.1e-190	1	548	53	607		0.998175182481752
2582944386	GH130.hmm	2.7e-62	8	288	91	384		0.945945945945946
2582944387	CBM32.hmm	7.1e-19	9	122	39	167		0.911290322580645
2582944387	GH2.hmm	2.9e-93	31	574	192	901		0.722074468085106
2582944389	GH29.hmm	8.8e-78	28	346	41	385		0.919075144508671
2582944391	AA2.hmm	1.5e-13	14	116	85	188		0.4
2582944391	AA2.hmm	9e-06	155	251	299	413		0.376470588235294
2582944391	AA2.hmm	2e-11	19	251	462	729		0.909803921568627
2582944396	GT5.hmm	4.4e-58	1	318	11	336		0.671610169491525
2582944417	GH29.hmm	7.7e-103	28	346	41	363		0.919075144508671
2582944422	GH95.hmm	5.9e-203	251	719	3	488		0.64819944598338
2582944424	CE6.hmm	1.9e-13	6	79	1113	1186		0.737373737373737
2582944425	CE6.hmm	8.5e-14	5	87	720	803		0.828282828282828
2582944427	GH29.hmm	1.1e-100	31	346	44	375		0.910404624277457
2582944428	GH116.hmm	7.9e-54	98	361	34	317		0.724517906336088
2582944430	CE4.hmm	1.8e-23	6	125	130	280		0.915384615384615
2582944440	CE6.hmm	2.9e-09	5	80	178	271		0.757575757575758
2582944441	GH29.hmm	3.9e-100	26	346	19	354		0.92485549132948
2582944466	GH51.hmm	2.1e-101	81	541	15	511		0.73015873015873
2582944469	GH109.hmm	1.2e-21	2	122	45	164		0.952380952380952
2582944483	GH116.hmm	4.8e-14	75	213	420	572		0.380165289256198
2582944484	GH109.hmm	3.2e-19	3	115	31	141		0.888888888888889
2582944486	CBM66.hmm	1e-07	3	155	38	218		0.980645161290323
2582944504	CE12.hmm	2.7e-10	3	210	38	255		0.985714285714286
2582944506	CBM6.hmm	5.2e-08	43	135	498	594		0.666666666666667
2582944509	CBM32.hmm	0.00049	65	119	803	864		0.435483870967742
2582944510	CBM32.hmm	0.00021	44	107	354	425		0.508064516129032
2582944515	GH29.hmm	8.7e-52	98	336	1	267		0.687861271676301
2582944515	CBM32.hmm	6.1e-05	36	109	284	355		0.588709677419355
2582944516	GH127.hmm	1.8e-185	1	524	40	582		0.998091603053435
2582944517	GH37.hmm	9.1e-27	293	470	270	454		0.360488798370672
2582944527	GH38.hmm	1.9e-11	2	145	77	223		0.531598513011152
2582944529	GH95.hmm	2.8e-25	20	538	52	623		0.717451523545706
2582944530	CE3.hmm	3.3e-15	1	189	36	218		0.969072164948454
2582944531	GH95.hmm	3.2e-31	132	540	141	570		0.565096952908587
2582944533	CBM6.hmm	1.4e-06	52	136	6	84		0.608695652173913
2582944547	CBM50.hmm	7.3e-05	2	40	113	152		0.95
2582944547	CBM50.hmm	2.3e-12	1	40	290	333		0.975
2582944595	CBM47.hmm	4e-11	3	79	77	151		0.59375
2582944606	CBM67.hmm	3.4e-32	2	168	161	338		0.943181818181818
2582944606	GH78.hmm	1.9e-164	2	503	365	881		0.994047619047619
2582944607	GH109.hmm	6.3e-15	1	123	74	188		0.968253968253968
2582944609	CE6.hmm	8.1e-12	4	94	702	799		0.909090909090909
2582944616	GH2.hmm	2.4e-37	327	746	6	466		0.55718085106383
2582944622	GH36.hmm	5.7e-21	282	527	223	474		0.356104651162791
2582944657	GH106.hmm	1.8e-194	2	823	54	985		0.996359223300971
2582944666	GH109.hmm	2e-46	1	125	102	226		0.984126984126984
2582944668	CBM51.hmm	2.4e-28	17	133	336	462		0.865671641791045
2582944687	CBM32.hmm	2.2e-09	30	109	250	354		0.637096774193548
2582944696	GH110.hmm	1.2e-17	220	537	235	567		0.578467153284672
2582944702	CE4.hmm	2.2e-19	5	123	38	156		0.907692307692308
2582944712	CE7.hmm	6.8e-19	65	206	59	210		0.450479233226837
2582944718	CE3.hmm	2.1e-14	35	188	56	219		0.788659793814433
2582944720	GH78.hmm	1.2e-11	158	312	338	497		0.305555555555556
2582944745	CBM66.hmm	3.6e-11	53	143	120	209		0.580645161290323
2582944745	GH78.hmm	6.7e-34	135	353	250	484		0.432539682539683
2582944746	GH106.hmm	3.3e-69	95	409	186	509		0.381067961165049
2582944746	GH106.hmm	1.7e-95	446	823	518	947		0.45752427184466
2582944747	GH106.hmm	4.3e-184	94	735	210	857		0.777912621359223
2582944768	GH2.hmm	1.5e-37	36	394	58	514		0.476063829787234
2582944769	CE3.hmm	1.1e-11	70	188	112	238		0.608247422680412
2582944770	GH29.hmm	1.7e-62	26	335	86	408		0.893063583815029
2582944770	CBM32.hmm	3.5e-06	36	109	426	497		0.588709677419355
2582944771	CBM38.hmm	5.4e-25	5	128	276	405		0.953488372093023
2582944771	GH116.hmm	2.3e-58	95	361	628	907		0.732782369146005
2582944775	GH97.hmm	4e-201	13	630	35	657		0.977812995245642
2582944800	CE10.hmm	4.6e-48	48	315	201	464		0.782991202346041
2582944826	GH95.hmm	1.4e-70	217	711	352	813		0.684210526315789
2582944839	GH136.hmm	9.9e-09	37	252	57	293		0.437881873727088
2582944856	GH136.hmm	7.4e-37	2	405	205	610		0.820773930753564
2582944856	CBM32.hmm	1e-12	5	122	599	714		0.943548387096774
2582944858	CBM6.hmm	6.8e-14	23	136	454	565		0.818840579710145
2582944862	GH109.hmm	1.3e-23	2	118	39	157		0.920634920634921
2582944863	GH38.hmm	4.4e-20	2	268	129	408		0.988847583643123
2582944867	CBM67.hmm	1.6e-35	1	172	26	205		0.971590909090909
2582944872	CE10.hmm	8.4e-10	74	203	36	192		0.378299120234604
2582944910	CBM50.hmm	4e-09	1	40	99	142		0.975
2582944910	CBM50.hmm	1e-05	1	39	177	219		0.95
2582944914	CBM32.hmm	0.00042	53	106	283	338		0.42741935483871
2582944949	GT83.hmm	5.3e-13	14	360	15	375		0.640740740740741
2582944950	GT2.hmm	1.2e-07	3	125	11	140		0.726190476190476
2582944958	GH28.hmm	3.1e-51	17	313	160	469		0.910769230769231
2582944968	CE12.hmm	4.2e-07	34	166	164	415		0.628571428571429
2582944973	GH20.hmm	3.8e-62	8	336	165	495		0.973293768545994
2582944973	CBM32.hmm	9.7e-19	15	122	628	742		0.862903225806452
2582944974	CE12.hmm	1.3e-12	56	210	116	261		0.733333333333333
2582944975	CBM32.hmm	0.00013	62	106	888	952		0.354838709677419
2582944981	GH109.hmm	9e-14	2	115	37	141		0.896825396825397
2582944983	GH109.hmm	3.4e-19	2	125	45	165		0.976190476190476
2582944984	CBM32.hmm	7.2e-11	15	115	84	208		0.806451612903226
2582944985	CBM32.hmm	1.5e-09	11	113	93	221		0.82258064516129
2582944986	GH109.hmm	1.3e-17	2	125	35	155		0.976190476190476
2582944990	GH2.hmm	3.7e-10	256	491	17	288		0.3125
2582944990	GT2.hmm	6.5e-19	1	113	298	406		0.666666666666667
2582944991	GH116.hmm	5.6e-53	97	362	217	500		0.730027548209366
2582944992	CBM67.hmm	7.8e-26	2	172	153	322		0.965909090909091
2582944992	GH78.hmm	9.2e-132	6	503	349	845		0.986111111111111
2582944994	GH2.hmm	3.4e-70	19	394	35	504		0.498670212765957
2582944998	GH141.hmm	2.7e-34	2	285	14	310		0.537001897533207
2582945004	GT2.hmm	5.6e-18	2	165	4	165		0.970238095238095
2582945026	GH13_8.hmm	1.3e-111	9	274	1	283		0.967153284671533
2582945045	GH95.hmm	2.3e-161	12	719	38	783		0.979224376731302
2582945088	CBM30.hmm	0.00043	7	91	26	104		0.923076923076923
2582945088	GH9.hmm	8.4e-44	5	358	121	523		0.844497607655502
2582945090	CBM4.hmm	3.5e-06	50	124	123	196		0.587301587301587
2582945090	GH51.hmm	4.4e-51	133	541	223	640		0.647619047619048
2582945092	GH95.hmm	0	3	718	19	747		0.990304709141274
2582945093	CE6.hmm	1.9e-11	4	78	709	784		0.747474747474748
2582945134	GH109.hmm	4.1e-09	2	112	39	143		0.873015873015873
2582945151	GH30.hmm	3.5e-69	12	415	25	467		0.966426858513189
2582945152	GH109.hmm	1.9e-15	3	116	39	142		0.896825396825397
2582945153	CE1.hmm	1.4e-08	8	174	195	356		0.731277533039648
2582945165	GH106.hmm	7e-147	91	664	4	562		0.695388349514563
2582945168	GH29.hmm	4.4e-106	31	346	23	356		0.910404624277457
2582945175	CE10.hmm	1.4e-46	67	324	54	302		0.75366568914956
2582945215	CE6.hmm	3e-08	1	92	164	269		0.919191919191919
2582945216	GH127.hmm	3.1e-36	234	523	257	547		0.551526717557252
2582945217	CBM4.hmm	1.4e-15	1	126	59	192		0.992063492063492
2582945217	GH51.hmm	7.3e-117	113	628	197	784		0.817460317460317
2582945219	GH127.hmm	9.3e-50	57	524	102	544		0.891221374045801
2582945220	GH51.hmm	6.8e-90	113	628	266	873		0.817460317460317
2582945221	CBM40.hmm	1.7e-07	93	172	577	653		0.441340782122905
2582945228	GH5_25.hmm	7.4e-76	2	261	238	531		0.988549618320611
2582945236	GH109.hmm	1.2e-06	3	57	50	105		0.428571428571429
2582945237	CE6.hmm	0.00082	61	97	312	346		0.363636363636364
2582945238	CBM67.hmm	1.2e-41	13	168	252	416		0.880681818181818
2582945238	GH78.hmm	1.6e-185	3	504	473	977		0.994047619047619
2582945260	AA6.hmm	7.1e-83	1	195	3	196		0.994871794871795
2582945295	CBM6.hmm	2.8e-12	22	137	455	569		0.833333333333333
2582945296	CE6.hmm	2.2e-11	3	97	183	276		0.94949494949495
2582945297	GH95.hmm	9.7e-292	4	718	3	765		0.988919667590028
2582945307	GH137.hmm	3.5e-17	128	307	124	294		0.526470588235294
2582945357	CE12.hmm	7.8e-09	1	164	30	198		0.776190476190476
2582945364	GH95.hmm	6.8e-74	95	714	84	679		0.857340720221607
2582945396	CE10.hmm	6.7e-25	62	316	11	245		0.744868035190616
2582945404	CE6.hmm	8.7e-07	5	85	1211	1297		0.808080808080808
2582945405	CE6.hmm	4.6e-08	15	86	1213	1290		0.717171717171717
2582945411	GH29.hmm	2.1e-102	32	346	49	383		0.907514450867052
2582945412	GH2.hmm	6.1e-56	176	480	8	384		0.404255319148936
2582945412	CBM67.hmm	1.3e-08	15	87	476	549		0.409090909090909
2582945420	GH2.hmm	4.3e-39	19	459	68	612		0.585106382978723
2582945423	PL14.hmm	1.6e-15	31	199	109	292		0.84
2582945437	GH29.hmm	5.3e-32	97	346	241	526		0.719653179190751
2582945442	CE6.hmm	1.1e-06	61	97	276	310		0.363636363636364
2582945445	CE6.hmm	5.1e-09	3	95	198	306		0.929292929292929
2582945446	GH78.hmm	3.2e-63	88	502	194	592		0.821428571428571
2582945446	CBM32.hmm	1.7e-18	16	122	702	812		0.854838709677419
2582945447	GH141.hmm	6.4e-67	6	522	1	518		0.979127134724858
2582945448	GH117.hmm	1.9e-10	30	142	55	169		0.530805687203792
2582945448	GH43_30.hmm	1.5e-07	24	215	115	302		0.718045112781955
2582945449	GH95.hmm	9e-157	13	715	48	785		0.972299168975069
2582945452	GH29.hmm	1.3e-07	100	236	65	207		0.393063583815029
2582945458	GH95.hmm	6.9e-247	18	717	58	725		0.96814404432133
2582945467	GH145.hmm	6e-11	53	222	266	435		0.570945945945946
2582945510	GH20.hmm	5.2e-58	14	316	157	440		0.896142433234421
2582945510	CBM32.hmm	1.4e-24	11	122	689	806		0.895161290322581
2582945520	CE6.hmm	1e-13	8	85	1079	1157		0.777777777777778
2582945521	CBM44.hmm	2.7e-07	6	63	183	238		0.890625
2582945525	GH36.hmm	4e-30	244	465	195	419		0.321220930232558
2582945525	CBM51.hmm	2e-33	3	133	870	1011		0.970149253731343
2582945537	CBM67.hmm	2.1e-41	11	165	412	575		0.875
2582945537	GH78.hmm	4.2e-176	2	503	605	1113		0.994047619047619
2582945538	GH95.hmm	1.3e-17	382	700	332	660		0.440443213296399
2582945547	GH106.hmm	8.9e-230	4	822	182	1087		0.992718446601942
2582945554	CBM32.hmm	0.00018	48	108	110	170		0.483870967741935
2582945569	GH106.hmm	7.9e-143	88	606	207	709		0.628640776699029
2582945589	GH5.hmm	2.5e-07	14	232	74	445		0.792727272727273
2582945604	GH20.hmm	3.5e-57	18	263	211	449		0.72700296735905
2582945604	CBM32.hmm	2.7e-08	19	107	552	642		0.709677419354839
2582945605	GH95.hmm	4.9e-246	17	718	2	738		0.970914127423823
2582945606	GH5.hmm	1.4e-28	6	232	41	338		0.821818181818182
2582945651	CE3.hmm	3.2e-53	1	194	164	362		0.994845360824742
2582945658	CE10.hmm	5e-34	69	328	36	275		0.759530791788856
2582945681	GH120.hmm	1.8e-34	2	91	288	377		0.978021978021978
2582945682	CE4.hmm	1.8e-19	4	121	28	145		0.9
2582945683	CBM67.hmm	4.1e-27	14	171	176	336		0.892045454545455
2582945683	GH78.hmm	6e-126	6	503	364	886		0.986111111111111
2582945742	GH130.hmm	3.2e-14	4	152	41	197		0.5
2582945752	GH3.hmm	3.7e-50	5	216	97	304		0.976851851851852
2582945752	CBM35.hmm	2.5e-31	1	122	738	858		0.983739837398374
2582945752	CBM6.hmm	1.3e-33	1	137	883	1021		0.985507246376812
2582945760	CE1.hmm	1.3e-11	10	174	39	210		0.722466960352423
2582945761	CE6.hmm	2.2e-11	7	83	708	785		0.767676767676768
2582945769	CE3.hmm	7.8e-19	2	188	25	206		0.958762886597938
2582945772	GH139.hmm	4.6e-217	21	775	22	764		0.97039897039897
2582945773	GH2.hmm	2.8e-83	24	322	24	389		0.396276595744681
2582945786	GH78.hmm	5.5e-100	4	439	106	564		0.863095238095238
2582945788	CE6.hmm	1.9e-11	5	78	702	775		0.737373737373737
2582945789	CE3.hmm	5e-07	1	187	174	353		0.958762886597938
2582945790	CE4.hmm	5.3e-21	4	122	37	163		0.907692307692308
2582945808	CBM16.hmm	0.00054	26	80	523	582		0.46551724137931
2582945813	GT2.hmm	3.4e-13	4	101	18	118		0.577380952380952
2582945814	GT2.hmm	9.9e-20	1	164	4	153		0.970238095238095
2582945815	GT4.hmm	4.3e-16	8	140	172	308		0.825
2582945883	CE1.hmm	2e-17	10	143	109	272		0.585903083700441
2582945891	CE10.hmm	2.2e-50	63	314	124	380		0.736070381231672
2582945942	CBM66.hmm	3.1e-07	41	125	674	758		0.541935483870968
2582945943	CE12.hmm	9.6e-05	90	165	132	209		0.357142857142857
2582945959	CE6.hmm	8.2e-11	8	84	1050	1130		0.767676767676768
2582945968	GT2.hmm	8.3e-08	2	166	111	292		0.976190476190476
2582946030	CE10.hmm	2.4e-32	86	331	45	281		0.718475073313783
2582946032	GT4.hmm	2.9e-27	11	144	245	376		0.83125
2582946033	GT4.hmm	3.6e-24	6	153	204	344		0.91875
2582946034	GT2.hmm	7.5e-13	1	167	6	165		0.988095238095238
2582946035	GT4.hmm	5.8e-31	12	155	228	378		0.89375
2582946044	CBM32.hmm	1.1e-09	35	110	177	275		0.604838709677419
2582946044	CBM67.hmm	2.7e-33	12	172	342	512		0.909090909090909
2582946044	GH78.hmm	1.4e-157	1	503	534	1043		0.996031746031746
2582946046	GH106.hmm	3.7e-120	88	552	210	678		0.563106796116505
2582946046	CBM67.hmm	2.8e-27	1	176	694	846		0.994318181818182
2582946046	GH106.hmm	1.7e-84	553	823	864	1152		0.327669902912621
2582946048	GH109.hmm	2.5e-06	1	118	40	152		0.928571428571429
2582946051	GH109.hmm	1.7e-07	61	118	33	90		0.452380952380952
2582946085	CE1.hmm	2.4e-06	79	215	131	371		0.599118942731278
2582946093	GH2.hmm	1e-72	26	303	47	365		0.368351063829787
2582946094	CE3.hmm	1.9e-13	54	185	2	136		0.675257731958763
2582946128	GH127.hmm	1.3e-36	301	523	580	807		0.423664122137405
2582946129	GH20.hmm	3e-39	14	289	583	869		0.816023738872404
2582946129	CBM32.hmm	0.00021	53	107	2231	2286		0.435483870967742
2582946137	GT2.hmm	3.6e-14	2	167	9	179		0.982142857142857
2582946144	GT4.hmm	1.4e-13	11	149	216	346		0.8625
2582946148	GT4.hmm	1.1e-35	7	158	186	345		0.94375
2582946149	GT4.hmm	3e-32	11	160	195	347		0.93125
2582946192	GT75.hmm	7e-24	69	295	74	293		0.658892128279883
2582946193	GT2.hmm	2.4e-15	2	167	10	178		0.982142857142857
2582946194	GT11.hmm	7.4e-55	1	259	1	268		0.934782608695652
2582946197	GT4.hmm	2.7e-14	11	124	217	339		0.70625
2582946197	GT4.hmm	7e-13	7	148	620	757		0.88125
2582946198	GT2.hmm	8.9e-21	1	133	4	134		0.785714285714286
2582946201	CE14.hmm	1.7e-18	1	115	6	111		0.919354838709677
2582946207	GT28.hmm	9.4e-16	28	151	205	329		0.78343949044586
2582946213	GT4.hmm	7.4e-12	7	118	218	331		0.69375
2582946220	GT4.hmm	1.2e-09	56	150	232	323		0.5875
2582946225	GT2.hmm	1.1e-22	4	168	1	162		0.976190476190476
2582946230	CBM38.hmm	6.3e-34	4	129	51	179		0.968992248062015
2582946256	CBM32.hmm	0.00037	52	92	1258	1304		0.32258064516129
2582946273	CBM50.hmm	2.7e-10	1	40	120	162		0.975
2582946282	GH59.hmm	5.3e-134	63	629	1	562		0.896988906497623
2582946283	GH95.hmm	6e-262	5	719	55	731		0.988919667590028
2582946284	GH137.hmm	1.3e-31	29	162	66	201		0.391176470588235
2582946287	GH2.hmm	6.6e-64	210	462	25	317		0.335106382978723
2582946304	GH20.hmm	8.5e-39	14	335	582	939		0.952522255192878
2582946307	CE3.hmm	7.9e-14	49	184	92	230		0.695876288659794
2582946357	CE6.hmm	9.4e-08	1	98	134	248		0.97979797979798
2582946358	GH109.hmm	4.2e-15	1	120	54	167		0.944444444444444
2582946359	CBM66.hmm	2.4e-06	91	143	5	57		0.335483870967742
2582946359	GH78.hmm	1.2e-58	134	504	97	470		0.734126984126984
2582946359	CBM32.hmm	7.1e-10	24	109	545	650		0.685483870967742
2582946361	CBM38.hmm	2.4e-28	2	129	36	176		0.984496124031008
2582946361	GH32.hmm	2.3e-59	1	290	224	536		0.986348122866894
2582946366	CE6.hmm	9e-08	1	98	543	651		0.97979797979798
2582946384	CBM6.hmm	2.6e-07	47	135	482	569		0.63768115942029
2582946389	GH20.hmm	5.7e-51	14	336	590	927		0.955489614243323
2582946389	CBM32.hmm	4.8e-18	15	108	1058	1159		0.75
2582946391	CE6.hmm	7.7e-10	14	85	1293	1370		0.717171717171717
2582946398	CBM40.hmm	5e-09	92	174	135	212		0.458100558659218
2582946398	CBM67.hmm	1.5e-18	1	170	233	370		0.960227272727273
2582946398	GH129.hmm	6.6e-41	109	599	521	987		0.792880258899676
2582946420	CE4.hmm	8.2e-21	8	122	94	212		0.876923076923077
2582946422	GH2.hmm	2.4e-61	30	545	50	715		0.684840425531915
2582946452	GH129.hmm	3e-29	9	252	44	305		0.393203883495146
2582946464	CE4.hmm	2.5e-26	6	123	98	231		0.9
2582946471	GT2.hmm	2.5e-06	2	164	30	190		0.964285714285714
2582946472	GT2.hmm	3e-14	17	104	27	113		0.517857142857143
2582946474	CE4.hmm	5.3e-18	4	92	37	124		0.676923076923077
2582946508	GT28.hmm	1.1e-17	22	153	27	157		0.834394904458599
2582946513	CBM32.hmm	1.5e-13	7	109	165	265		0.82258064516129
2582946513	GH15.hmm	3.3e-08	37	208	579	761		0.473684210526316
2582946586	CE3.hmm	8.1e-12	65	185	156	294		0.618556701030928
2582946586	CE3.hmm	1.5e-09	2	150	324	481		0.762886597938144
2582946591	GH109.hmm	4e-20	2	119	35	148		0.928571428571429
2582946605	GH127.hmm	2.4e-153	1	395	41	424		0.751908396946565
2582946613	CE12.hmm	9.9e-07	1	155	32	228		0.733333333333333
2582946615	CBM61.hmm	2.8e-07	4	140	1039	1179		0.964539007092199
2582946617	GT26.hmm	1.7e-58	5	170	63	231		0.964912280701754
2582946618	GT4.hmm	5.9e-27	5	155	193	344		0.9375
2582946622	CE6.hmm	1.2e-07	1	99	1564	1673		0.98989898989899
2582946631	GH109.hmm	7.4e-07	2	43	5	46		0.325396825396825
2582946634	GH106.hmm	5.8e-50	3	418	49	506		0.503640776699029
2582946712	GH109.hmm	1.2e-07	3	122	9	120		0.944444444444444
2582946739	GH142.hmm	2.5e-153	1	404	46	466		0.84133611691023
2582946747	CE6.hmm	1.4e-08	4	79	101	187		0.757575757575758
2582946764	CE3.hmm	1.2e-33	1	194	406	629		0.994845360824742
2582946770	GH109.hmm	4.9e-10	1	107	38	144		0.841269841269841
2582946773	CBM32.hmm	0.00029	52	107	69	125		0.443548387096774
2582946787	CE10.hmm	8.4e-23	80	335	53	298		0.747800586510264
2582946787	CE10.hmm	4.1e-26	79	316	343	566		0.695014662756598
2582946794	CE15.hmm	3.3e-89	2	268	25	383		0.988847583643123
