2582792699	GH109.hmm	3.8e-14	2	118	51	163		0.920634920634921
2582792735	CE1.hmm	1.4e-06	21	164	95	257		0.629955947136564
2582792742	GT2.hmm	2e-21	2	152	5	150		0.892857142857143
2582792750	CE7.hmm	5.2e-70	11	304	110	404		0.936102236421725
2582792761	PL14_3.hmm	2.4e-58	26	190	4	171		0.854166666666667
2582792796	CE10.hmm	1.4e-37	81	330	44	284		0.730205278592375
2582792818	GT1.hmm	3.1e-39	4	359	8	388		0.929319371727749
2582792877	CBM9.hmm	8.8e-09	29	133	2	109		0.571428571428571
2582792878	CE4.hmm	7.5e-29	3	126	16	147		0.946153846153846
2582792910	GH109.hmm	1.7e-19	1	123	42	156		0.968253968253968
2582792914	GH109.hmm	6.3e-15	2	113	30	150		0.880952380952381
2582792984	CE10.hmm	1.7e-42	80	318	31	265		0.697947214076246
2582792990	CBM66.hmm	0.00019	85	150	185	252		0.419354838709677
2582792991	GH109.hmm	1.9e-05	58	124	24	92		0.523809523809524
2582793000	GH33.hmm	4.7e-30	15	325	117	408		0.906432748538012
2582793006	GT35.hmm	1.4e-215	142	673	2	567		0.787833827893175
2582793031	CE7.hmm	1.1e-13	64	205	57	222		0.450479233226837
2582793060	GH109.hmm	5.3e-23	1	122	58	181		0.96031746031746
2582793086	CE7.hmm	2.6e-09	69	203	39	173		0.428115015974441
2582793088	CBM67.hmm	3.2e-05	30	87	285	340		0.323863636363636
2582793118	GT2.hmm	1.1e-35	2	167	8	167		0.982142857142857
2582793119	GT26.hmm	2.3e-62	3	171	62	231		0.982456140350877
2582793159	PL10_3.hmm	1.3e-95	1	271	120	396		0.996309963099631
2582793164	GH33.hmm	4.3e-14	126	319	131	326		0.564327485380117
2582793172	CE1.hmm	8.5e-07	107	222	89	263		0.506607929515419
2582793174	GT51.hmm	2.9e-62	2	176	76	252		0.983050847457627
2582793348	CBM40.hmm	2.8e-07	72	175	91	197		0.575418994413408
2582793351	GH109.hmm	6.5e-12	2	122	36	149		0.952380952380952
2582793361	CE15.hmm	4.8e-18	9	267	35	350		0.95910780669145
2582793407	CBM66.hmm	4.5e-13	5	153	449	602		0.954838709677419
2582793410	GH13_3.hmm	1.9e-110	8	238	240	471		0.966386554621849
2582793431	GH109.hmm	8.3e-26	1	118	35	147		0.928571428571429
2582793441	CBM32.hmm	1.6e-10	10	111	101	226		0.814516129032258
2582793442	GH109.hmm	9.2e-14	1	113	61	174		0.888888888888889
2582793447	CE14.hmm	0.00017	1	39	184	222		0.306451612903226
2582793467	GT4.hmm	1.1e-25	6	152	238	392		0.9125
2582793472	GT4.hmm	3.8e-30	6	158	188	339		0.95
2582793476	GH109.hmm	1.3e-06	2	120	6	117		0.936507936507937
2582793495	GH109.hmm	3.2e-10	1	112	8	112		0.880952380952381
2582793502	CE3.hmm	8.1e-09	28	148	152	260		0.618556701030928
2582793517	GT51.hmm	1.1e-64	2	177	81	256		0.988700564971751
2582793540	GH33.hmm	1.8e-10	91	248	85	233		0.45906432748538
2582793540	GH33.hmm	7.7e-12	161	327	192	376		0.485380116959064
2582793543	CBM51.hmm	2.4e-11	84	134	18	70		0.373134328358209
2582793543	CBM51.hmm	4.4e-20	3	100	80	180		0.723880597014925
2582793548	GH109.hmm	1.6e-13	1	122	6	116		0.96031746031746
2582793553	CE4.hmm	2.5e-30	6	124	72	195		0.907692307692308
2582793566	CE14.hmm	5.7e-16	1	117	5	109		0.935483870967742
2582793572	GT4.hmm	8.9e-35	5	149	195	333		0.9
2582793580	CE1.hmm	5.4e-37	1	138	40	182		0.60352422907489
2582793583	CE10.hmm	4e-29	75	322	28	260		0.724340175953079
2582793585	CE14.hmm	5.3e-23	2	124	28	136		0.983870967741935
2582793587	CE1.hmm	9.4e-10	85	208	118	251		0.541850220264317
2582793595	AA4.hmm	1.7e-23	14	239	74	289		0.431034482758621
2582793602	CBM66.hmm	1.3e-12	3	146	31	199		0.92258064516129
2582793663	CE1.hmm	4.5e-06	8	166	49	240		0.696035242290749
2582793664	GH109.hmm	5.3e-17	1	114	44	147		0.896825396825397
2582793666	GH109.hmm	3.4e-11	24	120	53	149		0.761904761904762
2582793674	CBM32.hmm	1.6e-09	35	111	53	143		0.612903225806452
2582793674	CBM32.hmm	6.2e-08	17	122	186	319		0.846774193548387
2582793675	CE4.hmm	8.5e-36	4	117	75	190		0.869230769230769
2582793677	GH109.hmm	1.9e-17	1	124	4	118		0.976190476190476
2582793687	CBM16.hmm	1.1e-15	1	106	651	773		0.905172413793103
2582793692	GT9.hmm	3.9e-35	4	206	88	301		0.897777777777778
2582793693	CE3.hmm	2.6e-06	50	129	67	147		0.407216494845361
2582793708	GH109.hmm	1.8e-19	2	120	33	146		0.936507936507937
2582793715	GT51.hmm	9.8e-14	122	177	2	57		0.310734463276836
2582793740	GH109.hmm	2.7e-15	3	120	47	156		0.928571428571429
2582793747	AA3.hmm	9.2e-30	192	404	19	392		0.343042071197411
2582793751	CE1.hmm	1.1e-06	42	208	323	541		0.731277533039648
2582793800	CE15.hmm	3.2e-88	13	267	41	417		0.944237918215613
2582793828	GH109.hmm	3e-07	25	115	83	167		0.714285714285714
2582793830	GH109.hmm	3.9e-19	1	122	29	146		0.96031746031746
2582793854	GH109.hmm	5.9e-20	3	110	42	161		0.849206349206349
2582793910	PL14_3.hmm	5.2e-18	3	62	64	122		0.307291666666667
2582793921	CBM44.hmm	4.9e-17	6	64	493	549		0.90625
2582793928	GT83.hmm	7.2e-18	171	401	1	244		0.425925925925926
2582793943	CBM66.hmm	5.6e-07	10	144	40	192		0.864516129032258
2582793989	GH13_9.hmm	5.6e-138	10	290	1	292		0.962199312714777
2582794006	CE7.hmm	3.3e-14	46	203	92	252		0.501597444089457
2582794073	CBM50.hmm	2.9e-09	1	40	115	158		0.975
2582794073	CBM50.hmm	3.2e-11	1	40	357	400		0.975
2582794084	CBM66.hmm	3.7e-11	3	147	29	190		0.929032258064516
2582794130	GT26.hmm	0.00023	25	77	42	97		0.304093567251462
2582794144	CE1.hmm	2.2e-16	9	209	140	343		0.881057268722467
2582794170	GT4.hmm	5.9e-17	39	148	197	326		0.68125
2582794173	GH33.hmm	2e-08	193	337	10	168		0.421052631578947
2582794180	GH109.hmm	9.6e-12	1	118	39	159		0.928571428571429
2582794182	CBM50.hmm	1.5e-14	1	40	122	164		0.975
2582794194	CE15.hmm	2.2e-15	16	268	26	345		0.936802973977695
2582794195	CBM66.hmm	6.3e-07	6	125	76	198		0.767741935483871
2582794211	GT2.hmm	6.2e-13	3	118	8	132		0.68452380952381
2582794226	GH3.hmm	3.6e-45	8	215	61	285		0.958333333333333
2582794236	CE1.hmm	5e-24	7	220	178	403		0.938325991189427
2582794240	GT28.hmm	2.8e-16	20	156	213	350		0.866242038216561
2582794242	GH33.hmm	9.2e-83	9	330	202	515		0.93859649122807
2582794256	CBM40.hmm	0.00032	88	176	688	764		0.491620111731844
2582794261	GT83.hmm	1.8e-10	7	385	3	348		0.7
2582794262	GT2.hmm	1.6e-24	1	164	8	160		0.970238095238095
2582794293	GH33.hmm	2e-23	24	328	45	372		0.888888888888889
2582794295	CE3.hmm	3.4e-14	1	192	137	381		0.984536082474227
2582794301	GH50.hmm	3.3e-69	292	650	112	445		0.548238897396631
2582794320	GT9.hmm	1.7e-56	5	222	396	635		0.964444444444444
2582794321	GH59.hmm	1.3e-06	432	629	29	237		0.312202852614897
2582794325	GH75.hmm	8.4e-13	102	194	327	422		0.418181818181818
2582794332	CE9.hmm	1e-101	2	373	7	393		0.994638069705094
2582794364	GH5.hmm	5.1e-13	35	239	36	248		0.741818181818182
2582794364	GT2.hmm	3.9e-24	1	167	286	442		0.988095238095238
2582794365	CBM9.hmm	4.5e-13	5	182	8	195		0.972527472527473
2582794372	GH109.hmm	1.1e-09	2	122	5	123		0.952380952380952
2582794384	CE4.hmm	2.7e-30	6	124	143	276		0.907692307692308
2582794389	GH109.hmm	1.1e-19	2	121	36	152		0.944444444444444
2582794410	GT2.hmm	9.7e-30	3	167	71	241		0.976190476190476
2582794426	CBM32.hmm	1.3e-09	10	100	428	537		0.725806451612903
2582794428	CBM51.hmm	1.7e-09	25	134	477	598		0.813432835820896
2582794442	CE10.hmm	2.3e-27	70	316	41	266		0.721407624633431
2582794443	GH109.hmm	9.9e-20	1	125	34	149		0.984126984126984
2582794446	GT2.hmm	8.7e-09	2	166	110	291		0.976190476190476
2582794448	CE3.hmm	7e-13	49	189	93	237		0.721649484536082
2582794452	GT28.hmm	1.7e-52	1	155	17	176		0.980891719745223
2582794488	CBM50.hmm	2e-14	1	40	133	175		0.975
2582794488	CBM50.hmm	8.4e-10	1	40	193	237		0.975
2582794488	CBM50.hmm	8.5e-12	1	40	258	301		0.975
2582794488	CBM50.hmm	3.4e-07	1	40	413	456		0.975
2582794498	GT9.hmm	4.9e-29	14	204	93	277		0.844444444444444
2582794510	GH109.hmm	4.3e-12	1	118	7	115		0.928571428571429
2582794556	CE1.hmm	2.5e-25	8	215	319	547		0.911894273127753
2582794560	CBM32.hmm	2.5e-11	5	85	496	589		0.645161290322581
2582794567	GT83.hmm	1.6e-49	7	372	13	373		0.675925925925926
2582794593	GT35.hmm	8e-103	209	613	196	573		0.599406528189911
2582794613	CE10.hmm	4.7e-22	80	325	59	276		0.718475073313783
2582794627	CBM44.hmm	1.3e-08	7	63	403	459		0.875
2582794627	CBM6.hmm	2.6e-10	12	137	668	799		0.905797101449275
2582794629	CE7.hmm	4.2e-11	7	193	459	647		0.594249201277955
2582794642	CBM35.hmm	1.9e-07	20	122	664	768		0.829268292682927
2582794680	CBM51.hmm	4.2e-12	30	134	179	285		0.776119402985075
2582794703	PL6_1.hmm	1.6e-114	2	334	23	360		0.948571428571429
2582794710	GT28.hmm	0.00084	98	150	410	462		0.331210191082803
2582794711	GH77.hmm	2.2e-127	2	491	34	563		0.989878542510121
2582794712	AA7.hmm	2.1e-19	10	199	38	236		0.412663755458515
2582794715	CE6.hmm	0.00093	3	51	170	216		0.484848484848485
2582794734	GT2.hmm	4.4e-13	3	120	9	117		0.696428571428571
2582794735	GT4.hmm	4.1e-33	8	153	208	354		0.90625
2582794737	GT4.hmm	2.9e-35	5	151	126	275		0.9125
2582794737	GT4.hmm	2.8e-33	8	153	516	660		0.90625
2582794752	CBM40.hmm	8.5e-05	91	173	406	481		0.458100558659218
2582794774	PL9.hmm	9.3e-07	30	217	24	253		0.5
2582794809	CBM57.hmm	4.9e-11	30	147	892	1006		0.795918367346939
2582794811	CE3.hmm	3.1e-12	52	188	81	234		0.701030927835051
2582794834	CE7.hmm	1.6e-17	35	213	103	287		0.568690095846645
2582794834	CE15.hmm	3.7e-17	97	265	229	383		0.62453531598513
2582794850	CE1.hmm	1.1e-09	11	200	500	701		0.832599118942731
2582794858	CE10.hmm	1.6e-38	64	309	17	251		0.718475073313783
2582794861	CE1.hmm	5.7e-06	12	139	53	194		0.559471365638767
2582794869	CE10.hmm	3.1e-25	42	269	25	256		0.665689149560117
