2582766842	GT4.hmm	3.9e-27	7	158	204	349		0.94375
2582766904	AA3_2.hmm	1.4e-101	4	568	3	525		0.989473684210526
2582766950	GT28.hmm	5.7e-44	2	157	189	351		0.987261146496815
2582767033	CBM37.hmm	0.00053	8	48	369	411		0.645161290322581
2582767127	CE4.hmm	1.1e-12	24	126	69	171		0.784615384615385
2582767144	AA4.hmm	5.9e-17	24	247	18	231		0.4272030651341
2582767166	GH23.hmm	2.3e-22	15	123	411	541		0.8
2582767170	GH3.hmm	6e-40	13	215	60	278		0.935185185185185
2582767424	GH23.hmm	8.5e-06	16	80	29	131		0.474074074074074
2582767445	GH31.hmm	1.3e-87	4	423	216	653		0.981264637002342
2582767608	GT51.hmm	1.6e-59	2	176	85	259		0.983050847457627
2582767622	GT51.hmm	2.4e-47	10	156	51	199		0.824858757062147
2582767676	PL6_1.hmm	7.9e-06	8	115	28	132		0.305714285714286
2582767697	GH42.hmm	4.9e-106	1	279	5	303		0.749326145552561
2582767826	GH23.hmm	1.8e-31	12	123	512	648		0.822222222222222
2582767864	CE10.hmm	1.2e-11	174	322	1	127		0.434017595307918
2582767901	AA12.hmm	1.8e-12	13	216	69	286		0.506234413965087
2582768000	CE10.hmm	1.9e-55	64	335	52	310		0.794721407624633
2582768091	CE3.hmm	2.7e-11	51	184	81	210		0.685567010309278
2582768101	CE1.hmm	1.6e-09	23	208	110	318		0.814977973568282
2582768118	CBM50.hmm	2.9e-05	5	39	11	52		0.85
2582768257	GT51.hmm	3.7e-63	3	177	101	275		0.983050847457627
2582768267	GH68.hmm	3.5e-41	47	232	32	216		0.443645083932854
2582768267	GH68.hmm	3.7e-43	254	406	215	371		0.364508393285372
2582768302	GH103.hmm	7.8e-98	1	294	13	323		0.993220338983051
2582768321	PL22.hmm	2.9e-06	108	220	121	293		0.422641509433962
2582768323	PL22.hmm	3.6e-06	96	178	192	263		0.309433962264151
2582768323	PL22.hmm	7e-08	143	242	317	415		0.373584905660377
2582768376	CE1.hmm	1.7e-07	9	123	16	115		0.502202643171806
2582768394	GH25.hmm	5.2e-27	6	177	49	217		0.966101694915254
2582768444	CE4.hmm	2.3e-10	25	125	75	179		0.769230769230769
2582768445	CE4.hmm	1.9e-10	22	125	92	198		0.792307692307692
2582768478	GH74.hmm	6e-08	29	115	48	137		0.369098712446352
2582768478	GH74.hmm	2.4e-07	43	117	271	339		0.317596566523605
2582768515	CE1.hmm	4.5e-08	29	194	66	285		0.726872246696035
2582768603	CE10.hmm	3.6e-07	117	301	11	184		0.539589442815249
2582768644	CE10.hmm	7.3e-26	81	331	61	288		0.733137829912023
2582768647	CE10.hmm	5e-24	99	331	1	212		0.680351906158358
