2582811417	GT2.hmm	3.7e-18	1	168	11	196		0.994047619047619
2582811443	GH92.hmm	2.8e-163	5	490	228	721		0.987780040733198
2582811444	GH13_36.hmm	9.3e-59	1	313	49	358		0.993630573248408
2582811461	CBM50.hmm	1.4e-08	1	39	279	321		0.95
2582811476	CBM56.hmm	5.3e-08	1	51	186	236		0.314465408805031
2582811491	CE10.hmm	1.1e-16	75	220	459	607		0.425219941348974
2582811558	GT4.hmm	9.1e-06	29	117	247	328		0.55
2582811559	GT2.hmm	1.4e-20	2	166	49	215		0.976190476190476
2582811605	CE1.hmm	1.2e-23	6	194	27	189		0.828193832599119
2582811610	GT9.hmm	5.8e-22	122	220	9	123		0.435555555555556
2582811665	GT4.hmm	1.5e-13	5	154	161	314		0.93125
2582811679	CBM44.hmm	4.5e-08	19	62	383	425		0.671875
2582811717	GT2.hmm	3.5e-21	1	165	8	175		0.976190476190476
2582811784	CE1.hmm	9.1e-34	6	218	51	307		0.933920704845815
2582811799	GT28.hmm	4.2e-48	1	157	193	353		0.993630573248408
2582811826	CBM44.hmm	0.00014	23	61	279	315		0.59375
2582811851	GH74.hmm	2e-06	26	117	225	307		0.390557939914163
2582811854	GT2.hmm	2.3e-14	2	168	9	171		0.988095238095238
2582811864	GT4.hmm	4.4e-28	6	150	204	347		0.9
2582811875	GT19.hmm	6.7e-123	1	351	6	352		0.988700564971751
2582811880	GH65.hmm	1.6e-134	23	371	1	349		0.935483870967742
2582811919	GH13.hmm	1.1e-52	8	289	39	319		0.939799331103679
2582811941	CE10.hmm	2.5e-20	81	310	397	623		0.671554252199413
2582811944	GT12.hmm	7e-05	74	130	16	75		0.417910447761194
2582812116	GH109.hmm	4.8e-10	1	122	4	115		0.96031746031746
2582812122	CE10.hmm	6.8e-14	121	321	709	894		0.586510263929619
2582812134	CBM44.hmm	7.6e-09	21	61	765	803		0.625
2582812136	GT4.hmm	2.7e-32	8	157	195	340		0.93125
2582812139	CE2.hmm	6.9e-45	2	208	157	355		0.985645933014354
2582812141	CE6.hmm	7.1e-10	3	92	179	279		0.898989898989899
2582812144	GH31.hmm	3.3e-123	3	426	224	671		0.990632318501171
2582812150	CBM44.hmm	1e-05	19	59	350	389		0.625
2582812150	CBM44.hmm	3.2e-06	23	59	516	551		0.5625
2582812155	GT4.hmm	1.1e-17	5	96	194	282		0.56875
2582812186	CBM44.hmm	5.5e-06	6	62	38	92		0.875
2582812186	CBM44.hmm	4.3e-05	23	57	218	252		0.53125
2582812186	CBM44.hmm	8.3e-05	22	63	300	340		0.640625
2582812186	CBM44.hmm	0.00061	25	64	667	705		0.609375
2582812209	GT4.hmm	9.9e-39	5	153	194	339		0.925
2582812224	GH109.hmm	3.3e-14	1	120	2	110		0.944444444444444
2582812235	GH23.hmm	2.8e-28	2	125	124	263		0.911111111111111
2582812235	CBM50.hmm	3.5e-11	1	39	399	440		0.95
2582812235	CBM50.hmm	4.9e-13	1	39	461	503		0.95
2582812262	CE14.hmm	7.1e-20	1	124	23	128		0.991935483870968
2582812280	GH23.hmm	1.2e-19	8	123	288	444		0.851851851851852
2582812290	GT2.hmm	1.9e-25	2	167	203	374		0.982142857142857
2582812294	CBM44.hmm	3.6e-06	21	58	456	495		0.578125
2582812331	GH33.hmm	2.9e-12	52	314	57	333		0.766081871345029
2582812408	GT4.hmm	6.7e-14	17	153	202	340		0.85
2582812409	GT2.hmm	2e-12	1	164	4	170		0.970238095238095
2582812454	CBM44.hmm	4.2e-07	22	56	661	693		0.53125
2582812512	GH92.hmm	3.2e-180	3	491	263	756		0.993890020366599
2582812590	GT9.hmm	7.6e-33	4	213	66	304		0.928888888888889
2582812617	CBM44.hmm	4.7e-06	21	58	711	746		0.578125
2582812631	GT2.hmm	1.1e-28	2	168	7	173		0.988095238095238
2582812635	GH3.hmm	8.3e-72	7	216	121	345		0.967592592592593
2582812636	GH16.hmm	1.4e-50	2	188	134	361		0.984126984126984
2582812637	CBM44.hmm	1.1e-07	24	62	60	96		0.59375
2582812642	GT2.hmm	4.5e-27	1	166	11	173		0.982142857142857
2582812660	CBM44.hmm	0.00011	16	62	586	633		0.71875
2582812676	GH3.hmm	3.1e-64	3	214	108	327		0.976851851851852
2582812677	GH25.hmm	7.8e-44	2	177	93	264		0.988700564971751
