2582765672	GT51.hmm	1.2e-46	2	160	492	654		0.892655367231638
2582765720	CE3.hmm	1.2e-11	51	190	197	351		0.716494845360825
2582765720	CBM50.hmm	1.2e-11	1	40	453	496		0.975
2582765736	CBM20.hmm	4.1e-05	3	69	25	90		0.733333333333333
2582765736	CBM20.hmm	9.6e-06	3	69	139	203		0.733333333333333
2582765736	CBM20.hmm	3.7e-05	3	69	247	313		0.733333333333333
2582765737	GH16.hmm	1.8e-09	21	149	67	215		0.677248677248677
2582765738	GH3.hmm	2.5e-67	8	215	124	375		0.958333333333333
2582765743	GH5.hmm	1.7e-15	35	241	33	263		0.749090909090909
2582765771	GH16.hmm	2.4e-34	50	189	15	188		0.735449735449735
2582765807	CE14.hmm	1.3e-11	1	124	7	117		0.991935483870968
2582765808	GT83.hmm	1.6e-08	63	360	70	394		0.55
2582765831	GH109.hmm	4.1e-18	1	124	24	137		0.976190476190476
2582765834	CBM44.hmm	6.8e-08	22	60	790	826		0.59375
2582765860	CE11.hmm	2.6e-77	1	218	8	226		0.800738007380074
2582765869	CE1.hmm	1.3e-10	5	210	3	240		0.903083700440529
2582765901	CBM50.hmm	9.3e-11	1	39	40	80		0.95
2582765901	CBM50.hmm	3.5e-11	1	40	164	206		0.975
2582765924	CBM44.hmm	0.0009	12	61	1241	1289		0.765625
2582765956	GT4.hmm	6.2e-18	20	156	296	431		0.85
2582765961	GH74.hmm	1.5e-07	43	114	48	144		0.304721030042918
2582765968	GH74.hmm	7.8e-08	26	116	309	399		0.386266094420601
2582765971	GT2.hmm	3.5e-14	1	121	57	182		0.714285714285714
2582765997	GT51.hmm	3e-52	1	177	61	239		0.994350282485876
2582766015	GH74.hmm	4.2e-08	12	119	289	445		0.459227467811159
2582766042	GT2.hmm	4.9e-23	1	168	6	191		0.994047619047619
2582766059	GH13.hmm	1.4e-51	5	296	378	725		0.973244147157191
2582766076	GT2.hmm	1.3e-14	3	138	7	171		0.803571428571429
2582766136	CBM44.hmm	0.00059	20	56	173	207		0.5625
2582766142	CBM44.hmm	7e-07	20	61	25	68		0.640625
2582766142	CBM44.hmm	1.2e-05	13	57	104	149		0.6875
2582766142	CBM44.hmm	2e-10	3	59	180	235		0.875
2582766142	CBM44.hmm	1e-05	7	62	274	327		0.859375
2582766142	CBM44.hmm	2.9e-05	4	55	447	497		0.796875
2582766147	AA4.hmm	1.2e-27	43	260	31	241		0.415708812260536
2582766155	GH23.hmm	1.4e-21	2	122	97	233		0.888888888888889
2582766155	CBM50.hmm	4.2e-13	1	39	367	408		0.95
2582766167	GH2.hmm	2.7e-41	71	369	126	586		0.396276595744681
2582766169	GH92.hmm	1.4e-154	16	455	285	764		0.894093686354379
2582766169	CBM32.hmm	4.1e-10	17	109	1058	1178		0.741935483870968
2582766177	GH74.hmm	1.4e-11	35	125	328	414		0.386266094420601
2582766177	GH74.hmm	3.2e-09	37	119	374	458		0.351931330472103
2582766177	GH74.hmm	2.1e-08	48	126	492	571		0.334763948497854
2582766177	CBM44.hmm	0.00076	16	55	1143	1184		0.609375
2582766198	GT2.hmm	5e-22	1	159	9	163		0.94047619047619
2582766228	GT9.hmm	1.6e-26	10	216	54	285		0.915555555555556
2582766252	CBM48.hmm	3.1e-08	2	69	248	328		0.881578947368421
2582766252	GH13.hmm	8.3e-37	11	288	396	706		0.926421404682274
2582766268	CE10.hmm	4.2e-11	61	193	23	158		0.387096774193548
2582766300	CE1.hmm	7.4e-16	3	207	557	776		0.898678414096916
2582766324	GT83.hmm	1.1e-09	69	364	67	365		0.546296296296296
2582766342	CBM44.hmm	8.1e-05	11	56	25	70		0.703125
2582766342	CBM44.hmm	0.0002	23	63	380	419		0.625
2582766342	CBM44.hmm	3.1e-07	6	62	533	586		0.875
2582766352	GT2.hmm	4.1e-27	1	166	7	175		0.982142857142857
2582766373	GH13.hmm	4.6e-49	7	290	58	349		0.946488294314381
2582766375	GH37.hmm	6.6e-80	98	459	32	458		0.735234215885947
2582766424	CE14.hmm	1.8e-21	1	124	10	115		0.991935483870968
2582766438	GH73.hmm	1.1e-31	5	128	72	198		0.9609375
2582766438	CBM50.hmm	1.6e-06	4	37	245	276		0.825
2582766438	CBM50.hmm	4.4e-09	1	37	296	330		0.9
2582766438	CBM50.hmm	1.2e-12	1	39	386	427		0.95
2582766469	CBM44.hmm	5.3e-05	23	61	320	359		0.59375
2582766501	GT4.hmm	3.5e-26	11	149	231	376		0.8625
2582766505	GT2.hmm	2e-11	1	94	8	92		0.553571428571429
2582766515	CBM44.hmm	0.00054	21	61	531	570		0.625
2582766515	CBM44.hmm	1.4e-06	20	62	620	665		0.65625
2582766532	CBM44.hmm	0.00018	23	63	368	408		0.625
2582766557	GH93.hmm	5e-06	31	197	84	255		0.54071661237785
2582766561	CE4.hmm	9.3e-31	5	125	34	162		0.923076923076923
2582766562	GT21.hmm	6.2e-24	3	230	50	283		0.974248927038627
2582766564	CBM32.hmm	8.5e-05	63	110	105	153		0.379032258064516
2582766566	CE10.hmm	4.9e-18	80	309	469	686		0.671554252199413
2582766576	GH13.hmm	3.2e-56	13	296	181	499		0.946488294314381
2582766577	CBM20.hmm	3.1e-07	1	87	22	113		0.955555555555556
2582766577	CBM20.hmm	0.00041	2	70	353	426		0.755555555555556
2582766585	CBM50.hmm	1e-11	1	39	491	532		0.95
2582766585	CBM50.hmm	4.7e-10	1	39	623	664		0.95
2582766596	GH23.hmm	4.3e-11	23	124	159	301		0.748148148148148
2582766613	CBM44.hmm	0.00058	22	62	1419	1462		0.625
2582766665	GH29.hmm	3.2e-30	38	149	37	140		0.320809248554913
2582766665	GH29.hmm	2.1e-30	128	248	146	274		0.346820809248555
2582766749	GT4.hmm	4.1e-39	6	156	195	342		0.9375
