2583028026	GH74.hmm	8.6e-10	44	116	117	195		0.309012875536481
2583028026	GH74.hmm	1.5e-11	43	122	229	304		0.339055793991416
2583028026	GH74.hmm	2.7e-11	16	111	302	403		0.407725321888412
2583028026	GH74.hmm	2.5e-13	18	128	644	746		0.472103004291845
2583028029	GH74.hmm	2.8e-08	31	126	34	131		0.407725321888412
2583028029	GH74.hmm	4.1e-05	42	113	228	290		0.304721030042918
2583028037	CBM37.hmm	1.9e-05	10	34	292	316		0.387096774193548
2583028072	GH74.hmm	3e-11	16	115	21	113		0.424892703862661
2583028072	GH74.hmm	2.6e-13	37	134	166	256		0.416309012875536
2583028073	GH79.hmm	2.2e-65	2	389	39	395		0.850549450549451
2583028074	PL7.hmm	4.5e-52	1	230	29	248		0.991341991341991
2583028091	GH74.hmm	3.8e-05	40	123	131	207		0.356223175965665
2583028091	GH74.hmm	3.7e-10	34	109	207	275		0.321888412017167
2583028091	GH74.hmm	2e-06	37	126	494	575		0.381974248927039
2583028106	GT4.hmm	1.3e-30	8	150	200	332		0.8875
2583028107	GT2.hmm	1.3e-12	1	168	30	178		0.994047619047619
2583028108	GT27.hmm	3.2e-06	156	250	139	237		0.31864406779661
2583028109	GT9.hmm	5.1e-32	10	196	115	331		0.826666666666667
2583028110	GT13.hmm	3.6e-10	59	248	5	190		0.478481012658228
2583028112	GT2.hmm	3.8e-07	2	107	6	104		0.625
2583028121	GH13_20.hmm	2.5e-98	1	285	108	478		0.996491228070175
2583028124	GT2.hmm	6.6e-06	2	125	34	201		0.732142857142857
2583028125	AA4.hmm	3.3e-20	49	257	19	253		0.398467432950192
2583028154	CBM40.hmm	1.3e-05	86	174	582	662		0.491620111731844
2583028211	GH74.hmm	0.0001	39	113	108	182		0.317596566523605
2583028239	AA2.hmm	6.6e-15	6	111	84	191		0.411764705882353
2583028239	AA2.hmm	3.2e-11	22	253	474	742		0.905882352941176
2583028240	GH74.hmm	1.8e-07	38	113	47	114		0.321888412017167
2583028240	GH74.hmm	1.1e-09	46	120	95	161		0.317596566523605
2583028240	GH74.hmm	1.3e-10	38	112	211	283		0.317596566523605
2583028284	AA12.hmm	4.8e-11	187	351	188	323		0.408977556109726
2583028291	GT2.hmm	2.9e-16	1	166	8	161		0.982142857142857
2583028323	GT2.hmm	1.4e-17	1	165	4	165		0.976190476190476
2583028335	GT26.hmm	1.3e-51	2	171	57	230		0.988304093567251
2583028336	GT4.hmm	5.6e-29	11	157	176	320		0.9125
2583028338	GT9.hmm	7.3e-27	2	213	101	340		0.937777777777778
2583028339	GT2.hmm	5.1e-27	1	163	12	167		0.964285714285714
2583028340	GT4.hmm	3e-11	11	153	195	330		0.8875
2583028355	CE1.hmm	2.4e-08	26	132	22	119		0.466960352422908
2583028400	GT28.hmm	1.7e-46	1	157	196	352		0.993630573248408
2583028413	GH74.hmm	2.2e-11	38	135	294	385		0.416309012875536
2583028413	GH74.hmm	2.8e-09	44	119	383	448		0.321888412017167
2583028423	CE4.hmm	6.6e-24	6	114	38	163		0.830769230769231
2583028426	GH103.hmm	7.7e-37	28	201	89	297		0.586440677966102
2583028429	GT4.hmm	1.4e-26	19	151	196	325		0.825
2583028430	GT9.hmm	5.9e-56	7	222	77	317		0.955555555555556
2583028458	PL7.hmm	1.8e-44	1	229	36	254		0.987012987012987
2583028459	GH74.hmm	4.4e-06	39	125	123	243		0.369098712446352
2583028459	GH74.hmm	1.1e-07	24	116	188	322		0.394849785407725
2583028459	GH74.hmm	5.2e-11	37	132	291	380		0.407725321888412
2583028459	GH74.hmm	2.8e-06	46	116	421	486		0.300429184549356
2583028459	GH74.hmm	7.7e-12	41	150	502	605		0.467811158798283
2583028460	PL9_1.hmm	1.2e-10	3	246	22	370		0.906716417910448
2583028461	GH74.hmm	9.4e-07	48	123	264	333		0.321888412017167
2583028467	GT2.hmm	3.8e-22	1	128	47	168		0.755952380952381
2583028470	GT2.hmm	2.4e-09	34	166	159	299		0.785714285714286
2583028475	GT2.hmm	6.1e-13	3	160	53	205		0.93452380952381
2583028476	GT4.hmm	6.6e-37	3	153	188	336		0.9375
2583028478	GT4.hmm	4.5e-08	7	120	229	340		0.70625
2583028481	GT2.hmm	1.2e-19	2	167	6	188		0.982142857142857
2583028487	GT39.hmm	1.3e-06	55	186	91	219		0.587443946188341
2583028488	GT83.hmm	1.8e-20	9	355	23	376		0.640740740740741
2583028490	GT83.hmm	6.9e-21	9	355	24	376		0.640740740740741
2583028493	PL6.hmm	3.3e-124	2	370	25	391		0.989247311827957
2583028499	PL6.hmm	6.8e-53	4	370	1	339		0.983870967741935
2583028500	GH88.hmm	5.7e-129	2	329	75	397		0.993920972644377
2583028501	PL6.hmm	1e-98	2	368	56	438		0.983870967741935
2583028511	PL5.hmm	7.7e-12	139	276	207	349		0.43217665615142
2583028512	GH88.hmm	2.2e-105	5	328	55	377		0.981762917933131
2583028512	GH2.hmm	1.1e-106	16	429	383	868		0.549202127659574
2583028513	PL5.hmm	4.9e-07	126	246	170	291		0.378548895899054
2583028519	CE10.hmm	3.4e-24	74	269	417	620		0.571847507331378
2583028521	PL6_1.hmm	3e-127	2	343	25	369		0.974285714285714
2583028523	CE6.hmm	3.7e-05	3	53	171	219		0.505050505050505
2583028523	CE6.hmm	0.00028	62	96	290	322		0.343434343434343
2583028524	PL12.hmm	4.9e-13	2	137	383	515		0.978260869565217
2583028527	PL17_2.hmm	2.9e-18	43	137	172	263		0.681159420289855
2583028527	PL17.hmm	4.8e-53	1	137	382	520		0.97841726618705
2583028551	GH13_36.hmm	5.4e-115	1	312	48	368		0.990445859872611
2583028555	GT2.hmm	1.6e-15	1	135	46	181		0.797619047619048
2583028557	GT2.hmm	2.4e-27	2	167	7	170		0.982142857142857
2583028558	GT2.hmm	6.6e-25	1	168	4	189		0.994047619047619
2583028573	GT9.hmm	4.1e-46	4	221	80	325		0.964444444444444
2583028610	GT9.hmm	2.2e-39	4	216	111	361		0.942222222222222
2583028611	GT87.hmm	5.8e-14	4	186	78	276		0.787878787878788
2583028613	GT4.hmm	6.5e-26	4	155	174	325		0.94375
2583028635	dockerin.hmm	0.00036	1	18	838	855		0.80952380952381
2583028669	CBM50.hmm	2e-12	1	40	152	202		0.975
2583028686	GH136.hmm	1e-106	5	491	20	493		0.989816700610998
2583028687	CE10.hmm	1.3e-23	83	203	58	184		0.351906158357771
2583028689	GH3.hmm	3e-62	3	213	139	361		0.972222222222222
2583028690	GH50.hmm	8e-78	294	652	120	454		0.548238897396631
2583028691	GH39.hmm	2.1e-35	60	226	104	271		0.385150812064965
2583028692	CE10.hmm	5.3e-26	69	323	37	294		0.744868035190616
2583028693	GH136.hmm	2.5e-109	4	490	33	503		0.989816700610998
2583028701	GH18.hmm	1.7e-36	6	280	109	397		0.925675675675676
2583028701	CE4.hmm	1.2e-29	6	112	484	590		0.815384615384615
2583028701	GT2.hmm	5.5e-32	1	165	761	923		0.976190476190476
2583028704	CE10.hmm	9e-16	81	311	484	701		0.674486803519062
2583028747	CE1.hmm	1.9e-32	8	220	174	374		0.933920704845815
2583028806	GH109.hmm	7.4e-10	2	120	7	117		0.936507936507937
2583028813	AA7.hmm	9.4e-103	4	458	30	455		0.991266375545852
2583028837	GT5.hmm	7.8e-178	1	471	7	491		0.995762711864407
2583028851	CBM50.hmm	5.7e-08	1	40	7	54		0.975
2583028851	CBM50.hmm	1.1e-10	1	40	65	112		0.975
2583028852	GH74.hmm	1e-05	40	110	485	547		0.300429184549356
2583028853	GH74.hmm	9.4e-10	31	127	154	249		0.412017167381974
2583028853	GH74.hmm	0.00013	41	111	251	315		0.300429184549356
2583028853	GH74.hmm	2e-05	28	113	442	518		0.36480686695279
2583028853	GH74.hmm	1.5e-07	39	125	492	571		0.369098712446352
2583028860	GH74.hmm	4.7e-08	32	112	36	148		0.343347639484979
2583028860	GH74.hmm	5.8e-07	44	130	128	206		0.369098712446352
2583028860	GH74.hmm	4.8e-06	34	119	357	436		0.36480686695279
2583028860	GH74.hmm	4.3e-06	31	118	476	556		0.373390557939914
2583028885	GH74.hmm	1.2e-06	39	113	414	481		0.317596566523605
2583028885	GH74.hmm	1.3e-05	41	113	498	563		0.309012875536481
2583028954	CE1.hmm	8.3e-16	62	221	72	244		0.700440528634361
2583028974	CE7.hmm	9.5e-10	56	216	25	169		0.511182108626198
2583028976	CBM46.hmm	0.00054	15	59	70	119		0.505747126436782
2583028977	GT9.hmm	1.1e-24	3	214	56	300		0.937777777777778
2583028978	GT9.hmm	3.9e-27	7	223	105	364		0.96
2583028980	CE10.hmm	2.4e-35	38	310	27	289		0.797653958944281
2583028986	CE10.hmm	3.4e-35	80	333	62	304		0.741935483870968
2583028989	CE3.hmm	2.2e-11	18	183	30	204		0.850515463917526
2583029010	GH94.hmm	4.2e-25	356	1026	106	753		0.646718146718147
2583029011	GH2.hmm	3.3e-106	28	502	3	650		0.63031914893617
2583029014	GH130.hmm	5.4e-96	2	295	4	299		0.989864864864865
2583029015	GH130.hmm	9.7e-56	64	295	198	424		0.780405405405405
2583029053	CE8.hmm	1.3e-06	10	99	26	114		0.309027777777778
2583029080	GT4.hmm	8.3e-38	6	157	169	322		0.94375
2583029081	GT2.hmm	2.7e-17	1	123	216	341		0.726190476190476
2583029085	CBM34.hmm	0.00023	13	82	97	163		0.575
2583029085	GH13.hmm	1.6e-47	13	297	333	672		0.949832775919732
2583029090	GT51.hmm	1.3e-63	1	176	76	256		0.988700564971751
2583029113	GH74.hmm	2.9e-12	43	114	117	194		0.304721030042918
2583029113	GH74.hmm	1.3e-11	30	133	218	323		0.44206008583691
2583029113	GH74.hmm	3e-08	24	111	318	412		0.373390557939914
2583029113	GH74.hmm	3.2e-06	49	186	530	668		0.587982832618026
2583029113	GH74.hmm	3.9e-10	20	129	654	758		0.467811158798283
2583029131	cohesin.hmm	3.7e-06	2	70	22	82		0.507462686567164
2583029153	GH5_21.hmm	0.00024	105	180	20	91		0.373134328358209
2583029153	GH74.hmm	4.3e-08	29	136	140	236		0.459227467811159
2583029167	GH2.hmm	5.7e-69	30	541	20	697		0.679521276595745
2583029176	GH13.hmm	9.5e-50	7	287	41	321		0.936454849498328
2583029185	GH25.hmm	6.5e-34	1	176	174	379		0.988700564971751
2583029223	CE14.hmm	2.3e-17	1	120	51	172		0.959677419354839
2583029276	GT4.hmm	2.8e-23	3	153	200	352		0.9375
2583029277	GT9.hmm	1.5e-31	3	217	97	347		0.951111111111111
2583029279	GT35.hmm	6.9e-125	209	651	270	742		0.655786350148368
2583029296	GT83.hmm	3.3e-20	5	358	26	390		0.653703703703704
2583029300	GT83.hmm	3.2e-21	9	356	20	376		0.642592592592593
2583029305	GT2.hmm	3.8e-19	2	168	9	170		0.988095238095238
2583029334	GT9.hmm	2.8e-31	5	216	113	328		0.937777777777778
2583029335	GT4.hmm	3.2e-37	4	159	180	337		0.96875
2583029337	GT2.hmm	8.3e-15	8	119	2	111		0.660714285714286
2583029360	GT89.hmm	1.5e-22	21	327	59	364		0.550359712230216
2583029361	PL15.hmm	2.4e-07	16	129	432	539		0.843283582089552
2583029385	GH18.hmm	3.1e-69	3	282	32	342		0.942567567567568
2583029388	GH94.hmm	1.9e-273	263	1036	2	796		0.746138996138996
2583029389	GH18.hmm	3.5e-69	3	283	20	409		0.945945945945946
2583029425	PL6_1.hmm	9.4e-09	6	118	129	239		0.32
2583029435	GH9.hmm	3.9e-88	2	416	121	543		0.990430622009569
2583029441	GT2.hmm	6.5e-33	1	167	109	279		0.988095238095238
2583029443	CE4.hmm	6.9e-09	11	125	313	433		0.876923076923077
2583029450	GH13.hmm	5.7e-20	22	288	346	703		0.889632107023411
2583029497	GT28.hmm	2.5e-19	1	142	214	353		0.898089171974522
2583029521	GT4.hmm	1.1e-07	28	136	267	379		0.675
2583029526	GH13.hmm	1.1e-22	13	285	21	349		0.909698996655518
2583029537	GT51.hmm	6.4e-59	1	176	38	212		0.988700564971751
2583029554	CE4.hmm	1.4e-21	6	117	46	174		0.853846153846154
2583029554	dockerin.hmm	1.2e-06	1	19	480	498		0.857142857142857
2583029582	GH109.hmm	1.6e-12	2	119	2	109		0.928571428571429
2583029586	GT33.hmm	2.1e-09	16	200	4	184		0.432941176470588
2583029586	GT4.hmm	3.2e-16	12	157	197	348		0.90625
2583029603	CE11.hmm	4.7e-73	1	223	5	228		0.819188191881919
2583029642	GT83.hmm	2.8e-22	9	358	26	385		0.646296296296296
2583029645	GT83.hmm	6.4e-27	6	360	22	385		0.655555555555556
2583029650	GH119.hmm	7.1e-36	104	447	68	401		0.320560747663551
2583029650	CBM45.hmm	9.3e-13	1	81	655	735		0.987654320987654
2583029716	GH108.hmm	6.5e-18	6	86	12	108		0.930232558139535
2583029742	GH105.hmm	5.7e-09	17	143	425	575		0.379518072289157
2583029748	CE10.hmm	6e-16	81	323	47	270		0.709677419354839
2583029753	PL22.hmm	2.6e-06	134	244	268	384		0.415094339622642
2583029753	CE10.hmm	6.8e-20	87	314	441	657		0.665689149560117
2583029769	GT4.hmm	1.7e-21	9	153	192	331		0.9
2583029771	GT4.hmm	2.6e-27	12	157	236	377		0.90625
2583029772	GT2.hmm	6.3e-25	1	167	4	160		0.988095238095238
2583029797	GT9.hmm	4.7e-48	6	213	73	327		0.92
2583029823	GH74.hmm	1.4e-06	14	137	208	323		0.527896995708155
2583029824	GH74.hmm	3.6e-09	34	118	55	169		0.360515021459227
2583029824	GH74.hmm	9.1e-07	42	124	188	264		0.351931330472103
2583029864	GH31.hmm	3.1e-93	1	427	209	651		0.997658079625293
2583029906	GH136.hmm	3.5e-25	3	249	23	257		0.5010183299389
2583029907	GH136.hmm	1.4e-10	209	491	132	417		0.574338085539715
2583029912	GT4.hmm	1.9e-24	19	157	231	366		0.8625
2583029914	GT94.hmm	2e-27	30	219	97	306		0.667844522968198
2583029923	GT9.hmm	2.6e-41	4	204	103	339		0.888888888888889
2583029940	GT30.hmm	2.8e-48	9	176	47	217		0.943502824858757
2583029941	GT9.hmm	6.1e-46	2	221	71	315		0.973333333333333
2583029959	GH13_7.hmm	2.6e-76	5	287	59	378		0.982578397212544
2583029968	GT2.hmm	3.3e-28	3	165	53	221		0.964285714285714
2583029971	GT9.hmm	5.2e-45	5	218	74	320		0.946666666666667
2583029989	GH74.hmm	1.6e-09	34	112	157	228		0.334763948497854
2583029989	GH74.hmm	6.8e-09	38	114	202	272		0.32618025751073
2583030016	GH74.hmm	2.5e-09	39	151	85	190		0.48068669527897
2583030016	GH74.hmm	4.6e-06	41	122	477	551		0.347639484978541
2583030040	CE7.hmm	1.4e-06	156	270	103	237		0.364217252396166
2583030056	GT2.hmm	6.1e-26	1	133	10	140		0.785714285714286
2583030087	CE1.hmm	4.2e-07	7	186	162	353		0.788546255506608
2583030098	GH74.hmm	1.7e-11	19	140	370	540		0.51931330472103
2583030098	GH74.hmm	6.8e-08	55	143	753	836		0.377682403433476
2583030112	GH74.hmm	3.8e-08	45	131	58	134		0.369098712446352
2583030112	GH74.hmm	1.6e-09	35	125	127	210		0.386266094420601
2583030129	GH31.hmm	3.7e-115	1	427	217	631		0.997658079625293
2583030130	GH74.hmm	0.00022	35	109	33	95		0.317596566523605
2583030130	GH74.hmm	3.9e-06	35	113	69	178		0.334763948497854
2583030130	GH74.hmm	1.3e-07	30	114	143	219		0.360515021459227
2583030130	GH74.hmm	4e-08	38	114	191	260		0.32618025751073
2583030130	GH74.hmm	1.1e-08	41	111	235	298		0.300429184549356
2583030130	GH74.hmm	4.4e-07	38	126	273	354		0.377682403433476
2583030192	CBM66.hmm	3e-08	44	154	92	229		0.709677419354839
2583030193	GH57.hmm	1e-56	5	301	10	332		0.772845953002611
2583030200	CBM48.hmm	1.5e-06	3	68	11	92		0.855263157894737
2583030200	GH13_10.hmm	3e-99	1	298	135	449		0.996644295302013
2583030201	GH133.hmm	9.1e-124	9	372	318	670		0.975806451612903
2583030292	GT39.hmm	3e-09	57	187	102	229		0.582959641255605
2583030294	GH74.hmm	3.2e-07	23	109	40	130		0.369098712446352
2583030294	GH33.hmm	9.7e-10	56	302	119	380		0.719298245614035
2583030300	cohesin.hmm	5e-08	3	112	35	130		0.813432835820896
2583030300	cohesin.hmm	2.6e-07	2	123	165	274		0.902985074626866
2583030302	PL5.hmm	1.1e-09	138	260	210	337		0.384858044164038
2583030308	PL6_2.hmm	3.4e-96	1	267	28	309		0.76
2583030331	GH13.hmm	4.9e-14	131	289	17	214		0.528428093645485
2583030377	GH109.hmm	1.1e-07	61	119	63	120		0.46031746031746
2583030388	GH74.hmm	0.00018	46	116	150	218		0.300429184549356
2583030393	GT4.hmm	1.6e-28	6	157	186	347		0.94375
2583030395	GT2.hmm	1.2e-10	3	113	10	115		0.654761904761905
2583030396	GT2.hmm	1.6e-23	1	167	4	196		0.988095238095238
2583030398	GH74.hmm	0.0001	35	107	204	276		0.309012875536481
2583030398	GH74.hmm	5.5e-08	39	116	298	369		0.330472103004292
2583030403	GH74.hmm	2.5e-10	36	111	70	151		0.321888412017167
2583030403	GH74.hmm	5.6e-14	40	140	128	230		0.429184549356223
2583030403	GH74.hmm	1.7e-13	35	124	232	323		0.381974248927039
2583030403	GH74.hmm	5.6e-07	47	124	646	719		0.330472103004292
2583030449	GH74.hmm	3.5e-11	39	139	62	157		0.429184549356223
2583030449	GH74.hmm	5.7e-11	43	125	154	239		0.351931330472103
2583030449	GH74.hmm	3.7e-07	48	118	210	288		0.300429184549356
2583030449	GH74.hmm	1.6e-08	18	113	282	409		0.407725321888412
2583030449	GH74.hmm	3.4e-08	47	117	391	457		0.300429184549356
2583030449	GH74.hmm	6.7e-12	31	129	462	559		0.420600858369099
2583030480	GT4.hmm	2.7e-21	6	158	191	345		0.95
2583030484	GH74.hmm	1.1e-08	26	113	40	135		0.373390557939914
2583030484	GH74.hmm	0.00017	43	124	307	381		0.347639484978541
2583030489	GT2.hmm	5.2e-20	2	164	41	204		0.964285714285714
2583030490	CE4.hmm	1.4e-23	6	123	22	140		0.9
2583030491	CBM20.hmm	4.2e-12	3	71	36	104		0.755555555555556
2583030520	CBM9.hmm	4.1e-19	1	149	41	197		0.813186813186813
2583030525	GH13_20.hmm	2.6e-97	1	284	96	457		0.992982456140351
2583030528	PL12_3.hmm	3.3e-27	1	143	425	568		0.993006993006993
2583030529	GT4.hmm	8.5e-41	3	156	191	341		0.95625
2583030537	GT9.hmm	3.2e-40	3	205	72	315		0.897777777777778
2583030553	CE4.hmm	6.8e-22	8	113	41	163		0.807692307692308
2583030562	GH63.hmm	2e-17	364	565	381	829		0.352631578947368
2583030576	CBM20.hmm	7.4e-16	1	83	48	132		0.911111111111111
2583030576	CE1.hmm	2.6e-38	6	220	175	400		0.94273127753304
2583030612	GH109.hmm	9.1e-18	1	126	4	121		0.992063492063492
2583030619	GT83.hmm	4.7e-11	69	326	64	349		0.475925925925926
2583030633	GT4.hmm	1.4e-22	7	155	243	391		0.925
2583030637	GT4.hmm	1.4e-22	12	153	215	352		0.88125
2583030638	GT2.hmm	8e-22	2	127	7	133		0.744047619047619
2583030639	GT4.hmm	1.6e-27	6	160	175	326		0.9625
2583030640	CE4.hmm	4.8e-07	10	123	60	224		0.869230769230769
2583030644	GT4.hmm	1.2e-29	12	157	203	355		0.90625
2583030645	CE4.hmm	2e-26	6	120	89	284		0.876923076923077
2583030657	GT4.hmm	2.6e-25	7	153	173	318		0.9125
2583030658	GT2.hmm	1.5e-26	2	138	9	142		0.80952380952381
2583030659	GT4.hmm	3.7e-26	5	159	178	329		0.9625
2583030660	GT26.hmm	1.4e-50	3	171	52	220		0.982456140350877
2583030677	GT33.hmm	4.7e-13	16	202	10	194		0.437647058823529
2583030677	GT4.hmm	6.3e-14	12	157	205	356		0.90625
2583030684	GH109.hmm	1.1e-10	1	118	4	109		0.928571428571429
2583030691	GT4.hmm	1.2e-37	4	151	556	720		0.91875
2583030692	GT4.hmm	2.6e-38	8	157	263	429		0.93125
2583030756	GH23.hmm	3.4e-26	5	120	196	326		0.851851851851852
2583030756	CBM50.hmm	3.9e-12	1	40	422	465		0.975
2583030756	CBM50.hmm	1.3e-06	1	39	583	625		0.95
2583030756	CBM50.hmm	3e-08	1	39	663	704		0.95
2583030756	CBM50.hmm	7.8e-13	1	39	729	770		0.95
2583030756	CBM50.hmm	5.1e-10	1	39	793	834		0.95
2583030756	CBM50.hmm	1.4e-14	1	39	868	909		0.95
2583030780	PL22.hmm	1.5e-08	148	228	227	306		0.30188679245283
2583030780	PL22.hmm	3.5e-10	125	264	343	484		0.524528301886792
2583030785	CBM48.hmm	4e-11	2	70	39	123		0.894736842105263
2583030785	GH13_11.hmm	2.3e-55	1	346	180	539		0.997109826589595
2583030808	GT84.hmm	9.6e-104	1	215	1333	1547		0.995348837209302
2583030808	GH94.hmm	0	2	1036	1787	2870		0.998069498069498
2583030822	GT39.hmm	7.8e-09	23	211	56	238		0.84304932735426
2583030843	GH77.hmm	2.7e-163	1	471	11	478		0.951417004048583
2583030850	GT5.hmm	4.7e-173	1	472	2	482		0.997881355932203
2583030881	GH74.hmm	5.5e-06	36	111	328	399		0.321888412017167
2583030912	CE10.hmm	6e-38	71	333	39	285		0.768328445747801
2583030913	PL9_2.hmm	6.4e-144	6	371	21	389		0.978552278820375
2583030918	GH29.hmm	8.1e-107	33	345	22	366		0.901734104046243
2583030929	GH2.hmm	4.4e-48	24	358	47	427		0.444148936170213
2583030934	GT19.hmm	5.1e-122	1	352	8	361		0.991525423728814
2583031099	GH74.hmm	5.8e-13	24	125	99	204		0.433476394849785
2583031099	GH74.hmm	2.8e-13	15	116	196	302		0.433476394849785
2583031099	GH74.hmm	3.1e-06	49	141	329	418		0.394849785407725
2583031216	GT2.hmm	3.7e-33	1	167	66	227		0.988095238095238
2583031219	GT4.hmm	2.9e-26	13	154	220	363		0.88125
2583031223	GT4.hmm	2.2e-16	9	155	214	360		0.9125
2583031225	GH117.hmm	4.1e-14	4	167	197	356		0.772511848341232
2583031225	GH130.hmm	5.4e-08	9	110	356	454		0.341216216216216
2583031229	GH109.hmm	3.7e-16	1	124	5	118		0.976190476190476
2583031251	GH23.hmm	1.2e-20	3	132	106	247		0.955555555555556
2583031264	GT2.hmm	2.5e-11	1	96	5	91		0.56547619047619
2583031315	GH74.hmm	4e-09	36	112	86	155		0.32618025751073
2583031315	GH74.hmm	9.9e-10	35	133	126	224		0.420600858369099
2583031315	GH74.hmm	5.7e-09	38	116	260	330		0.334763948497854
2583031315	GH74.hmm	2.3e-08	33	112	452	524		0.339055793991416
2583031364	GH74.hmm	1.8e-09	35	120	81	200		0.36480686695279
2583031364	GH74.hmm	1.6e-06	31	111	199	271		0.343347639484979
2583031364	GH74.hmm	1.2e-06	6	107	375	505		0.433476394849785
2583031364	GH74.hmm	2.7e-08	31	121	477	558		0.386266094420601
2583031370	GT2.hmm	8.5e-19	1	166	49	216		0.982142857142857
2583031394	GH24.hmm	6.6e-30	6	133	11	142		0.927007299270073
2583031418	GH74.hmm	1.2e-08	36	112	162	240		0.32618025751073
2583031418	GH74.hmm	1.1e-09	47	130	223	307		0.356223175965665
2583031418	GH74.hmm	1.1e-07	38	123	304	382		0.36480686695279
2583031418	GH74.hmm	4.4e-08	27	113	415	497		0.369098712446352
2583031418	GH74.hmm	3.1e-11	25	109	457	538		0.360515021459227
2583031429	CE14.hmm	5.1e-20	2	124	7	111		0.983870967741935
2583031441	GH74.hmm	6e-10	17	120	23	118		0.44206008583691
2583031441	GH74.hmm	1.3e-08	29	115	115	192		0.369098712446352
2583031441	GH74.hmm	6.2e-10	38	121	163	240		0.356223175965665
2583031441	GH74.hmm	3.1e-09	37	123	204	322		0.369098712446352
2583031441	GH74.hmm	1.8e-06	37	115	324	393		0.334763948497854
2583031441	GH74.hmm	8.5e-08	41	119	367	436		0.334763948497854
2583031441	GH74.hmm	6.2e-08	32	112	437	510		0.343347639484979
2583031441	GH74.hmm	2.9e-10	38	112	484	550		0.317596566523605
2583031442	GH74.hmm	7.9e-11	18	124	22	120		0.454935622317597
2583031442	GH74.hmm	3.4e-09	42	152	133	235		0.472103004291845
2583031442	GH74.hmm	5.2e-06	13	110	225	361		0.416309012875536
2583031506	GH74.hmm	2.8e-08	37	112	42	107		0.321888412017167
2583031506	GH74.hmm	7.9e-11	38	115	166	235		0.330472103004292
2583031506	GH74.hmm	6.4e-10	30	120	238	321		0.386266094420601
2583031506	GH74.hmm	7.4e-12	38	126	328	409		0.377682403433476
2583031506	GH74.hmm	3.7e-07	33	122	404	485		0.381974248927039
2583031506	GH74.hmm	2.3e-06	40	113	491	557		0.313304721030043
2583031549	GT4.hmm	4.8e-36	7	158	197	342		0.94375
2583031554	AA10.hmm	7.2e-05	65	129	163	227		0.359550561797753
2583031575	GH19.hmm	1.4e-28	57	219	37	184		0.701298701298701
2583031576	GT87.hmm	0.00025	102	173	26	93		0.307359307359307
2583031597	GH74.hmm	4e-06	43	130	251	331		0.373390557939914
2583031597	GH74.hmm	7.1e-09	46	116	416	480		0.300429184549356
2583031597	GH74.hmm	4e-10	35	143	490	592		0.463519313304721
2583031605	GT2.hmm	4.6e-29	1	160	58	223		0.946428571428571
2583031621	GT2.hmm	4.4e-24	1	123	9	134		0.726190476190476
2583031628	CBM48.hmm	2.5e-11	4	72	260	341		0.894736842105263
2583031651	GH74.hmm	1.7e-05	34	111	197	276		0.330472103004292
2583031651	GH74.hmm	6.9e-11	35	114	291	364		0.339055793991416
2583031651	GH74.hmm	8.7e-12	33	145	495	601		0.48068669527897
2583031714	GH24.hmm	1e-29	6	135	11	144		0.941605839416058
2583031730	GT51.hmm	1.1e-56	12	176	68	232		0.926553672316384
2583031741	GH74.hmm	2.1e-06	54	127	19	84		0.313304721030043
2583031741	GH74.hmm	5.9e-06	38	108	83	144		0.300429184549356
2583031741	GH74.hmm	1.1e-09	38	117	161	233		0.339055793991416
2583031741	GH74.hmm	4.5e-09	39	117	245	320		0.334763948497854
2583031741	GH74.hmm	8.2e-11	29	122	401	487		0.399141630901288
2583031741	GH74.hmm	8.7e-07	42	118	495	562		0.32618025751073
