2582869710	GT4.hmm	5.4e-27	62	153	5	96		0.56875
2582869712	GT2.hmm	1.2e-12	1	111	6	116		0.654761904761905
2582869747	CE1.hmm	4.1e-31	23	212	5	203		0.832599118942731
2582869777	GH109.hmm	6.8e-11	1	122	5	116		0.96031746031746
2582869787	GH51.hmm	5.7e-136	86	541	4	496		0.722222222222222
2582869796	CBM50.hmm	7.3e-07	2	40	54	101		0.95
2582869874	GT4.hmm	3.3e-32	8	158	192	342		0.9375
2582869907	CE14.hmm	3.9e-28	1	123	13	131		0.983870967741935
2582869951	GT2.hmm	1.1e-12	3	168	10	182		0.982142857142857
2582870040	GT4.hmm	1.2e-25	8	155	200	336		0.91875
2582870041	GT4.hmm	4.9e-24	11	154	202	344		0.89375
2582870042	CE3.hmm	2.3e-06	55	193	51	194		0.711340206185567
2582870043	CBM48.hmm	3.2e-16	3	70	9	99		0.881578947368421
2582870043	GH13_11.hmm	3.5e-123	1	346	181	530		0.997109826589595
2582870056	CE14.hmm	1.7e-40	1	112	11	139		0.895161290322581
2582870155	GT2.hmm	3.1e-26	3	168	7	169		0.982142857142857
2582870170	CE10.hmm	1.2e-06	164	309	39	203		0.425219941348974
2582870191	CBM48.hmm	2.3e-15	3	71	47	134		0.894736842105263
2582870191	GH13_9.hmm	1.7e-141	1	290	195	495		0.993127147766323
2582870192	GH13_3.hmm	2.1e-121	3	237	132	366		0.983193277310924
2582870228	CE10.hmm	1.1e-12	67	290	14	196		0.653958944281525
2582870229	AA2.hmm	4.1e-15	14	115	77	179		0.396078431372549
2582870229	AA2.hmm	2e-09	19	118	454	565		0.388235294117647
2582870231	GH25.hmm	2e-34	1	172	34	253		0.966101694915254
2582870262	GH18.hmm	1.7e-42	52	280	94	384		0.77027027027027
2582870293	GT39.hmm	6.5e-62	5	223	23	239		0.977578475336323
2582870392	GH31.hmm	4.5e-77	1	256	238	499		0.597189695550351
2582870395	GH3.hmm	2e-63	3	216	114	336		0.986111111111111
2582870398	CE1.hmm	7.1e-29	8	196	79	274		0.828193832599119
2582870427	GH13_30.hmm	5.7e-152	1	369	31	396		0.997289972899729
2582870445	GT4.hmm	5.6e-40	6	160	193	354		0.9625
2582870452	GT4.hmm	6.8e-08	8	152	182	328		0.9
2582870461	CE7.hmm	1.5e-08	62	209	10	141		0.469648562300319
2582870532	GT28.hmm	5.8e-35	2	143	198	336		0.898089171974522
2582870556	CE1.hmm	2.7e-07	29	143	15	135		0.502202643171806
2582870559	GT2.hmm	2.1e-16	1	168	41	212		0.994047619047619
2582870581	GT4.hmm	8.6e-30	9	158	194	351		0.93125
2582870614	GH109.hmm	0.00047	71	120	63	112		0.388888888888889
2582870657	CE1.hmm	1.3e-09	80	208	68	223		0.563876651982379
2582870662	GH109.hmm	3.6e-09	58	120	52	114		0.492063492063492
2582870686	AA3.hmm	2e-50	86	409	1	529		0.522653721682848
