2582698119	CE10.hmm	4.8e-53	45	335	72	345		0.850439882697947
2582698121	CE10.hmm	2.1e-23	68	316	396	637		0.727272727272727
2582698151	GH109.hmm	2.6e-19	2	112	37	143		0.873015873015873
2582698158	GH33.hmm	6.1e-86	12	330	174	514		0.929824561403509
2582698158	GH93.hmm	1.2e-08	15	114	631	721		0.322475570032573
2582698163	GH109.hmm	1.8e-22	2	123	54	172		0.96031746031746
2582698205	GT2.hmm	4.9e-26	2	166	47	212		0.976190476190476
2582698211	CE1.hmm	8e-18	7	210	110	329		0.894273127753304
2582698212	CE3.hmm	1.5e-18	52	189	128	268		0.706185567010309
2582698234	CE10.hmm	1.3e-17	86	312	77	278		0.662756598240469
2582698244	CE6.hmm	7.1e-05	36	98	214	281		0.626262626262626
2582698255	GT2.hmm	7.1e-29	1	166	18	180		0.982142857142857
2582698424	CE3.hmm	2.6e-11	6	188	109	284		0.938144329896907
2582698486	CBM35.hmm	2.6e-09	17	119	519	620		0.829268292682927
2582698497	CE10.hmm	1.6e-09	107	298	128	319		0.560117302052786
2582698497	CE15.hmm	6.2e-20	14	267	441	749		0.940520446096654
2582698498	GT35.hmm	1.8e-118	211	557	264	628		0.513353115727003
2582698528	CBM38.hmm	1.5e-29	3	128	468	602		0.968992248062015
2582698545	CE10.hmm	4.3e-28	61	309	67	291		0.727272727272727
2582698599	GT4.hmm	5.5e-10	7	157	223	369		0.9375
2582698601	CE4.hmm	5.9e-25	24	126	48	154		0.784615384615385
2582698620	CBM48.hmm	1.6e-18	2	73	10	104		0.934210526315789
2582698620	GH13_11.hmm	9e-155	1	346	182	535		0.997109826589595
2582698630	CE7.hmm	4.6e-08	50	195	514	660		0.463258785942492
2582698653	CBM32.hmm	5.4e-24	10	122	305	420		0.903225806451613
2582698702	GH32.hmm	1.6e-07	25	172	121	273		0.501706484641638
2582698773	CE7.hmm	8.2e-24	58	205	99	243		0.469648562300319
2582698775	GT4.hmm	2.8e-39	6	154	183	329		0.925
2582698785	CE7.hmm	6.4e-07	54	196	557	700		0.453674121405751
2582698785	CE15.hmm	6.4e-07	101	251	662	805		0.557620817843866
2582698885	CE1.hmm	6.7e-20	7	143	52	229		0.599118942731278
2582698895	CE1.hmm	1.1e-16	10	210	188	392		0.881057268722467
2582698906	CE1.hmm	3.1e-30	5	222	69	297		0.955947136563877
2582698914	CE10.hmm	3.4e-08	78	218	75	207		0.410557184750733
2582698926	CBM67.hmm	3.1e-18	2	131	55	169		0.732954545454545
2582698945	GT2.hmm	8.6e-23	1	125	3	129		0.738095238095238
2582699036	GH142.hmm	7.4e-164	10	478	60	544		0.977035490605428
2582699043	CE1.hmm	3.8e-53	1	221	64	282		0.969162995594714
2582699101	GH109.hmm	3.1e-07	2	107	44	156		0.833333333333333
2582699115	GT2.hmm	2e-22	2	122	55	174		0.714285714285714
2582699131	GH109.hmm	2.1e-09	54	116	54	112		0.492063492063492
2582699135	CBM67.hmm	0.00024	34	110	298	367		0.431818181818182
2582699162	PL25.hmm	8e-09	237	411	296	477		0.400921658986175
2582699167	GH28.hmm	3e-08	18	229	63	319		0.649230769230769
2582699190	GT83.hmm	2.2e-105	9	478	44	557		0.868518518518518
2582699193	PL22_1.hmm	1.5e-08	4	98	194	345		0.930693069306931
2582699221	CE3.hmm	9.9e-10	6	194	59	242		0.969072164948454
2582699225	GH109.hmm	2.7e-21	2	123	38	156		0.96031746031746
2582699240	GH109.hmm	6.3e-13	3	121	6	115		0.936507936507937
2582699256	GH33.hmm	4.9e-35	38	305	71	339		0.780701754385965
2582699282	GH109.hmm	1.5e-13	2	122	6	124		0.952380952380952
2582699293	GT39.hmm	5.6e-17	3	190	37	219		0.838565022421525
2582699326	CE14.hmm	6.6e-10	1	112	356	510		0.895161290322581
2582699327	CE14.hmm	4.3e-22	1	116	15	118		0.92741935483871
2582699328	CE10.hmm	4.9e-30	76	313	49	271		0.695014662756598
2582699330	CE10.hmm	1.1e-11	16	136	15	156		0.351906158357771
2582699331	GH5.hmm	5.9e-09	33	153	465	604		0.436363636363636
2582699336	dockerin.hmm	9e-05	1	20	277	296		0.904761904761905
2582699355	GH109.hmm	5e-15	1	122	50	167		0.96031746031746
2582699391	GT5.hmm	7.2e-35	4	425	4	435		0.891949152542373
2582699403	CE10.hmm	6.4e-42	32	337	51	341		0.894428152492669
2582699470	GT2.hmm	9.3e-13	1	129	4	123		0.761904761904762
2582699505	CBM38.hmm	5.5e-30	2	128	53	182		0.976744186046512
2582699505	CBM66.hmm	1.8e-12	2	150	1189	1340		0.954838709677419
2582699511	CE11.hmm	7.7e-82	1	269	6	276		0.988929889298893
2582699513	GH109.hmm	3.4e-10	2	118	5	109		0.920634920634921
2582699518	GH109.hmm	6.3e-14	2	122	43	153		0.952380952380952
2582699523	GH109.hmm	2.8e-12	1	123	46	177		0.968253968253968
2582699564	CE4.hmm	2.8e-10	4	125	65	236		0.930769230769231
2582699565	CE12.hmm	3.6e-17	2	210	39	232		0.990476190476191
2582699586	CBM9.hmm	8.3e-43	1	180	108	328		0.983516483516483
2582699682	GH109.hmm	2.5e-08	2	114	44	145		0.888888888888889
2582699703	GT21.hmm	2.7e-17	1	79	43	120		0.334763948497854
2582699730	CE7.hmm	1.2e-19	57	299	7	239		0.773162939297125
2582699733	CBM35.hmm	9.2e-07	21	112	190	279		0.739837398373984
2582699735	GT83.hmm	2.3e-09	12	360	20	390		0.644444444444444
2582699751	GH109.hmm	2.6e-07	54	114	106	164		0.476190476190476
2582699794	GH77.hmm	4e-172	1	470	15	488		0.949392712550607
2582699812	CE12.hmm	7.1e-15	2	162	64	221		0.761904761904762
2582699828	GT4.hmm	3.1e-27	10	148	285	428		0.8625
2582699830	GT4.hmm	2.9e-24	5	146	244	385		0.88125
2582699864	GH109.hmm	5.7e-14	1	116	6	113		0.912698412698413
2582699886	GT4.hmm	5.6e-30	5	158	238	396		0.95625
2582699887	GT28.hmm	6.8e-41	1	157	218	383		0.993630573248408
2582699916	GT2.hmm	1.1e-11	1	116	14	133		0.68452380952381
2582699920	CE1.hmm	1.8e-23	11	220	193	491		0.920704845814978
2582699958	GT83.hmm	8.8e-10	38	327	40	423		0.535185185185185
2582700001	CE1.hmm	1.2e-34	5	208	42	242		0.894273127753304
2582700039	CBM67.hmm	1.1e-21	1	131	558	680		0.738636363636364
2582700070	CE6.hmm	0.00029	63	97	279	311		0.343434343434343
2582700099	GH109.hmm	3.8e-19	1	125	6	120		0.984126984126984
2582700122	CE12.hmm	5.8e-06	73	164	139	236		0.433333333333333
2582700123	GH109.hmm	8.7e-26	1	125	43	164		0.984126984126984
2582700136	CE1.hmm	1.7e-11	27	141	30	138		0.502202643171806
2582700172	CBM51.hmm	1.2e-25	16	134	265	384		0.880597014925373
2582700250	GH109.hmm	2.2e-07	66	117	80	131		0.404761904761905
2582700264	CE15.hmm	3e-25	11	268	63	378		0.955390334572491
2582700283	CE1.hmm	9.2e-06	13	161	59	209		0.651982378854626
2582700295	GT83.hmm	2.6e-07	93	382	336	700		0.535185185185185
2582700308	GT83.hmm	1.7e-09	85	360	141	487		0.509259259259259
2582700320	GT2.hmm	5.6e-07	53	105	12	63		0.30952380952381
2582700322	GT2.hmm	3.2e-28	1	167	18	178		0.988095238095238
2582700322	GT83.hmm	3.8e-86	12	447	265	702		0.805555555555556
2582700334	PL1_2.hmm	6.7e-23	2	167	96	277		0.9375
2582700347	CBM51.hmm	8.5e-28	2	134	280	418		0.985074626865672
2582700348	CE10.hmm	6.4e-32	52	209	329	494		0.460410557184751
2582700371	GT39.hmm	1.1e-07	59	206	114	264		0.659192825112108
2582700385	GH57.hmm	2.7e-40	3	286	6	270		0.738903394255875
2582700418	GT2.hmm	1.3e-13	2	168	9	170		0.988095238095238
2582700428	CBM66.hmm	2.7e-07	34	155	258	399		0.780645161290323
2582700437	GT83.hmm	4.5e-71	4	470	15	484		0.862962962962963
2582700453	CE7.hmm	1.9e-24	60	303	101	330		0.776357827476038
2582700482	GT2.hmm	1.3e-22	2	167	9	172		0.982142857142857
2582700527	CBM9.hmm	8.4e-27	1	180	118	318		0.983516483516483
2582700533	GH109.hmm	9.7e-25	3	120	60	181		0.928571428571429
2582700534	CE1.hmm	6.9e-08	94	194	714	822		0.440528634361233
2582700537	GT2.hmm	2.3e-20	2	125	5	129		0.732142857142857
2582700575	CBM44.hmm	1.2e-10	3	60	275	330		0.890625
2582700576	CBM48.hmm	2.8e-16	2	70	10	101		0.894736842105263
2582700576	GH13_11.hmm	5.3e-153	1	346	182	535		0.997109826589595
2582700613	CBM66.hmm	4.1e-12	5	150	250	401		0.935483870967742
2582700616	CE3.hmm	6.8e-09	2	189	56	254		0.963917525773196
2582700630	CE9.hmm	1.7e-92	14	361	19	368		0.93029490616622
2582700641	GT4.hmm	4.6e-37	7	157	190	338		0.9375
2582700649	CE14.hmm	1.2e-24	1	116	12	112		0.92741935483871
2582700662	GT1.hmm	1.6e-46	4	379	16	419		0.981675392670157
2582700674	GT2.hmm	1e-15	3	112	14	123		0.648809523809524
2582700675	GT4.hmm	5.5e-25	5	147	279	421		0.8875
2582700676	PL22.hmm	1.4e-09	142	222	226	304		0.30188679245283
2582700682	GH109.hmm	2e-21	1	123	46	163		0.968253968253968
2582700685	PL12.hmm	5.7e-19	1	137	426	571		0.985507246376812
2582700693	CE7.hmm	1.4e-16	3	204	11	222		0.642172523961661
2582700693	CE15.hmm	7.8e-14	100	268	175	328		0.62453531598513
2582700734	CE15.hmm	2.5e-19	9	268	80	393		0.962825278810409
2582700754	PL9.hmm	1.5e-14	34	214	38	216		0.481283422459893
2582700757	GH109.hmm	4.2e-10	3	122	42	154		0.944444444444444
2582700813	dockerin.hmm	8.5e-06	1	17	334	350		0.761904761904762
2582700818	CBM66.hmm	1.1e-13	6	153	504	655		0.948387096774194
2582700865	GT83.hmm	3.7e-18	86	360	115	422		0.507407407407407
2582700884	GT9.hmm	8.3e-49	3	221	74	325		0.968888888888889
2582700889	GH38.hmm	6.7e-10	51	171	227	346		0.446096654275093
2582700934	CBM47.hmm	9.2e-25	1	79	602	681		0.609375
2582700937	GT83.hmm	4.9e-08	89	363	251	545		0.507407407407407
2582700969	GH63.hmm	1.8e-16	363	567	59	508		0.357894736842105
2582700996	CE15.hmm	8.8e-18	4	265	65	382		0.970260223048327
2582701014	CBM50.hmm	1e-09	1	39	283	324		0.95
2582701021	CE10.hmm	1e-30	68	316	29	291		0.727272727272727
2582701037	GT83.hmm	4.7e-65	6	430	11	440		0.785185185185185
2582701050	GH33.hmm	9.2e-29	15	325	30	315		0.906432748538012
2582701057	CBM67.hmm	1.1e-08	12	103	60	138		0.517045454545455
2582701062	CE10.hmm	1.8e-41	78	329	46	285		0.736070381231672
2582701075	CE1.hmm	3.4e-10	99	209	169	288		0.484581497797357
2582701077	CBM66.hmm	3.8e-08	29	148	72	204		0.767741935483871
2582701086	GH109.hmm	8e-20	1	124	54	185		0.976190476190476
2582701116	CBM32.hmm	5e-08	35	123	507	618		0.709677419354839
2582701132	GT83.hmm	3.1e-48	4	184	15	199		0.333333333333333
2582701141	CE6.hmm	8e-08	1	99	100	246		0.98989898989899
2582701144	CBM35.hmm	3e-05	31	92	144	203		0.495934959349593
2582701149	GT4.hmm	7.6e-27	6	158	210	367		0.95
2582701211	CBM48.hmm	1.2e-16	3	71	13	97		0.894736842105263
2582701211	GH13_9.hmm	5.3e-139	1	290	165	465		0.993127147766323
2582701216	CE1.hmm	1.3e-09	28	177	133	300		0.656387665198238
2582701231	CE7.hmm	7.1e-10	50	204	87	236		0.492012779552716
2582701231	CE15.hmm	7.1e-11	100	263	189	343		0.605947955390335
2582701241	GH109.hmm	4.2e-14	2	122	51	170		0.952380952380952
