2582969010	CE4.hmm	3.5e-16	7	126	47	195		0.915384615384615
2582969012	GH109.hmm	9.2e-18	2	114	35	144		0.888888888888889
2582969014	GH32.hmm	1.1e-101	1	291	21	333		0.989761092150171
2582969015	GH2.hmm	3.8e-80	49	512	56	749		0.615691489361702
2582969025	GT83.hmm	1.2e-11	162	363	2	188		0.372222222222222
2582969037	GH38.hmm	3e-44	3	264	37	306		0.970260223048327
2582969040	GH57.hmm	8.6e-12	3	152	28	158		0.389033942558747
2582969041	GH28.hmm	8.9e-71	6	309	48	385		0.932307692307692
2582969042	CBM9.hmm	3.7e-18	2	153	62	221		0.82967032967033
2582969043	GH2.hmm	4e-91	26	552	41	756		0.699468085106383
2582969044	GH125.hmm	1.1e-168	1	402	63	464		0.997512437810945
2582969051	CBM50.hmm	3.9e-09	1	40	54	96		0.975
2582969051	CBM50.hmm	0.00065	2	40	117	158		0.95
2582969082	CBM67.hmm	7.9e-44	1	171	146	327		0.965909090909091
2582969082	GH78.hmm	1e-190	2	504	351	866		0.996031746031746
2582969101	GH92.hmm	1.3e-105	3	313	253	560		0.631364562118126
2582969102	CE1.hmm	5.2e-14	13	211	605	826		0.872246696035242
2582969183	GH109.hmm	3.3e-10	1	112	40	151		0.880952380952381
2582969197	GH43.hmm	1.4e-10	12	109	73	199		0.391129032258065
2582969197	GH43_30.hmm	8.6e-07	37	197	178	342		0.601503759398496
2582969221	GH141.hmm	3.6e-45	2	286	56	369		0.538899430740038
2582969221	GH141.hmm	1.8e-20	328	523	373	579		0.370018975332068
2582969228	GT26.hmm	0.00066	52	122	123	189		0.409356725146199
2582969230	GT2.hmm	3.4e-19	3	124	55	173		0.720238095238095
2582969232	GT4.hmm	1.7e-31	9	155	203	349		0.9125
2582969236	GT2.hmm	6e-12	2	167	53	216		0.982142857142857
2582969238	GT4.hmm	3.1e-07	35	123	6	94		0.55
2582969241	GT2.hmm	7.2e-23	1	164	46	205		0.970238095238095
2582969242	GT8.hmm	3.3e-51	28	252	5	243		0.8715953307393
2582969250	CE7.hmm	7.8e-10	35	212	83	253		0.565495207667732
2582969252	CBM67.hmm	2.4e-33	1	172	41	234		0.971590909090909
2582969252	GH78.hmm	1.5e-124	4	501	258	764		0.986111111111111
2582969261	GH20.hmm	1.7e-131	8	336	157	506		0.973293768545994
2582969286	GH3.hmm	2.9e-61	5	215	85	299		0.972222222222222
2582969287	CBM67.hmm	1.1e-37	2	173	141	330		0.971590909090909
2582969287	GH78.hmm	6e-170	1	503	351	867		0.996031746031746
2582969290	CE10.hmm	4.8e-13	120	309	535	707		0.55425219941349
2582969309	GH13.hmm	9.6e-52	9	293	106	390		0.949832775919732
2582969311	GH13_38.hmm	6.8e-182	1	375	65	459		0.99468085106383
2582969312	CBM67.hmm	1.2e-39	3	165	136	309		0.920454545454545
2582969312	GH78.hmm	3.6e-151	3	504	340	849		0.994047619047619
2582969340	CBM67.hmm	1.6e-41	1	171	141	339		0.965909090909091
2582969340	GH78.hmm	8.7e-161	3	503	364	850		0.992063492063492
2582969341	GH38.hmm	9.6e-69	1	264	54	314		0.977695167286245
2582969342	GH29.hmm	1.4e-110	9	346	9	361		0.973988439306358
2582969362	GH28.hmm	4.9e-81	9	306	81	475		0.913846153846154
2582969363	GH43_10.hmm	6.7e-34	162	262	8	106		0.381679389312977
2582969364	GH43_10.hmm	3.9e-39	1	146	42	200		0.553435114503817
2582969365	CE8.hmm	3e-102	2	285	28	310		0.982638888888889
2582969366	GH140.hmm	5.3e-153	2	412	27	450		0.995145631067961
2582969366	CE10.hmm	1.8e-42	65	336	506	770		0.794721407624633
2582969367	PL10.hmm	6.4e-105	1	287	75	371		0.996515679442509
2582969368	GH43_9.hmm	2.4e-78	103	273	1	171		0.622710622710623
2582969369	GH43_9.hmm	1.6e-36	1	96	51	141		0.347985347985348
2582969370	PL1.hmm	0.00016	59	124	274	342		0.321782178217822
2582969371	CE7.hmm	1.4e-15	47	217	99	272		0.543130990415335
2582969372	PL10_2.hmm	1.8e-128	1	274	115	385		0.992727272727273
2582969373	CBM40.hmm	5.7e-06	56	171	112	230		0.642458100558659
2582969376	GH105.hmm	1.2e-127	7	330	52	393		0.97289156626506
2582969380	GH88.hmm	4.9e-130	6	328	77	396		0.978723404255319
2582969386	CBM51.hmm	3.3e-29	2	134	28	162		0.985074626865672
2582969386	GH27.hmm	2.6e-41	1	229	270	476		0.608
2582969387	CBM51.hmm	6.5e-33	1	134	27	162		0.992537313432836
2582969387	GH27.hmm	1.4e-51	1	343	270	575		0.912
2582969389	GH29.hmm	3.1e-80	38	338	30	346		0.867052023121387
2582969389	CBM32.hmm	2.7e-09	6	115	360	470		0.879032258064516
2582969391	GH3.hmm	1.6e-69	3	215	62	309		0.981481481481482
2582969392	CE1.hmm	8.2e-21	8	202	181	478		0.854625550660793
2582969393	GH3.hmm	8e-68	4	215	63	304		0.976851851851852
2582969394	GH92.hmm	3e-165	2	491	77	550		0.995926680244399
2582969396	GH28.hmm	2e-61	8	276	51	341		0.824615384615385
2582969397	GH2.hmm	9.6e-56	210	550	32	463		0.452127659574468
2582969400	PL25.hmm	9.2e-162	3	432	53	475		0.988479262672811
2582969406	CE1.hmm	8.2e-19	8	218	177	491		0.92511013215859
2582969410	GH5_42.hmm	1.6e-10	64	168	84	184		0.407843137254902
2582969429	GT51.hmm	1.6e-56	1	177	85	266		0.994350282485876
2582969434	GH31.hmm	6.4e-63	1	427	25	480		0.997658079625293
2582969436	GH35.hmm	4.1e-111	1	304	45	366		0.986970684039088
2582969439	CE1.hmm	9.2e-27	6	209	36	236		0.894273127753304
2582969442	CE10.hmm	2.9e-39	74	209	112	267		0.395894428152493
2582969458	GH16.hmm	2.4e-37	2	189	43	255		0.989417989417989
2582969468	GH109.hmm	3.8e-19	4	118	39	141		0.904761904761905
2582969472	GH28.hmm	1.2e-61	6	305	85	402		0.92
2582969476	CBM9.hmm	1.2e-06	33	182	54	224		0.818681318681319
2582969488	CE15.hmm	1.8e-62	105	268	1	181		0.605947955390335
2582969489	CE15.hmm	3.6e-23	1	86	34	212		0.315985130111524
2582969507	GH1.hmm	2.7e-149	2	424	34	468		0.983682983682984
2582969509	GT28.hmm	1.3e-05	60	117	232	287		0.363057324840764
2582969529	GH16.hmm	1.1e-12	51	189	7	149		0.73015873015873
2582969545	GH2.hmm	6.2e-104	26	411	55	500		0.511968085106383
2582969550	GT2.hmm	1.5e-18	1	120	61	207		0.708333333333333
2582969558	GH20.hmm	2.7e-104	10	336	171	486		0.967359050445104
2582969595	GH92.hmm	1.7e-186	2	491	282	761		0.995926680244399
2582969597	GH92.hmm	2.2e-170	2	491	245	732		0.995926680244399
2582969612	GH42.hmm	5.6e-07	244	370	164	292		0.339622641509434
2582969613	GH92.hmm	3.6e-200	2	491	242	755		0.995926680244399
2582969616	GH105.hmm	9.9e-47	11	301	69	345		0.873493975903614
2582969617	GH43.hmm	2.3e-58	3	246	29	334		0.979838709677419
2582969627	GH105.hmm	3.5e-88	6	331	63	381		0.978915662650602
2582969631	GH105.hmm	3.8e-53	13	218	96	314		0.617469879518072
2582969632	GH106.hmm	2.6e-269	4	823	32	928		0.993932038834951
2582969692	CE1.hmm	1.9e-10	12	197	491	694		0.814977973568282
2582969693	GH27.hmm	4.1e-28	125	338	235	433		0.568
2582969696	CE3.hmm	1.2e-09	49	189	66	213		0.721649484536082
2582969696	CE1.hmm	6e-06	38	145	233	384		0.47136563876652
2582969701	GH105.hmm	2.2e-83	5	331	45	362		0.981927710843373
2582969703	GH29.hmm	4.7e-91	36	346	69	380		0.895953757225434
2582969710	GH33.hmm	5e-96	9	330	170	516		0.93859649122807
2582969711	GH20.hmm	1.3e-53	9	334	156	424		0.964391691394659
2582969712	CE6.hmm	2.2e-08	3	96	211	339		0.939393939393939
2582969717	CE3.hmm	1.6e-15	20	184	26	207		0.845360824742268
2582969739	GH29.hmm	1.6e-79	38	333	50	370		0.852601156069364
2582969739	CBM32.hmm	7.1e-12	14	111	391	490		0.782258064516129
2582969754	GH109.hmm	4.6e-11	1	116	5	111		0.912698412698413
2582969768	GH109.hmm	8.1e-13	1	107	59	167		0.841269841269841
2582969771	GH92.hmm	7e-136	59	491	1	464		0.879837067209776
2582969779	GH109.hmm	2.7e-09	1	118	5	126		0.928571428571429
2582969781	GH109.hmm	3e-15	1	118	66	185		0.928571428571429
2582969792	PL22.hmm	5e-10	94	219	261	432		0.471698113207547
2582969795	GH33.hmm	1e-32	23	335	39	378		0.912280701754386
2582969806	CBM66.hmm	1.8e-07	17	131	54	165		0.735483870967742
2582969809	GH29.hmm	1.7e-67	14	237	17	274		0.644508670520231
2582969817	GH95.hmm	1.3e-265	6	717	27	809		0.984764542936288
2582969818	GH29.hmm	8.7e-44	174	346	16	232		0.497109826589595
2582969834	GH109.hmm	1.8e-10	2	122	44	154		0.952380952380952
2582969858	CBM67.hmm	1.2e-39	12	170	170	339		0.897727272727273
2582969858	GH78.hmm	2.5e-146	3	503	365	861		0.992063492063492
2582969883	GH5_46.hmm	1e-94	4	274	114	369		0.978260869565217
2582969910	GH10.hmm	3.1e-115	2	302	51	374		0.99009900990099
2582969948	GH106.hmm	4.2e-180	2	823	31	1008		0.996359223300971
2582969980	GH23.hmm	8.8e-24	2	115	143	272		0.837037037037037
2582969980	CBM50.hmm	4.8e-11	1	39	400	441		0.95
2582969980	CBM50.hmm	6.6e-14	1	40	499	543		0.975
2582969994	GH95.hmm	1.7e-274	10	713	49	787		0.973684210526316
2582970023	PL22.hmm	1.3e-08	63	168	203	404		0.39622641509434
2582970026	GH109.hmm	2e-19	3	116	45	154		0.896825396825397
2582970070	GH127.hmm	5.6e-35	299	524	323	551		0.429389312977099
2582970074	CBM32.hmm	0.00054	59	111	610	668		0.419354838709677
2582970079	GT30.hmm	7.3e-44	4	176	38	209		0.971751412429379
2582970107	CE9.hmm	1e-100	13	373	12	376		0.96514745308311
2582970114	GH137.hmm	5.2e-158	3	340	22	365		0.991176470588235
2582970115	GH106.hmm	3e-74	2	657	41	725		0.794902912621359
2582970116	GH106.hmm	4.8e-201	94	823	249	1017		0.884708737864078
2582970117	GH92.hmm	8.7e-189	3	491	236	741		0.993890020366599
2582970121	CBM48.hmm	8e-06	2	60	21	92		0.763157894736842
2582970121	GH13_13.hmm	7.4e-63	5	383	183	505		0.986945169712794
2582970126	CBM20.hmm	2.1e-20	3	87	15	97		0.933333333333333
2582970126	CBM20.hmm	1.9e-14	11	82	154	227		0.788888888888889
2582970126	GH77.hmm	1.5e-143	1	488	259	907		0.98582995951417
2582970132	GT9.hmm	3.1e-33	3	213	71	319		0.933333333333333
2582970186	GT2.hmm	5.3e-13	1	165	55	219		0.976190476190476
2582970197	GT27.hmm	5.5e-21	1	229	20	243		0.772881355932203
2582970198	GT4.hmm	9.1e-29	9	156	197	340		0.91875
2582970200	GT4.hmm	5e-13	82	146	1	63		0.4
2582970218	GH73.hmm	3.7e-34	2	128	39	168		0.984375
2582970218	CBM50.hmm	4.6e-07	1	28	280	307		0.675
2582970232	CE10.hmm	3.6e-10	124	321	124	307		0.577712609970675
2582970237	GH3.hmm	2.9e-69	3	216	97	318		0.986111111111111
2582970238	GH144.hmm	3.6e-194	3	403	43	447		0.99009900990099
2582970239	GH144.hmm	3.3e-178	3	403	150	550		0.99009900990099
2582970249	GH140.hmm	1.7e-11	9	274	130	392		0.643203883495146
2582970291	CE11.hmm	2.2e-75	1	227	5	232		0.833948339483395
2582970304	CE4.hmm	4.1e-26	5	110	25	126		0.807692307692308
2582970310	GH51.hmm	3.6e-102	89	431	179	541		0.542857142857143
2582970324	CE5.hmm	3.9e-05	58	122	97	155		0.338624338624339
2582970334	GH27.hmm	1.4e-31	124	343	117	326		0.584
2582970345	CBM66.hmm	1.9e-05	99	155	152	206		0.361290322580645
2582970356	GH36.hmm	5.7e-78	113	673	83	652		0.813953488372093
2582970359	GH33.hmm	1.6e-25	24	337	51	443		0.915204678362573
2582970372	CE4.hmm	8.6e-25	7	125	29	170		0.907692307692308
2582970374	GH92.hmm	2.4e-142	3	491	248	757		0.993890020366599
2582970442	GH109.hmm	1.5e-13	2	123	3	129		0.96031746031746
2582970445	GH92.hmm	3.6e-191	2	491	256	778		0.995926680244399
2582970477	AA6.hmm	2.9e-06	19	97	19	104		0.4
2582970490	CBM70.hmm	3.6e-06	72	157	81	170		0.527950310559006
2582970498	GH3.hmm	2.8e-69	3	216	89	310		0.986111111111111
2582970503	GH67.hmm	6.6e-115	1	298	24	327		0.443946188340807
2582970550	GH32.hmm	8.1e-55	1	289	33	321		0.982935153583618
2582970579	CBM9.hmm	4.3e-14	1	178	39	219		0.972527472527473
2582970598	GH97.hmm	1.7e-202	3	628	46	678		0.990491283676704
2582970600	GH5_13.hmm	1.6e-92	1	233	50	265		0.843636363636364
2582970613	GH141.hmm	9.1e-32	39	286	24	272		0.468690702087287
2582970613	GH141.hmm	6.4e-20	330	524	279	468		0.368121442125237
2582970616	CE6.hmm	9.1e-05	63	98	426	459		0.353535353535354
2582970624	GH43_28.hmm	1.1e-108	2	258	55	321		0.992248062015504
2582970624	CBM32.hmm	2.3e-21	13	111	365	477		0.790322580645161
2582970654	CBM67.hmm	6.4e-39	1	170	145	323		0.960227272727273
2582970654	GH78.hmm	6.3e-187	1	504	347	863		0.998015873015873
2582970667	CBM66.hmm	6.1e-07	70	146	134	217		0.490322580645161
2582970668	GH106.hmm	2.3e-86	2	652	27	744		0.788834951456311
2582970668	CBM67.hmm	4.4e-21	3	131	885	1000		0.727272727272727
2582970671	GH33.hmm	2.2e-41	27	315	52	339		0.842105263157895
2582970680	GH43.hmm	5.6e-06	124	223	34	151		0.399193548387097
2582970683	PL12.hmm	2.5e-09	8	138	433	567		0.942028985507246
2582970685	PL8_3.hmm	3.7e-72	3	249	337	586		0.984
2582970686	PL1.hmm	2.6e-06	59	199	94	258		0.693069306930693
2582970727	GH38.hmm	3.1e-24	2	263	122	395		0.970260223048327
2582970751	GH13_8.hmm	7.3e-37	163	274	3	134		0.405109489051095
2582970752	CBM48.hmm	1.5e-09	10	61	58	122		0.671052631578947
2582970752	GH13_8.hmm	1.2e-67	1	155	216	369		0.562043795620438
2582970764	GT2.hmm	3.5e-25	1	168	4	167		0.994047619047619
2582970827	GH141.hmm	2.3e-33	3	284	37	351		0.533206831119545
2582970827	GH141.hmm	3.5e-10	331	523	335	551		0.364326375711575
2582970838	GH99.hmm	3.4e-19	51	312	82	391		0.781437125748503
2582970840	GH13.hmm	2.2e-56	13	294	172	489		0.939799331103679
2582970841	GH65.hmm	2e-138	1	369	322	700		0.989247311827957
2582970850	CBM48.hmm	6.5e-11	4	71	249	327		0.881578947368421
2582970850	GH13.hmm	1.7e-43	9	289	391	709		0.936454849498328
2582970903	GH92.hmm	1.6e-126	3	380	275	657		0.767820773930754
2582970904	GH127.hmm	1.3e-15	242	521	253	520		0.532442748091603
2582970931	GH92.hmm	1.6e-175	3	491	243	728		0.993890020366599
2582970940	GH77.hmm	2e-167	2	491	13	491		0.989878542510121
2582970950	PL22.hmm	4.4e-08	141	264	294	423		0.464150943396226
2582970950	CE10.hmm	4.8e-18	48	315	418	681		0.782991202346041
2582970958	GH105.hmm	1.5e-74	12	331	77	386		0.960843373493976
2582970962	GH2.hmm	5.1e-124	26	486	23	597		0.611702127659574
2582970963	GH2.hmm	2.3e-122	29	488	26	601		0.610372340425532
2582970977	GH2.hmm	5.1e-140	13	464	62	594		0.599734042553192
2582970977	GH2.hmm	2.4e-62	458	751	811	1149		0.389627659574468
2582970978	CE1.hmm	5.8e-46	6	218	42	299		0.933920704845815
2582970993	GH78.hmm	2.8e-11	212	493	366	648		0.557539682539683
2582970998	GH67.hmm	4.1e-203	257	667	1	409		0.612855007473842
2582971011	GH92.hmm	9.1e-191	5	491	301	788		0.989816700610998
2582971012	GH130.hmm	9.3e-78	13	285	50	359		0.918918918918919
2582971108	CE12.hmm	3.6e-70	1	195	27	222		0.923809523809524
2582971109	CE10.hmm	1.4e-18	66	308	26	285		0.709677419354839
2582971117	CE1.hmm	2.5e-27	6	212	33	217		0.907488986784141
2582971118	GH109.hmm	3.9e-10	52	123	50	118		0.563492063492063
2582971122	CBM9.hmm	6.6e-15	1	147	35	189		0.802197802197802
2582971124	GH20.hmm	2.4e-83	8	333	327	748		0.964391691394659
2582971128	GH109.hmm	7.5e-12	42	122	32	114		0.634920634920635
2582971131	GH29.hmm	3.8e-108	38	346	31	350		0.890173410404624
2582971133	GH43_18.hmm	4.1e-82	2	239	61	295		0.9875
2582971134	CBM67.hmm	1.3e-36	12	169	175	342		0.892045454545455
2582971134	GH78.hmm	1.9e-145	1	503	367	880		0.996031746031746
2582971145	GH29.hmm	1.7e-11	121	338	73	357		0.627167630057804
2582971150	CBM6.hmm	2.5e-16	2	135	48	218		0.963768115942029
2582971153	GH2.hmm	1.4e-98	46	447	49	501		0.533244680851064
2582971159	CE1.hmm	6.6e-10	7	207	46	311		0.881057268722467
2582971162	CE10.hmm	5.2e-40	74	193	110	246		0.348973607038123
2582971169	CE10.hmm	9.5e-40	61	316	65	314		0.747800586510264
2582971190	CE1.hmm	5e-17	9	207	18	209		0.872246696035242
2582971211	GH109.hmm	3.4e-14	19	123	23	118		0.825396825396825
2582971272	GH28.hmm	6.7e-61	4	309	70	443		0.938461538461538
2582971287	GT51.hmm	3.8e-57	6	177	70	247		0.966101694915254
2582971303	GT2.hmm	3.9e-19	1	120	245	367		0.708333333333333
2582971320	CE1.hmm	3.5e-56	5	221	35	282		0.951541850220264
2582971334	GH29.hmm	6.5e-108	36	346	20	318		0.895953757225434
2582971335	CE6.hmm	3.3e-09	3	94	179	283		0.919191919191919
2582971357	GH51.hmm	2.1e-140	81	542	23	511		0.731746031746032
2582971360	GH3.hmm	1.4e-70	5	215	65	303		0.972222222222222
2582971369	GH2.hmm	1.1e-212	16	746	57	916		0.970744680851064
2582971370	GH43_26.hmm	3.2e-59	1	292	34	331		0.996575342465753
2582971371	GH2.hmm	3.8e-77	27	492	24	629		0.618351063829787
2582971373	CE6.hmm	1.6e-09	4	98	180	285		0.94949494949495
2582971374	GH31.hmm	1.2e-129	1	427	241	688		0.997658079625293
2582971375	AA6.hmm	2.8e-10	52	144	57	156		0.471794871794872
2582971385	GH127.hmm	5.7e-41	63	523	120	554		0.877862595419847
2582971386	GH43_24.hmm	4.9e-68	1	239	57	298		0.975409836065574
2582971401	CBM67.hmm	7.9e-38	1	172	149	349		0.971590909090909
2582971401	GH78.hmm	1.9e-143	2	503	372	864		0.994047619047619
2582971402	GH92.hmm	2.1e-105	4	339	277	621		0.682281059063136
2582971411	GH109.hmm	2.7e-12	2	124	44	163		0.968253968253968
2582971415	GH28.hmm	1.7e-63	8	309	86	427		0.926153846153846
2582971426	CE10.hmm	6.5e-47	60	316	62	313		0.750733137829912
2582971428	GH42.hmm	6.2e-118	2	369	31	403		0.98921832884097
2582971439	GH127.hmm	2.4e-199	1	524	44	570		0.998091603053435
2582971459	CE3.hmm	1.2e-12	5	192	49	248		0.963917525773196
2582971460	GH65.hmm	3.4e-11	24	238	325	528		0.575268817204301
2582971466	GH53.hmm	4e-98	2	332	32	354		0.964912280701754
2582971494	CBM9.hmm	3e-12	5	148	3	152		0.785714285714286
2582971532	GT2.hmm	1.1e-30	2	168	6	173		0.988095238095238
2582971537	CE14.hmm	2.7e-09	3	114	386	540		0.895161290322581
2582971544	GH109.hmm	9.8e-23	2	121	37	152		0.944444444444444
2582971545	CBM66.hmm	4.1e-11	2	147	46	196		0.935483870967742
2582971547	GH109.hmm	5.6e-12	3	116	45	148		0.896825396825397
2582971598	CBM44.hmm	0.00066	13	58	971	1014		0.703125
2582971599	CBM44.hmm	0.00013	18	60	794	835		0.65625
2582971600	CBM44.hmm	1.6e-06	18	63	668	711		0.703125
2582971603	GH20.hmm	1.6e-40	14	263	175	427		0.738872403560831
2582971625	GT4.hmm	2.1e-08	8	125	172	287		0.73125
2582971639	GT5.hmm	4e-44	1	216	5	230		0.455508474576271
2582971694	GT28.hmm	1.1e-48	2	157	194	353		0.987261146496815
2582971707	GH23.hmm	6.3e-24	2	121	101	233		0.881481481481482
2582971746	GH109.hmm	3.5e-15	3	121	45	153		0.936507936507937
2582971752	GT27.hmm	3.7e-24	1	236	8	236		0.796610169491525
2582971760	CBM15.hmm	0.00077	39	87	54	102		0.328767123287671
2582971792	GH141.hmm	3.6e-58	2	523	59	589		0.988614800759013
2582971799	GH94.hmm	1.4e-299	263	1036	2	809		0.746138996138996
2582971803	GH109.hmm	1.1e-22	1	118	46	164		0.928571428571429
2582971818	CE1.hmm	1.2e-10	27	130	12	103		0.45374449339207
2582971821	GH3.hmm	3.8e-51	8	213	180	441		0.949074074074074
2582971823	GH3.hmm	1.9e-53	2	213	178	420		0.976851851851852
2582971824	GH3.hmm	1.3e-71	3	214	108	323		0.976851851851852
2582971825	CBM48.hmm	6.5e-07	10	67	41	108		0.75
2582971825	CE1.hmm	8.4e-55	3	221	152	386		0.960352422907489
2582971873	GT19.hmm	7.7e-117	2	351	4	355		0.985875706214689
2582971876	GT94.hmm	3.5e-18	39	220	118	313		0.639575971731449
2582971879	CE3.hmm	5.6e-13	54	187	104	244		0.685567010309278
2582971891	GH30.hmm	1.4e-142	10	416	63	476		0.973621103117506
2582971892	GH16.hmm	3.2e-52	2	189	37	270		0.989417989417989
2582971893	GH3.hmm	5.3e-69	3	215	96	317		0.981481481481482
2582971894	GH30.hmm	6.1e-135	8	416	84	498		0.97841726618705
2582971895	GH16.hmm	2.8e-52	2	188	171	400		0.984126984126984
2582971909	GH35.hmm	6.9e-109	1	306	37	350		0.993485342019544
2582971924	CBM21.hmm	0.00079	21	55	11	45		0.317757009345794
2582971940	GH30_1.hmm	3e-179	2	423	66	486		0.995271867612293
2582971944	GH109.hmm	2.3e-15	2	103	47	151		0.801587301587302
2582971951	GH109.hmm	1.3e-17	2	121	39	163		0.944444444444444
2582971955	GH50.hmm	6.5e-75	291	653	117	457		0.554364471669219
2582971986	GH109.hmm	1.5e-47	1	126	48	174		0.992063492063492
2582971997	GH73.hmm	3.2e-22	12	128	143	263		0.90625
2582972008	CE10.hmm	1.2e-32	73	321	44	284		0.727272727272727
2582972057	GH2.hmm	9.7e-90	69	487	3	580		0.555851063829787
2582972059	GH29.hmm	4.4e-105	30	346	19	368		0.913294797687861
2582972061	CE10.hmm	7.9e-33	73	316	56	266		0.712609970674487
2582972062	GH31.hmm	5.9e-85	2	427	199	628		0.995316159250585
2582972063	GH78.hmm	2.5e-91	3	501	42	574		0.988095238095238
2582972064	GH109.hmm	3.9e-10	1	121	49	164		0.952380952380952
2582972065	PL5.hmm	5.2e-08	62	240	108	299		0.561514195583596
2582972066	PL12.hmm	3.9e-06	17	104	475	564		0.630434782608696
2582972091	GH92.hmm	1.4e-142	5	489	230	760		0.985743380855397
2582972093	PL15.hmm	7.5e-42	5	134	534	667		0.962686567164179
2582972097	GH43.hmm	2.7e-11	8	123	25	180		0.463709677419355
2582972097	GH43.hmm	8.9e-10	17	98	207	312		0.326612903225806
2582972109	GH109.hmm	5.7e-14	2	119	41	154		0.928571428571429
2582972136	GH95.hmm	5.8e-54	91	655	99	659		0.781163434903047
2582972137	GH95.hmm	6.5e-147	355	720	1	374		0.505540166204986
2582972138	GH95.hmm	1.4e-71	4	285	20	340		0.389196675900277
2582972142	GH105.hmm	8.1e-83	9	332	38	375		0.97289156626506
2582972143	GH109.hmm	7.6e-12	2	119	45	175		0.928571428571429
2582972144	GH92.hmm	3e-173	2	491	239	749		0.995926680244399
2582972145	GH27.hmm	1.5e-41	30	374	2	301		0.917333333333333
2582972146	GH109.hmm	2.7e-06	3	47	47	92		0.349206349206349
2582972147	GH109.hmm	5.8e-17	1	115	57	173		0.904761904761905
2582972149	GH105.hmm	1.7e-71	13	330	55	350		0.954819277108434
2582972183	GT2.hmm	1.3e-28	2	165	9	180		0.970238095238095
2582972185	GT4.hmm	7.8e-18	19	147	194	311		0.8
2582972189	GT35.hmm	1.1e-125	19	658	129	778		0.948071216617211
2582972190	GH57.hmm	1.3e-60	2	310	6	324		0.804177545691906
2582972191	GT4.hmm	2.6e-32	8	155	253	397		0.91875
2582972192	GH133.hmm	6.1e-88	8	370	287	634		0.973118279569892
2582972200	GH106.hmm	2.4e-90	11	651	40	636		0.776699029126214
