2583000284	GH109.hmm	1.4e-10	2	123	20	131		0.96031746031746
2583000291	GT4.hmm	3.3e-10	5	148	211	352		0.89375
2583000292	GT4.hmm	8.8e-17	12	147	187	324		0.84375
2583000294	GT4.hmm	8.1e-11	7	157	219	372		0.9375
2583000331	GH13_23.hmm	1.2e-128	1	302	46	350		0.875
2583000364	AA7.hmm	6.7e-08	13	191	32	218		0.388646288209607
2583000372	GT9.hmm	7.6e-25	6	204	62	272		0.88
2583000373	GT9.hmm	3.3e-49	3	217	69	295		0.951111111111111
2583000393	GH31.hmm	5e-125	4	381	170	566		0.882903981264637
2583000402	CBM9.hmm	2.9e-06	7	136	8	143		0.708791208791209
2583000446	GT9.hmm	9.1e-30	52	217	82	251		0.733333333333333
2583000496	GH64.hmm	2.3e-75	6	364	30	380		0.975476839237057
2583000515	GT83.hmm	8.9e-81	11	436	34	477		0.787037037037037
2583000522	GH3.hmm	5.4e-26	9	216	58	271		0.958333333333333
2583000615	GT2.hmm	2.2e-16	1	123	6	126		0.726190476190476
2583000616	GT32.hmm	2.9e-14	5	87	20	95		0.911111111111111
2583000617	GT2.hmm	2.1e-19	1	130	7	141		0.767857142857143
2583000624	GH13.hmm	1e-20	12	272	167	435		0.869565217391304
2583000624	GH133.hmm	6.3e-82	11	371	1043	1391		0.967741935483871
2583000625	CBM48.hmm	3.8e-10	3	70	23	102		0.881578947368421
2583000625	CBM48.hmm	2.6e-20	2	71	124	211		0.907894736842105
2583000625	GH13_9.hmm	2.8e-137	1	290	278	578		0.993127147766323
2583000652	CBM44.hmm	1.1e-05	7	61	621	676		0.84375
2583000688	GH109.hmm	1.6e-05	70	121	53	104		0.404761904761905
2583000718	GT2.hmm	1.5e-15	2	167	9	171		0.982142857142857
2583000738	GH13_36.hmm	1.3e-74	1	313	84	420		0.993630573248408
2583000739	GH13_36.hmm	5.2e-71	1	313	72	411		0.993630573248408
2583000762	CE7.hmm	5e-09	64	192	27	144		0.408945686900958
2583000763	CE1.hmm	5.3e-09	11	123	102	230		0.493392070484582
2583000806	GT4.hmm	2.7e-08	86	152	33	98		0.4125
2583000807	GT4.hmm	7e-11	11	153	220	370		0.8875
2583000812	CE14.hmm	3e-16	2	124	1	109		0.983870967741935
2583000828	GT51.hmm	1.5e-65	2	177	45	220		0.988700564971751
2583000845	GT28.hmm	2.9e-41	2	147	187	336		0.923566878980892
2583000855	GH38.hmm	1.5e-51	2	264	31	296		0.973977695167286
2583000870	CBM44.hmm	0.0002	19	58	642	683		0.609375
2583000870	CBM44.hmm	2.1e-06	6	63	720	777		0.890625
2583000911	CE14.hmm	3.1e-15	1	83	37	133		0.661290322580645
2583000919	GH13_20.hmm	4.2e-67	1	285	40	330		0.996491228070175
2583000923	CE1.hmm	2.8e-08	9	121	105	235		0.493392070484582
2583000982	CE10.hmm	4.1e-21	55	326	61	326		0.794721407624633
2583001064	AA4.hmm	1.7e-16	47	239	31	216		0.367816091954023
2583001090	GH23.hmm	4.5e-30	16	125	95	203		0.807407407407407
2583001109	CE7.hmm	2.2e-06	176	298	107	244		0.389776357827476
2583001112	CE10.hmm	3.4e-16	63	315	412	652		0.73900293255132
2583001273	GT30.hmm	1e-36	12	176	43	205		0.926553672316384
2583001294	PL22.hmm	1.6e-06	145	242	358	462		0.366037735849057
2583001326	GT4.hmm	1.1e-31	6	155	250	415		0.93125
2583001327	GH32.hmm	8.9e-24	17	249	19	258		0.791808873720137
2583001327	CBM66.hmm	1.3e-06	52	150	362	466		0.632258064516129
2583001344	GT2.hmm	2.3e-26	4	166	57	225		0.964285714285714
2583001361	GT2.hmm	1.2e-26	1	166	6	172		0.982142857142857
2583001415	CBM50.hmm	7.6e-10	1	39	67	113		0.95
2583001433	GH28.hmm	4.5e-45	11	279	146	451		0.824615384615385
2583001477	GT19.hmm	1.1e-106	2	350	5	351		0.983050847457627
2583001519	GT4.hmm	6.8e-31	6	134	720	842		0.8
2583001520	CE1.hmm	3.6e-11	27	198	27	194		0.753303964757709
2583001533	AA3.hmm	1.2e-45	89	402	3	493		0.506472491909385
2583001556	CE11.hmm	2.4e-92	2	270	8	273		0.988929889298893
2583001604	CE14.hmm	9.4e-11	1	117	43	150		0.935483870967742
2583001693	GH113.hmm	7.5e-66	18	306	63	355		0.941176470588235
2583001760	CE7.hmm	3.5e-18	57	204	24	163		0.469648562300319
2583001780	GT2.hmm	1.3e-20	1	117	100	216		0.69047619047619
2583001783	GH13.hmm	7.8e-25	13	288	122	529		0.919732441471572
2583001810	GT2.hmm	8.1e-18	1	137	7	161		0.80952380952381
2583001815	GH109.hmm	1.3e-09	1	116	4	107		0.912698412698413
2583001826	cohesin.hmm	3.1e-08	7	107	665	757		0.746268656716418
2583001996	CE10.hmm	3.6e-24	54	320	13	264		0.780058651026393
2583002019	GT51.hmm	2.1e-59	7	177	45	214		0.96045197740113
2583002071	CE1.hmm	1.3e-13	76	197	61	194		0.533039647577093
2583002132	CE14.hmm	1e-13	1	117	4	108		0.935483870967742
2583002158	CE4.hmm	1.1e-28	5	124	63	192		0.915384615384615
2583002192	CE10.hmm	5.5e-11	50	311	425	680		0.765395894428152
2583002217	GT4.hmm	1.4e-39	6	159	189	339		0.95625
2583002233	GT41.hmm	1.9e-108	194	517	1	348		0.458156028368794
2583002303	GT2.hmm	1e-15	1	109	4	104		0.642857142857143
2583002316	GT4.hmm	2.3e-40	6	159	6	156		0.95625
2583002334	CE10.hmm	2.2e-15	81	320	446	673		0.700879765395894
2583002379	GT2.hmm	3.9e-17	3	114	13	127		0.660714285714286
2583002407	CBM50.hmm	2.1e-14	1	39	58	99		0.95
2583002429	GT51.hmm	7.4e-63	2	176	72	251		0.983050847457627
2583002445	CE1.hmm	6e-13	8	143	58	204		0.594713656387665
2583002478	AA3.hmm	1e-42	89	397	2	522		0.498381877022654
2583002484	GT9.hmm	2.5e-08	121	191	192	293		0.311111111111111
2583002511	CE10.hmm	1.3e-14	65	309	401	630		0.715542521994135
2583002609	CBM16.hmm	6.3e-10	3	104	33	150		0.870689655172414
2583002610	CE4.hmm	1.8e-15	8	125	16	145		0.9
2583002644	GH13_23.hmm	3.4e-110	1	340	47	382		0.98546511627907
2583002684	GH74.hmm	6.5e-11	29	113	219	359		0.360515021459227
2583002784	GT9.hmm	2.6e-43	3	219	49	291		0.96
2583002785	GT5.hmm	5.6e-162	1	471	2	473		0.995762711864407
2583002943	PL9.hmm	2.9e-06	34	155	39	153		0.323529411764706
2583003018	CBM50.hmm	1.7e-07	1	38	37	78		0.925
2583003021	GT2.hmm	1.3e-13	3	105	8	102		0.607142857142857
2583003084	GT83.hmm	7.1e-19	95	363	1	260		0.496296296296296
2583003180	CE4.hmm	1.9e-22	4	119	245	373		0.884615384615385
2583003280	CBM12.hmm	7.7e-09	1	33	17	49		0.941176470588235
2583003283	GT2.hmm	3.2e-26	1	167	7	170		0.988095238095238
2583003306	CBM39.hmm	0.00057	10	55	11	58		0.478723404255319
2583003327	GH30_1.hmm	4.3e-169	7	422	33	442		0.981087470449173
2583003331	GH17.hmm	3.1e-21	6	309	59	349		0.97427652733119
2583003333	GH81.hmm	1.8e-115	10	622	48	691		0.983922829581994
2583003335	CBM23.hmm	2.3e-05	103	161	662	721		0.358024691358025
2583003382	CBM47.hmm	1.9e-22	8	128	53	166		0.9375
2583003410	CE10.hmm	1.1e-25	81	316	399	625		0.689149560117302
2583003415	GT83.hmm	4.6e-10	10	366	19	387		0.659259259259259
2583003417	GT2.hmm	1e-18	1	144	5	152		0.851190476190476
2583003471	GH16.hmm	3.2e-45	2	189	131	372		0.989417989417989
2583003495	GT83.hmm	1.1e-87	10	494	9	491		0.896296296296296
2583003531	CBM2.hmm	1e-20	3	91	511	598		0.871287128712871
2583003622	CBM48.hmm	4.2e-09	1	71	37	118		0.921052631578947
2583003622	GH13.hmm	1.9e-41	11	293	210	554		0.94314381270903
2583003637	GT35.hmm	8.5e-76	302	561	19	255		0.384272997032641
2583003639	GH13_19.hmm	1.1e-138	1	322	76	427		0.996894409937888
2583003640	CBM41.hmm	1.1e-22	3	99	40	142		0.941176470588235
2583003665	GT4.hmm	4e-25	4	152	217	364		0.925
2583003666	GT4.hmm	6e-38	6	157	189	338		0.94375
2583003666	CE4.hmm	1.5e-11	25	125	435	579		0.769230769230769
2583003669	GT4.hmm	3.3e-25	8	152	195	339		0.9
2583003683	GT4.hmm	4.1e-13	8	76	109	177		0.425
2583003720	AA6.hmm	1e-06	12	90	15	104		0.4
2583003743	GH16.hmm	5.6e-56	2	189	108	344		0.989417989417989
2583003760	CBM32.hmm	0.0001	32	111	91	171		0.637096774193548
2583003788	CE3.hmm	5.5e-12	5	192	22	190		0.963917525773196
2583003813	CBM44.hmm	0.00074	21	61	57	94		0.625
2583003823	AA4.hmm	3.5e-15	20	202	7	185		0.348659003831418
2583003831	GH23.hmm	7.3e-05	74	127	300	361		0.392592592592593
