2595241564	GH42.hmm	1.5e-124	2	370	33	399		0.991913746630728
2595241574	GH5.hmm	2.7e-24	35	237	61	299		0.734545454545455
2595241577	GH109.hmm	7.9e-19	4	122	45	151		0.936507936507937
2595241581	GH20.hmm	3.8e-114	8	336	156	506		0.973293768545994
2595241624	CE1.hmm	5.4e-09	29	130	16	105		0.444933920704846
2595241625	GH77.hmm	1.4e-162	1	488	10	486		0.98582995951417
2595241626	CE1.hmm	2.3e-21	5	207	446	672		0.889867841409692
2595241640	GH3.hmm	2.5e-68	3	215	63	306		0.981481481481482
2595241642	CE14.hmm	2.2e-09	2	114	384	539		0.903225806451613
2595241671	GT28.hmm	1.9e-44	2	157	194	353		0.987261146496815
2595241703	CBM63.hmm	0.00094	41	75	332	366		0.435897435897436
2595241708	CBM67.hmm	7.7e-33	2	169	35	203		0.948863636363636
2595241708	GH78.hmm	5.7e-67	6	504	245	777		0.988095238095238
2595241709	GH92.hmm	1.5e-173	2	491	204	729		0.995926680244399
2595241719	CBM67.hmm	5.7e-14	15	162	157	314		0.835227272727273
2595241719	GH78.hmm	1.8e-131	5	504	350	852		0.990079365079365
2595241722	GH109.hmm	2.8e-10	43	120	35	114		0.611111111111111
2595241724	GH29.hmm	1.5e-107	19	346	16	350		0.945086705202312
2595241732	GH29.hmm	8.4e-79	39	335	37	350		0.855491329479769
2595241732	CBM32.hmm	2.6e-13	12	111	374	474		0.798387096774194
2595241743	CBM67.hmm	1.7e-35	2	168	134	311		0.943181818181818
2595241743	GH78.hmm	1.6e-153	2	504	338	848		0.996031746031746
2595241744	GH109.hmm	1.5e-24	3	124	41	158		0.96031746031746
2595241760	GH23.hmm	6.9e-26	2	115	145	274		0.837037037037037
2595241760	CBM50.hmm	5.6e-09	1	39	402	443		0.95
2595241760	CBM50.hmm	2.1e-13	1	40	493	537		0.975
2595241788	GH51.hmm	3.7e-143	81	541	26	513		0.73015873015873
2595241798	CBM48.hmm	5.6e-12	4	75	46	131		0.934210526315789
2595241798	GH13.hmm	5.1e-36	14	290	196	510		0.923076923076923
2595241799	GH109.hmm	2e-22	1	121	40	161		0.952380952380952
2595241801	GH130.hmm	6.3e-80	13	286	52	362		0.922297297297297
2595241810	GH32.hmm	6.8e-86	1	292	42	334		0.993174061433447
2595241822	CBM50.hmm	4.8e-05	5	40	52	90		0.875
2595241822	CBM50.hmm	1.3e-07	1	40	110	152		0.975
2595241822	CBM50.hmm	1e-05	1	40	172	214		0.975
2595241844	GH141.hmm	7.5e-45	2	286	81	400		0.538899430740038
2595241844	GH141.hmm	2.5e-16	330	522	419	609		0.364326375711575
2595241873	GH38.hmm	3e-49	2	256	57	307		0.944237918215613
2595241915	GH109.hmm	3.5e-15	2	106	65	172		0.825396825396825
2595241917	GH109.hmm	2.3e-09	1	122	5	130		0.96031746031746
2595241934	GH109.hmm	2.2e-23	1	120	37	153		0.944444444444444
2595241937	GH127.hmm	5.4e-58	59	522	112	555		0.883587786259542
2595241948	CE1.hmm	6.4e-19	3	143	174	345		0.616740088105727
2595241960	GH29.hmm	4.8e-98	38	346	25	339		0.890173410404624
2595241969	GT2.hmm	1.9e-20	1	121	249	372		0.714285714285714
2595241981	GH97.hmm	9.5e-204	4	630	14	643		0.992076069730586
2595241994	CE15.hmm	4.9e-97	1	268	36	419		0.992565055762082
2595242019	CE1.hmm	3.7e-62	1	224	33	282		0.982378854625551
2595242020	GH141.hmm	1.7e-65	2	478	26	487		0.903225806451613
2595242031	GH109.hmm	4.7e-11	3	117	45	149		0.904761904761905
2595242037	GH3.hmm	2e-51	5	214	100	326		0.967592592592593
2595242045	GT70.hmm	2e-10	138	339	169	380		0.546195652173913
2595242047	GT11.hmm	4.3e-60	1	275	1	259		0.992753623188406
2595242049	GT2.hmm	5.5e-33	1	168	7	173		0.994047619047619
2595242050	GH106.hmm	1.1e-234	91	823	349	1080		0.888349514563107
2595242057	GH29.hmm	4.2e-107	37	346	32	332		0.893063583815029
2595242058	CBM9.hmm	5.8e-43	1	153	67	244		0.835164835164835
2595242061	GH38.hmm	2.4e-40	2	255	174	438		0.940520446096654
2595242101	GT2.hmm	8.8e-15	1	125	5	128		0.738095238095238
2595242109	GT2.hmm	4.7e-08	2	112	39	177		0.654761904761905
2595242111	GT83.hmm	1e-84	4	450	6	464		0.825925925925926
2595242112	GT2.hmm	2.2e-14	2	167	9	170		0.982142857142857
2595242135	CBM40.hmm	5.3e-12	16	175	95	269		0.888268156424581
2595242136	GH144.hmm	1e-181	2	403	150	553		0.992574257425743
2595242137	GH144.hmm	1.4e-196	2	403	42	447		0.992574257425743
2595242138	GH43_28.hmm	1.1e-109	2	257	51	316		0.988372093023256
2595242138	CBM32.hmm	4.1e-22	15	109	363	471		0.758064516129032
2595242139	GH3.hmm	4.5e-73	3	216	97	318		0.986111111111111
2595242153	CE11.hmm	2.7e-73	1	227	6	233		0.833948339483395
2595242167	CBM9.hmm	2.4e-09	29	182	45	208		0.840659340659341
2595242180	GT2.hmm	1.7e-18	3	124	55	173		0.720238095238095
2595242183	GT4.hmm	2.2e-06	9	120	228	337		0.69375
2595242184	GT4.hmm	5.3e-34	9	158	203	353		0.93125
2595242187	GT2.hmm	8.4e-10	2	167	53	216		0.982142857142857
2595242188	GT2.hmm	2.8e-22	1	165	7	177		0.976190476190476
2595242191	CBM50.hmm	1.7e-10	1	40	163	205		0.975
2595242210	GT19.hmm	4.7e-113	2	350	4	354		0.983050847457627
2595242213	GT4.hmm	1.5e-20	5	153	199	348		0.925
2595242231	GT28.hmm	6.4e-05	58	140	230	306		0.522292993630573
2595242233	GH1.hmm	8.7e-149	2	424	34	470		0.983682983682984
2595242261	GT30.hmm	3.8e-40	11	176	46	207		0.932203389830508
2595242307	GT35.hmm	6.5e-128	19	626	128	745		0.900593471810089
2595242310	GT4.hmm	7.5e-07	6	149	244	397		0.89375
2595242315	GT4.hmm	1.3e-23	7	153	165	305		0.9125
2595242316	GT2.hmm	5.6e-30	1	165	9	180		0.976190476190476
2595242319	GH2.hmm	1.8e-123	19	480	21	607		0.613031914893617
2595242342	GH127.hmm	8e-47	50	522	82	533		0.900763358778626
2595242345	GH106.hmm	4.8e-146	3	530	43	673		0.639563106796116
2595242353	GH38.hmm	6.8e-44	3	256	37	298		0.940520446096654
2595242356	GH109.hmm	1.8e-18	2	119	39	161		0.928571428571429
2595242361	GH35.hmm	5.8e-115	1	305	34	347		0.990228013029316
2595242363	CBM40.hmm	1.7e-06	83	174	359	458		0.508379888268156
2595242366	GH95.hmm	4.1e-120	4	713	26	727		0.981994459833795
2595242368	GH110.hmm	7.4e-190	2	548	36	586		0.996350364963504
2595242377	GH93.hmm	2.8e-11	17	203	199	361		0.60586319218241
2595242399	GH16.hmm	1.5e-17	6	188	371	588		0.962962962962963
2595242420	CE1.hmm	6.7e-06	60	208	49	249		0.651982378854626
2595242435	GH20.hmm	6.2e-110	9	336	171	487		0.970326409495549
2595242458	GH125.hmm	5e-180	1	402	61	460		0.997512437810945
2595242474	GT83.hmm	7.1e-24	8	362	4	339		0.655555555555556
2595242485	GH13.hmm	4.1e-57	12	294	171	486		0.94314381270903
2595242486	GH65.hmm	1.7e-140	1	370	322	701		0.991935483870968
2595242506	CBM48.hmm	8.2e-09	10	64	58	125		0.710526315789474
2595242506	GH13_8.hmm	3.6e-115	1	274	217	508		0.996350364963504
2595242513	CBM20.hmm	1e-21	3	84	3	83		0.9
2595242513	CBM20.hmm	5.1e-12	9	82	142	217		0.811111111111111
2595242513	GH77.hmm	3.1e-145	1	488	249	897		0.98582995951417
2595242578	AA6.hmm	1.6e-05	2	76	251	311		0.379487179487179
2595242595	GH109.hmm	9.7e-11	53	122	54	119		0.547619047619048
2595242598	GH5_13.hmm	3.2e-111	1	275	62	317		0.996363636363636
2595242624	GT51.hmm	2.4e-58	2	176	86	265		0.983050847457627
2595242690	CE4.hmm	3.1e-18	7	125	40	161		0.907692307692308
2595242701	GH30_2.hmm	1.8e-183	4	413	49	471		0.98792270531401
2595242721	GH109.hmm	6.6e-14	1	122	41	150		0.96031746031746
2595242722	GH15.hmm	1.4e-06	14	146	277	387		0.365650969529086
2595242723	CE3.hmm	2.4e-12	52	191	98	250		0.716494845360825
2595242724	CBM67.hmm	5.8e-40	1	166	40	227		0.9375
2595242724	GH78.hmm	8.4e-124	1	504	255	766		0.998015873015873
2595242730	GH109.hmm	4.8e-07	1	111	40	149		0.873015873015873
2595242745	GT27.hmm	1.1e-21	1	236	4	233		0.796610169491525
2595242772	CE5.hmm	0.00014	62	124	19	75		0.328042328042328
2595242812	GH2.hmm	3.3e-79	28	504	22	703		0.632978723404255
2595242827	GH109.hmm	3.4e-24	1	118	42	155		0.928571428571429
2595242830	GH123.hmm	1.5e-10	303	508	873	1093		0.381040892193309
2595242832	GH33.hmm	2.4e-34	25	327	48	377		0.883040935672515
2595242833	GH33.hmm	8.9e-27	8	325	33	332		0.926900584795322
2595242836	CBM67.hmm	1.7e-33	14	172	224	393		0.897727272727273
2595242836	GH78.hmm	1e-153	4	504	418	915		0.992063492063492
2595242837	GH92.hmm	1.8e-176	3	488	276	766		0.987780040733198
2595242840	CBM67.hmm	1.5e-38	1	172	145	344		0.971590909090909
2595242840	GH78.hmm	8.5e-156	2	504	367	854		0.996031746031746
2595242842	GH109.hmm	2.9e-12	1	111	46	155		0.873015873015873
2595242846	GH38.hmm	6.4e-70	1	264	56	316		0.977695167286245
2595242848	GH42.hmm	1.1e-07	244	370	160	290		0.339622641509434
2595242849	GH42.hmm	5.7e-07	244	370	147	275		0.339622641509434
2595242850	GH92.hmm	6.1e-101	2	282	246	535		0.570264765784114
2595242853	CBM48.hmm	2e-05	3	68	22	102		0.855263157894737
2595242853	GH13_13.hmm	9.2e-59	6	383	184	505		0.984334203655353
2595242874	CBM66.hmm	1.8e-11	31	148	60	189		0.754838709677419
2595242905	GH2.hmm	3e-71	29	412	29	527		0.509308510638298
2595242906	GH109.hmm	6.8e-14	1	113	4	107		0.888888888888889
2595242910	GH2.hmm	1.3e-74	30	521	44	731		0.652925531914894
2595242927	CE3.hmm	7.3e-08	1	192	31	220		0.984536082474227
2595242927	CE6.hmm	8.2e-08	3	97	393	522		0.94949494949495
2595242928	GH20.hmm	5.8e-55	10	336	130	409		0.967359050445104
2595242929	GH33.hmm	5.9e-99	9	330	169	515		0.93859649122807
2595242968	GT4.hmm	3.9e-22	7	153	239	393		0.9125
2595242973	CE10.hmm	9e-34	80	322	55	285		0.709677419354839
2595242984	GH73.hmm	2.3e-20	11	128	142	264		0.9140625
2595243011	GH109.hmm	2.4e-09	2	122	51	166		0.952380952380952
2595243018	GH109.hmm	7.3e-15	3	118	47	160		0.912698412698413
2595243019	CBM32.hmm	4.3e-11	14	111	185	278		0.782258064516129
2595243019	GH106.hmm	5.9e-202	91	823	332	1108		0.888349514563107
2595243020	GH43.hmm	1.7e-36	4	223	39	305		0.883064516129032
2595243022	GH109.hmm	3.3e-17	3	119	47	160		0.920634920634921
2595243025	GH2.hmm	3.6e-98	17	429	44	575		0.547872340425532
2595243026	GH109.hmm	1.1e-15	3	119	47	161		0.920634920634921
2595243028	CBM9.hmm	1.8e-39	1	182	48	269		0.994505494505495
2595243030	GH109.hmm	1.4e-13	3	120	47	162		0.928571428571429
2595243031	CE1.hmm	2e-10	22	143	532	664		0.533039647577093
2595243032	GH106.hmm	1.4e-76	5	691	50	765		0.83252427184466
2595243033	GH109.hmm	4.9e-15	3	118	47	160		0.912698412698413
2595243034	GH92.hmm	3.6e-145	2	490	249	728		0.993890020366599
2595243035	GH109.hmm	2.4e-15	3	118	47	160		0.912698412698413
2595243036	GH29.hmm	4.7e-69	15	308	14	362		0.846820809248555
2595243038	GH30.hmm	2.4e-43	263	416	1	159		0.366906474820144
2595243041	GH30.hmm	1.5e-129	12	416	76	488		0.968824940047962
2595243046	CBM6.hmm	1.4e-07	18	138	45	170		0.869565217391304
2595243046	GH16.hmm	6.2e-51	2	189	193	426		0.989417989417989
2595243048	GH16.hmm	4e-56	2	189	57	284		0.989417989417989
2595243049	GH16.hmm	2e-50	2	188	169	397		0.984126984126984
2595243050	CBM4.hmm	0.00071	11	70	134	193		0.468253968253968
2595243094	CE1.hmm	2.7e-23	7	207	180	484		0.881057268722467
2595243095	CE4.hmm	2.4e-28	5	125	25	153		0.923076923076923
2595243097	CE10.hmm	4.7e-26	74	316	40	269		0.709677419354839
2595243098	GH106.hmm	7.2e-176	3	823	32	1009		0.995145631067961
2595243099	GH141.hmm	2.8e-64	2	523	62	592		0.988614800759013
2595243101	GH109.hmm	8.5e-19	1	114	34	137		0.896825396825397
2595243102	GH109.hmm	7.6e-13	21	113	71	156		0.73015873015873
2595243116	GH29.hmm	5.1e-19	33	340	110	421		0.88728323699422
2595243136	CBM67.hmm	6.9e-35	2	165	146	321		0.926136363636364
2595243136	GH78.hmm	2e-193	4	504	353	866		0.992063492063492
2595243166	GT27.hmm	4.7e-11	2	223	6	220		0.749152542372881
2595243196	GT5.hmm	5.5e-45	1	214	5	228		0.451271186440678
2595243214	GT51.hmm	2e-61	2	175	63	242		0.977401129943503
2595243252	CBM56.hmm	4.9e-07	3	61	175	233		0.364779874213836
2595243257	CE15.hmm	3.7e-09	94	233	183	304		0.516728624535316
2595243263	CE10.hmm	1.6e-43	68	316	65	310		0.727272727272727
2595243264	CE10.hmm	6.1e-44	70	316	74	312		0.721407624633431
2595243270	GH43.hmm	4.2e-11	13	213	53	243		0.806451612903226
2595243270	GH130.hmm	2.2e-08	85	208	185	316		0.415540540540541
2595243317	GH63.hmm	4.6e-29	362	567	84	437		0.359649122807018
2595243318	GH51.hmm	2.1e-137	83	541	35	514		0.726984126984127
2595243324	GH106.hmm	1.7e-214	12	823	4	875		0.984223300970874
2595243345	GH31.hmm	2.4e-83	3	427	211	639		0.992974238875878
2595243352	GH92.hmm	8.2e-162	114	491	1	396		0.767820773930754
2595243358	GH109.hmm	1.1e-11	3	115	45	147		0.888888888888889
2595243361	CBM66.hmm	9.9e-15	2	147	34	183		0.935483870967742
2595243364	GH57.hmm	2.4e-12	4	158	29	163		0.402088772845953
2595243365	GH28.hmm	3e-67	4	314	56	401		0.953846153846154
2595243368	GH92.hmm	1.9e-173	5	491	246	729		0.989816700610998
2595243370	GH38.hmm	6.2e-15	1	183	69	254		0.676579925650558
2595243371	CBM67.hmm	6.9e-16	4	109	41	144		0.596590909090909
2595243371	GH78.hmm	6.2e-63	10	502	303	801		0.976190476190476
2595243373	PL12.hmm	0.00033	31	88	555	613		0.41304347826087
2595243376	GH32.hmm	4.9e-49	6	290	71	395		0.969283276450512
2595243379	GH32.hmm	5.9e-47	8	286	58	318		0.948805460750853
2595243381	GH29.hmm	1.6e-112	17	346	15	361		0.950867052023121
2595243384	GH78.hmm	8.2e-124	7	504	57	543		0.986111111111111
2595243400	GH3.hmm	9.8e-64	3	215	60	280		0.981481481481482
2595243421	GH109.hmm	4.6e-47	1	126	48	174		0.992063492063492
2595243430	GH20.hmm	5.5e-128	7	336	159	512		0.976261127596439
2595243434	GH13.hmm	7.1e-43	8	289	66	349		0.939799331103679
2595243439	CBM67.hmm	1.2e-36	12	167	169	348		0.880681818181818
2595243439	GH78.hmm	6.7e-131	1	503	375	869		0.996031746031746
2595243477	GT9.hmm	1.8e-38	3	216	71	322		0.946666666666667
2595243485	GT2.hmm	2e-21	2	124	5	130		0.726190476190476
2595243528	GH73.hmm	2.6e-32	2	128	40	169		0.984375
2595243528	CBM50.hmm	2e-05	4	36	229	259		0.8
2595243528	CBM50.hmm	9.7e-07	1	37	282	322		0.9
2595243639	GH109.hmm	2.6e-16	1	106	58	165		0.833333333333333
2595243640	GH109.hmm	1.7e-15	3	121	47	163		0.936507936507937
2595243662	GT2.hmm	8.9e-26	2	168	18	185		0.988095238095238
2595243663	CE3.hmm	1.1e-07	92	189	98	200		0.5
2595243666	GH95.hmm	1.1e-288	3	713	28	805		0.983379501385042
2595243668	GH29.hmm	1.1e-79	36	338	45	363		0.872832369942196
2595243671	GH20.hmm	7.3e-120	9	336	151	501		0.970326409495549
2595243671	CBM32.hmm	3.2e-07	20	108	629	731		0.709677419354839
2595243673	GH97.hmm	6.9e-156	4	630	12	628		0.992076069730586
2595243709	GH106.hmm	1.1e-69	3	651	38	715		0.786407766990291
2595243714	GH43_18.hmm	8.4e-83	2	240	61	296		0.991666666666667
2595243715	CBM67.hmm	3.1e-38	11	168	171	341		0.892045454545455
2595243715	GH78.hmm	7.4e-148	3	504	369	881		0.994047619047619
2595243748	GH2.hmm	1.5e-125	24	465	21	577		0.586436170212766
2595243749	GH2.hmm	2.8e-107	26	431	51	512		0.538563829787234
2595243755	GH2.hmm	2.2e-70	24	576	21	750		0.734042553191489
2595243756	GH27.hmm	1.4e-28	128	340	233	430		0.565333333333333
2595243775	GH13.hmm	2.9e-50	12	291	54	339		0.933110367892977
2595243795	GH2.hmm	3.3e-71	53	394	82	497		0.453457446808511
2595243796	GH28.hmm	6e-59	11	314	60	404		0.932307692307692
2595243797	CBM51.hmm	9.4e-30	2	134	28	162		0.985074626865672
2595243797	GH27.hmm	7.6e-39	1	229	270	475		0.608
2595243799	CBM51.hmm	5.2e-28	1	134	27	162		0.992537313432836
2595243799	GH27.hmm	4.5e-41	1	230	270	477		0.610666666666667
2595243800	CBM66.hmm	5.8e-09	69	146	144	228		0.496774193548387
2595243815	GH95.hmm	8.7e-72	90	713	95	714		0.862880886426593
2595243816	GH95.hmm	6.4e-273	4	719	23	773		0.990304709141274
2595243821	GH109.hmm	3.1e-14	1	125	41	160		0.984126984126984
2595243822	CBM66.hmm	5.6e-12	2	146	29	186		0.929032258064516
2595243832	AA3.hmm	2.4e-49	86	400	2	544		0.508090614886731
2595243847	CBM51.hmm	2.7e-23	3	133	38	172		0.970149253731343
2595243847	GH27.hmm	2e-27	121	338	372	570		0.578666666666667
2595243875	CE4.hmm	1.7e-23	5	122	25	130		0.9
2595243876	GH29.hmm	1.6e-70	39	340	24	317		0.869942196531792
2595243876	CBM32.hmm	3.2e-09	5	111	339	441		0.854838709677419
2595243881	CE10.hmm	5.8e-10	121	309	717	892		0.551319648093842
2595243892	CE1.hmm	3e-07	90	190	76	228		0.440528634361233
2595243894	GH53.hmm	1.8e-104	2	341	42	392		0.991228070175439
2595243897	GH2.hmm	1e-112	44	491	128	745		0.594414893617021
2595243898	CE15.hmm	2.5e-79	13	267	75	386		0.944237918215613
2595243899	GH30_8.hmm	1.6e-80	3	265	131	461		0.952727272727273
2595243901	AA6.hmm	9.5e-11	53	146	65	158		0.476923076923077
2595243905	GH2.hmm	1.5e-53	35	273	79	484		0.316489361702128
2595243906	GH36.hmm	5.1e-76	103	527	84	523		0.616279069767442
2595243910	GH51.hmm	1.2e-92	114	569	226	780		0.722222222222222
2595243914	CBM67.hmm	1.3e-06	16	91	161	239		0.426136363636364
2595244016	GH109.hmm	1.6e-26	1	122	38	162		0.96031746031746
2595244019	GH95.hmm	3.7e-262	3	717	24	711		0.988919667590028
2595244036	CBM9.hmm	1.4e-15	1	149	35	191		0.813186813186813
2595244060	GH2.hmm	9.5e-233	19	751	79	941		0.973404255319149
2595244063	GH120.hmm	9.2e-37	1	91	319	409		0.989010989010989
2595244064	GH99.hmm	3.1e-15	1	312	35	395		0.931137724550898
2595244065	CE12.hmm	2.5e-07	65	176	118	218		0.528571428571429
2595244066	GH106.hmm	3.3e-79	2	282	31	432		0.339805825242718
2595244068	GH127.hmm	6.1e-205	1	524	37	574		0.998091603053435
2595244069	CBM4.hmm	1.1e-06	1	122	81	221		0.96031746031746
2595244069	GH51.hmm	6.9e-103	80	429	194	561		0.553968253968254
2595244071	GH97.hmm	1.1e-94	9	420	15	440		0.6513470681458
2595244073	GH65.hmm	4.2e-95	3	370	309	644		0.986559139784946
2595244091	CE1.hmm	3e-07	30	143	483	623		0.497797356828194
2595244103	CBM48.hmm	5e-09	3	70	39	121		0.881578947368421
2595244103	GH13_13.hmm	1.6e-53	3	248	201	419		0.639686684073107
2595244104	GH16.hmm	2.3e-30	2	189	40	348		0.989417989417989
2595244124	GH23.hmm	5.8e-19	2	119	92	222		0.866666666666667
2595244138	GH32.hmm	1.2e-07	77	192	65	185		0.392491467576792
2595244162	GT2.hmm	1.1e-08	48	122	2	78		0.44047619047619
2595244164	CBM51.hmm	2.1e-26	3	134	25	155		0.977611940298508
2595244164	GH27.hmm	5.1e-50	1	343	262	569		0.912
2595244165	GH92.hmm	2.9e-169	2	491	279	780		0.995926680244399
2595244170	GH28.hmm	1.7e-60	6	306	61	379		0.923076923076923
2595244196	GT2.hmm	3.4e-16	1	165	54	218		0.976190476190476
2595244218	GH109.hmm	1.9e-14	3	114	47	149		0.880952380952381
2595244219	GH127.hmm	9.3e-199	1	524	34	558		0.998091603053435
2595244234	GH92.hmm	3.7e-184	5	491	161	648		0.989816700610998
2595244243	PL9.hmm	7.1e-28	11	215	7	225		0.545454545454545
2595244256	GH2.hmm	1.9e-121	18	491	22	618		0.628989361702128
2595244293	GH29.hmm	2.1e-103	35	346	22	340		0.898843930635838
2595244294	GH38.hmm	1.1e-17	1	268	132	433		0.992565055762082
2595244296	GH29.hmm	9.2e-68	40	336	31	322		0.855491329479769
2595244296	CBM32.hmm	5.2e-16	16	110	352	455		0.758064516129032
2595244296	GH15.hmm	7.1e-14	38	324	701	1002		0.792243767313019
2595244297	GH33.hmm	2.7e-36	13	146	30	163		0.388888888888889
2595244310	GH5_4.hmm	2.2e-90	3	267	167	466		0.985074626865672
2595244318	GH141.hmm	4.5e-22	12	252	140	404		0.455407969639469
2595244319	GH2.hmm	3.2e-117	71	554	19	630		0.642287234042553
2595244322	GH95.hmm	4.3e-42	6	540	61	566		0.739612188365651
2595244323	CE6.hmm	3.2e-08	3	95	175	280		0.929292929292929
2595244342	GH28.hmm	1.1e-59	10	278	70	362		0.824615384615385
2595244357	GH16.hmm	7.3e-35	2	189	43	255		0.989417989417989
2595244358	GH29.hmm	3e-89	37	346	30	337		0.893063583815029
2595244360	CBM32.hmm	2e-08	22	108	603	708		0.693548387096774
2595244361	GH2.hmm	2.5e-16	437	743	30	363		0.406914893617021
2595244374	GH92.hmm	2.4e-188	2	491	269	764		0.995926680244399
2595244380	GH32.hmm	2.8e-08	36	221	122	298		0.631399317406143
2595244381	GH2.hmm	7.3e-84	17	394	30	482		0.501329787234043
2595244382	GH36.hmm	7.5e-72	107	681	77	652		0.834302325581395
2595244385	GH33.hmm	1.4e-23	163	328	53	218		0.482456140350877
2595244387	GH109.hmm	3.4e-24	1	123	37	156		0.968253968253968
2595244393	GH2.hmm	5.2e-81	24	492	21	626		0.622340425531915
2595244417	GH109.hmm	9.6e-14	3	104	52	156		0.801587301587302
2595244418	GH109.hmm	4.4e-17	3	105	49	154		0.80952380952381
2595244429	GH106.hmm	2.8e-53	270	652	20	415		0.463592233009709
2595244429	CBM67.hmm	4.9e-18	3	131	561	676		0.727272727272727
2595244433	GH105.hmm	1.3e-08	9	134	52	168		0.376506024096386
2595244434	GH141.hmm	1.2e-42	2	284	43	353		0.535104364326376
2595244434	GH141.hmm	6.2e-10	329	523	360	547		0.368121442125237
2595244435	GH92.hmm	1.7e-144	3	491	248	757		0.993890020366599
2595244439	GH139.hmm	0	89	774	1	687		0.881595881595882
2595244440	GH43.hmm	7.2e-28	13	242	42	318		0.923387096774194
2595244441	GH43_11.hmm	3.8e-82	2	292	40	332		0.993150684931507
2595244484	CE9.hmm	7.4e-101	16	373	24	388		0.957104557640751
2595244491	CE1.hmm	2.5e-58	3	223	34	285		0.969162995594714
2595244497	GH31.hmm	2.1e-131	1	427	4	458		0.997658079625293
