2595238676	AA6.hmm	4.5e-07	24	114	28	113		0.461538461538462
2595238733	GT19.hmm	4.5e-124	1	352	10	364		0.991525423728814
2595238850	GT4.hmm	4.8e-11	9	153	226	365		0.9
2595238852	CE4.hmm	4.8e-24	22	127	40	150		0.807692307692308
2595239072	GH23.hmm	2.7e-18	11	120	200	327		0.807407407407407
2595239162	GT2.hmm	1.5e-26	1	116	4	115		0.68452380952381
2595239169	GT1.hmm	2.7e-09	155	335	2	290		0.471204188481675
2595239214	GH73.hmm	1.6e-37	4	126	187	323		0.953125
2595239227	GT2.hmm	1.6e-12	61	124	2	66		0.375
2595239228	GT2.hmm	4.7e-16	1	53	7	59		0.30952380952381
2595239229	GT4.hmm	2e-33	7	153	198	349		0.9125
2595239231	GT4.hmm	3.4e-31	11	158	215	364		0.91875
2595239232	GT4.hmm	1.6e-10	7	156	193	337		0.93125
2595239234	GT2.hmm	7.9e-20	2	166	17	189		0.976190476190476
2595239235	GT32.hmm	6.5e-20	4	87	21	95		0.922222222222222
2595239329	AA6.hmm	1.1e-09	3	114	277	370		0.569230769230769
2595239372	GT9.hmm	7.2e-45	10	219	80	333		0.928888888888889
2595239373	GT4.hmm	0.00091	6	57	176	227		0.31875
2595239374	GT4.hmm	6.5e-17	58	157	2	100		0.61875
2595239376	GT2.hmm	2.7e-18	1	115	3	107		0.678571428571429
2595239377	GT2.hmm	9.2e-21	1	98	5	104		0.577380952380952
2595239411	GT28.hmm	1.5e-49	2	150	183	340		0.942675159235669
2595239440	CBM21.hmm	2.8e-11	15	105	20	108		0.841121495327103
2595239440	CBM21.hmm	1.2e-12	16	107	137	234		0.850467289719626
2595239441	GT5.hmm	1.7e-176	1	471	3	475		0.995762711864407
2595239442	CBM48.hmm	2.6e-17	2	69	213	298		0.881578947368421
2595239442	GH13_9.hmm	3.6e-141	2	290	368	667		0.989690721649485
2595239453	cohesin.hmm	3.7e-08	3	100	29	138		0.723880597014925
2595239477	PL17.hmm	0.00043	65	110	55	99		0.323741007194245
2595239538	GT2.hmm	1.1e-20	1	122	14	132		0.720238095238095
2595239539	GT30.hmm	1.2e-70	2	176	33	210		0.983050847457627
2595239563	CBM48.hmm	7.6e-11	4	74	16	113		0.921052631578947
2595239563	GH13_11.hmm	2.7e-140	1	346	176	531		0.997109826589595
2595239607	CE1.hmm	3.1e-06	10	200	86	287		0.837004405286344
2595239650	CE1.hmm	2.6e-14	28	202	19	198		0.766519823788546
2595239658	PL22_1.hmm	2.3e-07	29	99	204	316		0.693069306930693
2595239658	PL22.hmm	9.1e-15	140	247	289	396		0.40377358490566
2595239732	GH3.hmm	2.9e-55	10	216	52	268		0.953703703703704
2595239735	GH15.hmm	8e-13	19	336	26	372		0.878116343490305
2595239766	GT4.hmm	7.3e-07	11	155	223	371		0.9
2595239770	GT4.hmm	4.5e-25	7	154	194	341		0.91875
2595239773	GT2.hmm	1.1e-23	1	132	9	143		0.779761904761905
2595239774	GT11.hmm	3.6e-77	1	276	1	292		0.996376811594203
2595239777	GT2.hmm	2.3e-19	2	163	8	160		0.958333333333333
2595239843	GH77.hmm	1.2e-162	1	480	14	477		0.969635627530364
2595239939	GH17.hmm	3.8e-30	213	310	202	302		0.311897106109325
2595239939	GT2.hmm	2.7e-26	1	166	424	594		0.982142857142857
2595239990	CE11.hmm	3.1e-117	1	270	4	275		0.992619926199262
2595240002	GH23.hmm	5.3e-11	16	121	52	177		0.777777777777778
2595240081	GT2.hmm	3.8e-31	1	128	13	143		0.755952380952381
2595240083	GT83.hmm	8.8e-97	11	363	138	503		0.651851851851852
2595240116	GT2.hmm	5e-19	2	158	14	167		0.928571428571429
2595240118	AA3.hmm	4e-19	86	397	1	522		0.503236245954693
2595240122	GT2.hmm	1.9e-14	2	118	22	137		0.69047619047619
2595240166	GH57.hmm	1.8e-79	2	303	8	420		0.785900783289817
2595240204	GH23.hmm	1.3e-10	14	121	201	328		0.792592592592593
2595240267	GH23.hmm	9.6e-27	15	121	485	611		0.785185185185185
2595240298	GT4.hmm	6.8e-16	6	159	220	375		0.95625
2595240299	PL12_3.hmm	2.4e-23	9	136	235	355		0.888111888111888
2595240300	GH109.hmm	1.2e-06	1	114	395	500		0.896825396825397
2595240301	GT2.hmm	1.6e-09	2	115	19	125		0.672619047619048
2595240303	GT4.hmm	2.3e-26	5	153	184	331		0.925
2595240304	GT4.hmm	9.6e-22	5	146	173	317		0.88125
2595240321	CE14.hmm	8.9e-13	1	115	39	191		0.919354838709677
2595240325	GT2.hmm	1.4e-32	1	168	77	244		0.994047619047619
2595240326	CE4.hmm	6.9e-29	4	125	70	232		0.930769230769231
2595240327	CE7.hmm	4.9e-51	7	308	18	306		0.961661341853035
2595240328	CE1.hmm	2e-18	67	214	69	236		0.647577092511013
2595240383	GT35.hmm	2.8e-279	1	673	112	828		0.997032640949555
2595240399	CE9.hmm	6.9e-06	2	114	7	117		0.300268096514745
2595240429	GT41.hmm	5.3e-122	123	524	118	634		0.568794326241135
2595240455	GT9.hmm	6.4e-53	2	221	55	354		0.973333333333333
2595240456	GT9.hmm	3.2e-42	7	205	75	299		0.88
2595240489	GH73.hmm	1.2e-22	11	127	886	1009		0.90625
2595240495	GH23.hmm	2.5e-07	17	118	28	191		0.748148148148148
2595240602	GH109.hmm	1.6e-13	2	120	5	111		0.936507936507937
2595240612	CBM50.hmm	0.00016	2	40	47	89		0.95
2595240633	GT2.hmm	6.2e-29	1	163	4	170		0.964285714285714
2595240634	GT4.hmm	1.1e-28	13	155	228	374		0.8875
2595240663	GH23.hmm	2.8e-31	14	122	89	197		0.8
2595240671	GH23.hmm	7.7e-24	3	124	241	380		0.896296296296296
2595240735	CBM40.hmm	8e-07	79	155	40	117		0.424581005586592
2595240759	GT4.hmm	1.6e-32	8	159	215	371		0.94375
2595240769	GT2.hmm	1.5e-20	2	118	5	122		0.69047619047619
2595240798	GT4.hmm	1.6e-18	9	157	182	315		0.925
2595240881	CE3.hmm	6.1e-15	3	188	23	190		0.95360824742268
2595240970	AA6.hmm	6.3e-65	1	193	3	190		0.984615384615385
2595241018	GT4.hmm	3.8e-36	12	153	203	346		0.88125
2595241022	GH23.hmm	7.2e-25	2	129	113	258		0.940740740740741
2595241022	CBM50.hmm	7.1e-10	1	40	368	410		0.975
2595241022	CBM50.hmm	3.4e-09	1	39	451	493		0.95
2595241022	CBM50.hmm	7.9e-09	1	39	512	554		0.95
2595241049	GH3.hmm	1e-65	3	216	113	341		0.986111111111111
2595241078	GH5_45.hmm	3.6e-154	3	300	55	352		0.99
2595241141	GH103.hmm	1.5e-69	8	207	85	291		0.674576271186441
2595241174	GH23.hmm	9e-06	3	50	241	288		0.348148148148148
2595241189	GH17.hmm	6.9e-29	23	309	82	317		0.919614147909968
2595241241	GT41.hmm	5.8e-124	120	530	373	899		0.581560283687943
2595241359	CBM50.hmm	6.7e-13	1	39	34	80		0.95
2595241503	GT51.hmm	2.7e-60	9	176	138	309		0.943502824858757
