2595263728	GH23.hmm	3.3e-19	14	105	297	416		0.674074074074074
2595263763	CE1.hmm	2.9e-07	6	209	16	217		0.894273127753304
2595263941	GT83.hmm	2.7e-92	9	363	18	387		0.655555555555556
2595263956	GT35.hmm	1.1e-286	3	673	112	827		0.99406528189911
2595263996	GT41.hmm	7.4e-07	13	227	136	364		0.30354609929078
2595264000	GT104.hmm	8.3e-106	3	376	3	390		0.984168865435356
2595264019	AA12.hmm	8.9e-11	82	218	155	286		0.339152119700748
2595264090	PL22.hmm	3e-08	112	211	172	274		0.373584905660377
2595264090	PL22.hmm	1.4e-12	107	237	266	385		0.490566037735849
2595264108	GT4.hmm	1.6e-33	8	157	208	357		0.93125
2595264117	AA4.hmm	9.2e-24	35	194	20	179		0.304597701149425
2595264196	GT35.hmm	2.7e-98	210	556	171	497		0.513353115727003
2595264206	GH3.hmm	1.9e-54	9	215	57	281		0.953703703703704
2595264273	GT19.hmm	6.5e-132	1	353	4	361		0.994350282485876
2595264319	GT83.hmm	5.5e-21	12	278	28	295		0.492592592592593
2595264440	AA6.hmm	6.7e-64	2	193	4	192		0.979487179487179
2595264445	CBM50.hmm	1.2e-10	1	39	66	108		0.95
2595264536	GT2.hmm	7.1e-26	1	167	13	175		0.988095238095238
2595264578	CE3.hmm	4.6e-14	3	186	14	179		0.943298969072165
2595264591	GT41.hmm	1.5e-129	84	523	145	702		0.622695035460993
2595264644	CE1.hmm	9.4e-13	23	208	18	205		0.814977973568282
2595264720	CBM50.hmm	2.2e-05	1	40	193	247		0.975
2595264724	GH23.hmm	4.3e-24	3	125	160	299		0.903703703703704
2595264724	CBM50.hmm	0.00027	3	33	392	426		0.75
2595264724	CBM50.hmm	7.8e-09	1	38	496	536		0.925
2595264724	CBM50.hmm	4.2e-15	1	37	557	596		0.9
2595264774	GT5.hmm	1.5e-167	1	471	10	488		0.995762711864407
