2582683088	dockerin.hmm	1.7e-05	1	21	56	76		0.952380952380952
2582683111	CE14.hmm	2.9e-16	1	119	6	115		0.951612903225806
2582683149	GT2.hmm	4.1e-09	3	168	6	192		0.982142857142857
2582683150	GT2.hmm	6.9e-10	2	144	6	144		0.845238095238095
2582683151	GT4.hmm	1.9e-37	7	154	220	367		0.91875
2582683152	GT2.hmm	5.1e-22	4	128	7	139		0.738095238095238
2582683155	GT26.hmm	2.2e-54	2	171	71	246		0.988304093567251
2582683157	GH109.hmm	3.3e-12	54	122	38	102		0.53968253968254
2582683159	GT26.hmm	1.4e-35	65	171	51	161		0.619883040935672
2582683213	GT2.hmm	2.9e-17	2	165	9	167		0.970238095238095
2582683230	GT4.hmm	5.5e-30	12	159	256	405		0.91875
2582683268	GT84.hmm	1.5e-103	1	215	1381	1595		0.995348837209302
2582683295	dockerin.hmm	3.9e-07	1	21	1552	1572		0.952380952380952
2582683295	dockerin.hmm	6e-06	1	21	1591	1611		0.952380952380952
2582683335	GH109.hmm	1.2e-11	25	125	54	151		0.793650793650794
2582683340	GH78.hmm	5e-08	206	403	326	570		0.390873015873016
2582683341	CE7.hmm	2.8e-08	48	197	571	718		0.476038338658147
2582683354	AA7.hmm	4.9e-14	14	152	40	179		0.301310043668122
2582683367	GT83.hmm	4.1e-12	65	297	103	320		0.42962962962963
2582683444	AA3.hmm	7e-44	86	407	5	532		0.519417475728155
2582683461	GH92.hmm	2.6e-161	3	485	286	796		0.981670061099796
2582683462	GH3.hmm	3e-64	8	215	142	365		0.958333333333333
2582683513	CE7.hmm	3e-14	83	291	179	376		0.664536741214057
2582683520	GH33.hmm	3.3e-84	9	342	46	387		0.973684210526316
2582683521	GH76.hmm	7.5e-06	152	261	54	163		0.304469273743017
2582683522	CE1.hmm	6e-18	10	208	325	502		0.872246696035242
2582683527	CBM23.hmm	7.7e-07	19	161	39	186		0.876543209876543
2582683614	GT4.hmm	2.8e-28	9	147	201	336		0.8625
2582683641	CBM51.hmm	2e-06	40	134	299	392		0.701492537313433
2582683653	GH25.hmm	6.4e-25	2	175	35	277		0.977401129943503
2582683730	CE14.hmm	2.1e-21	2	115	12	109		0.911290322580645
2582683747	GH109.hmm	1.4e-10	1	124	40	168		0.976190476190476
2582683796	CE14.hmm	1.5e-09	2	42	333	373		0.32258064516129
2582683835	GT6.hmm	1.5e-34	44	257	2	210		0.760714285714286
2582683835	GT11.hmm	1.7e-40	2	275	246	528		0.989130434782609
2582683839	CE12.hmm	2.5e-06	70	166	441	545		0.457142857142857
2582683839	CBM32.hmm	7.7e-07	36	106	1494	1566		0.564516129032258
2582683879	GH109.hmm	1.3e-20	2	112	45	148		0.873015873015873
2582683906	GT2.hmm	1.1e-30	1	168	55	217		0.994047619047619
2582683921	GH109.hmm	8.2e-20	3	117	45	152		0.904761904761905
2582683938	GH33.hmm	1e-10	24	248	51	303		0.654970760233918
2582683971	GH109.hmm	0.00014	1	41	56	95		0.317460317460317
2582683971	GH109.hmm	1.5e-15	32	125	107	200		0.738095238095238
2582684019	CE1.hmm	6.9e-10	27	133	53	152		0.466960352422908
2582684025	CE4.hmm	2.1e-15	5	126	44	215		0.930769230769231
2582684059	GH29.hmm	6.9e-07	96	249	65	269		0.442196531791907
2582684105	GH10.hmm	6e-08	46	300	210	496		0.838283828382838
2582684182	GT25.hmm	1.5e-36	3	180	19	201		0.977900552486188
2582684195	GT5.hmm	1.7e-170	9	470	1	474		0.976694915254237
2582684199	CBM9.hmm	2.3e-18	1	181	17	221		0.989010989010989
2582684205	GT39.hmm	4.1e-11	64	197	96	227		0.596412556053812
2582684211	GH109.hmm	2.6e-19	2	125	6	119		0.976190476190476
2582684229	CE3.hmm	2.9e-07	85	192	123	234		0.551546391752577
2582684236	CBM66.hmm	5e-10	3	147	37	199		0.929032258064516
2582684255	CBM6.hmm	0.00061	35	85	543	595		0.36231884057971
2582684259	CBM13.hmm	3.5e-06	38	148	213	322		0.585106382978723
2582684260	CBM51.hmm	8.1e-10	12	134	319	454		0.91044776119403
2582684266	GH109.hmm	3.1e-21	4	124	45	161		0.952380952380952
2582684307	CE1.hmm	1.6e-13	6	141	450	596		0.594713656387665
2582684322	dockerin.hmm	0.00011	1	21	4492	4512		0.952380952380952
2582684322	dockerin.hmm	1.3e-08	1	21	4533	4553		0.952380952380952
2582684323	dockerin.hmm	1.1e-06	1	21	415	435		0.952380952380952
2582684323	dockerin.hmm	9.4e-06	1	21	457	477		0.952380952380952
2582684324	dockerin.hmm	4.5e-05	1	21	52	72		0.952380952380952
2582684324	dockerin.hmm	2.6e-08	1	21	94	114		0.952380952380952
2582684331	GH109.hmm	1.9e-14	1	118	36	167		0.928571428571429
2582684380	GH5_13.hmm	1.4e-113	1	275	67	343		0.996363636363636
2582684387	CBM38.hmm	1.9e-22	2	128	612	741		0.976744186046512
2582684387	CBM66.hmm	1.3e-10	3	150	1758	1908		0.948387096774194
2582684394	AA3.hmm	1.2e-46	87	400	2	520		0.506472491909385
2582684426	GT26.hmm	9.4e-56	5	170	104	272		0.964912280701754
2582684437	GT4.hmm	6.7e-25	10	156	244	398		0.9125
2582684446	GH109.hmm	2.7e-15	2	119	60	172		0.928571428571429
2582684447	GH33.hmm	5.5e-38	25	330	61	370		0.891812865497076
2582684448	GH33.hmm	9.3e-44	55	326	74	355		0.792397660818713
2582684453	GH140.hmm	4.5e-152	2	412	16	432		0.995145631067961
2582684461	GH33.hmm	1.5e-16	31	338	70	396		0.89766081871345
2582684464	GH33.hmm	1e-08	29	139	103	329		0.321637426900585
2582684468	GH109.hmm	1.5e-15	1	119	34	140		0.936507936507937
2582684481	GH33.hmm	1e-10	24	248	51	303		0.654970760233918
2582684496	GH109.hmm	1.7e-17	1	121	49	185		0.952380952380952
2582684499	GH109.hmm	7.1e-21	1	122	6	118		0.96031746031746
2582684501	GT2.hmm	1.9e-20	2	125	27	155		0.732142857142857
2582684501	GT83.hmm	4.9e-51	6	376	391	754		0.685185185185185
2582684513	GT4.hmm	2.9e-06	5	94	220	307		0.55625
2582684514	GT4.hmm	1.4e-36	4	159	183	336		0.96875
2582684541	CBM48.hmm	3.1e-07	3	74	25	111		0.934210526315789
2582684541	CBM48.hmm	2e-19	2	68	129	214		0.868421052631579
2582684541	GH13_9.hmm	3.3e-146	2	290	285	584		0.989690721649485
2582684568	GH57.hmm	5.1e-58	2	300	9	284		0.778067885117493
2582684584	GH63.hmm	1.6e-19	363	564	301	743		0.352631578947368
2582684602	CE1.hmm	7.2e-27	5	223	56	283		0.960352422907489
2582684616	PL10.hmm	9e-98	1	287	78	373		0.996515679442509
2582684684	CE15.hmm	4.3e-22	7	267	103	426		0.966542750929368
2582684738	CBM22.hmm	2.4e-16	13	130	273	394		0.893129770992366
2582684787	GH109.hmm	9.9e-10	2	121	11	134		0.944444444444444
2582684826	GT4.hmm	6.4e-37	5	157	188	338		0.95
2582684827	CE4.hmm	1.4e-24	4	120	83	221		0.892307692307692
2582684896	GH109.hmm	9.5e-15	1	122	37	151		0.96031746031746
2582684901	CBM66.hmm	2.1e-06	3	142	55	234		0.896774193548387
2582684920	CBM66.hmm	2.3e-06	28	155	280	428		0.819354838709677
2582684949	AA4.hmm	4.9e-14	4	182	53	236		0.340996168582375
2582684972	CBM48.hmm	1.2e-11	2	70	17	111		0.894736842105263
2582684972	GH13_11.hmm	1.9e-147	1	346	172	524		0.997109826589595
2582684985	GT35.hmm	7.4e-276	1	673	103	817		0.997032640949555
2582684987	GH77.hmm	6e-173	1	489	12	499		0.987854251012146
2582685008	CBM38.hmm	1e-08	48	129	482	562		0.627906976744186
2582685016	PL1_12.hmm	0.00019	5	69	137	201		0.355555555555556
2582685047	CBM66.hmm	3.5e-09	2	146	33	191		0.929032258064516
2582685047	CBM66.hmm	3.8e-13	2	147	223	384		0.935483870967742
2582685061	CBM67.hmm	0.00035	30	88	291	347		0.329545454545455
2582685084	GH109.hmm	8.5e-13	1	119	42	150		0.936507936507937
2582685111	CE6.hmm	4.6e-08	5	92	229	307		0.878787878787879
2582685111	CE2.hmm	1.2e-06	81	205	627	756		0.593301435406699
2582685118	GT2.hmm	2.3e-27	1	167	4	165		0.988095238095238
2582685146	GH109.hmm	2.3e-06	1	109	46	161		0.857142857142857
2582685177	CE9.hmm	1e-75	47	344	4	309		0.796246648793566
2582685212	AA7.hmm	4.4e-27	11	201	42	240		0.414847161572052
2582685217	GH109.hmm	4.9e-12	2	122	40	153		0.952380952380952
2582685293	GH109.hmm	3.6e-17	1	118	45	160		0.928571428571429
2582685307	GH33.hmm	5.7e-22	15	325	679	976		0.906432748538012
2582685360	CBM66.hmm	3.7e-13	3	147	40	192		0.929032258064516
2582685365	GT30.hmm	0.0004	46	108	5	72		0.350282485875706
2582685374	dockerin.hmm	5.2e-06	1	21	650	670		0.952380952380952
2582685374	dockerin.hmm	0.00025	4	21	692	709		0.80952380952381
2582685384	CE7.hmm	2e-13	46	203	108	273		0.501597444089457
2582685384	CE15.hmm	7.8e-10	103	268	230	381		0.613382899628253
2582685446	GH109.hmm	1.3e-13	1	105	41	150		0.825396825396825
2582685481	CE1.hmm	3.3e-31	5	222	55	286		0.955947136563877
2582685484	PL22.hmm	6.7e-06	127	216	129	246		0.335849056603774
2582685484	GH33.hmm	4.7e-34	27	307	454	727		0.818713450292398
2582685558	dockerin.hmm	1e-06	1	21	2621	2641		0.952380952380952
2582685558	dockerin.hmm	0.00039	1	21	2660	2680		0.952380952380952
2582685559	dockerin.hmm	5.6e-08	1	21	1750	1770		0.952380952380952
2582685559	dockerin.hmm	4e-07	1	21	1789	1809		0.952380952380952
2582685560	dockerin.hmm	6.8e-05	1	21	646	666		0.952380952380952
2582685567	dockerin.hmm	4.3e-08	1	21	671	691		0.952380952380952
2582685586	GH16.hmm	3.3e-46	2	189	37	262		0.989417989417989
2582685595	GT4.hmm	2e-31	8	158	204	354		0.9375
2582685621	GT35.hmm	5.5e-278	1	673	109	822		0.997032640949555
2582685634	GH109.hmm	1.2e-10	1	118	38	146		0.928571428571429
2582685664	GH109.hmm	1.2e-11	1	125	7	133		0.984126984126984
2582685674	CBM47.hmm	1.3e-24	2	101	563	664		0.7734375
2582685686	GH109.hmm	2.3e-11	58	124	63	129		0.523809523809524
2582685700	CE10.hmm	3.5e-30	65	316	36	273		0.736070381231672
2582685709	CE14.hmm	2.9e-16	1	119	6	115		0.951612903225806
2582685715	PL25.hmm	1.2e-16	235	414	666	852		0.412442396313364
2582685727	GH109.hmm	6.7e-16	1	112	35	142		0.880952380952381
2582685747	CE1.hmm	3.3e-08	101	208	559	685		0.47136563876652
2582685786	PL9_1.hmm	7.4e-07	73	240	392	574		0.623134328358209
2582685788	GH33.hmm	2.9e-80	13	330	35	374		0.926900584795322
2582685792	GT2.hmm	5.1e-21	1	117	55	176		0.69047619047619
2582685808	CE10.hmm	2.1e-34	68	314	42	291		0.721407624633431
2582685810	GH30.hmm	2.2e-133	9	417	96	505		0.97841726618705
2582685811	GH84.hmm	1.9e-82	2	281	10	301		0.945762711864407
2582685819	GH109.hmm	6.7e-10	2	124	7	127		0.968253968253968
2582685839	AA3.hmm	9.3e-50	89	402	104	622		0.506472491909385
2582685878	PL9_1.hmm	2.1e-12	19	225	42	226		0.76865671641791
2582685903	CE11.hmm	5.8e-74	1	269	7	275		0.988929889298893
2582685905	GH109.hmm	2e-11	1	123	4	114		0.968253968253968
2582685923	GT9.hmm	3.3e-35	3	207	79	312		0.906666666666667
2582685938	CE14.hmm	2.7e-21	1	124	6	115		0.991935483870968
2582685985	GH109.hmm	1.2e-20	2	117	48	161		0.912698412698413
2582686059	dockerin.hmm	0.00029	1	21	32	52		0.952380952380952
2582686059	dockerin.hmm	5.5e-08	1	21	68	88		0.952380952380952
2582686061	GH109.hmm	1.2e-20	2	122	40	152		0.952380952380952
2582686095	GH29.hmm	4e-06	98	238	52	205		0.404624277456647
2582686149	CE1.hmm	4e-15	10	143	64	200		0.585903083700441
2582686154	CBM66.hmm	6.1e-07	28	148	86	219		0.774193548387097
2582686265	CE1.hmm	5.1e-27	3	143	51	242		0.616740088105727
2582686307	GT4.hmm	6.3e-29	12	151	241	378		0.86875
2582686308	GT4.hmm	2.1e-39	12	158	209	355		0.9125
2582686376	GT2.hmm	5.2e-24	2	167	6	164		0.982142857142857
2582686408	GH33.hmm	3.7e-14	51	325	85	362		0.801169590643275
2582686425	PL22_1.hmm	6.3e-07	4	98	220	315		0.930693069306931
2582686444	GH109.hmm	2.5e-22	3	123	49	166		0.952380952380952
2582686495	CE10.hmm	1.5e-16	77	320	1047	1275		0.712609970674487
2582686497	GH109.hmm	1.9e-09	3	122	23	133		0.944444444444444
2582686509	CBM6.hmm	1.5e-20	30	136	793	904		0.768115942028985
2582686513	CE14.hmm	3.1e-13	1	66	6	69		0.524193548387097
2582686524	CE1.hmm	3.4e-15	9	143	37	227		0.590308370044053
2582686549	CBM66.hmm	1.2e-09	3	155	96	249		0.980645161290323
2582686643	CE10.hmm	9.1e-48	71	312	136	489		0.706744868035191
2582686647	CBM67.hmm	6.3e-34	1	176	33	180		0.994318181818182
2582686685	GT19.hmm	6.6e-107	1	350	9	365		0.985875706214689
2582686687	GH109.hmm	1.3e-12	21	120	12	112		0.785714285714286
2582686715	CBM9.hmm	2.8e-10	1	159	450	616		0.868131868131868
2582686741	CE4.hmm	1.3e-23	4	126	470	600		0.938461538461538
2582686743	AA3.hmm	4.7e-59	90	406	5	467		0.511326860841424
2582686747	CE1.hmm	1.4e-28	9	213	182	477		0.898678414096916
2582686753	CE10.hmm	8.1e-18	80	319	390	628		0.700879765395894
2582686803	GH109.hmm	5.5e-16	1	122	4	123		0.96031746031746
2582686809	CE15.hmm	3.2e-95	2	266	75	463		0.981412639405205
2582686849	CE2.hmm	1.1e-07	91	206	117	231		0.550239234449761
2582686875	CE10.hmm	1.4e-24	67	315	31	291		0.727272727272727
2582686917	GH109.hmm	1.8e-14	2	109	37	132		0.849206349206349
2582686924	dockerin.hmm	3.4e-08	1	21	932	952		0.952380952380952
2582686924	dockerin.hmm	9e-10	1	21	971	991		0.952380952380952
2582686942	GH109.hmm	7.3e-10	1	110	50	163		0.865079365079365
2582686992	GT83.hmm	2.1e-12	47	221	86	254		0.322222222222222
2582687011	GH33.hmm	4.1e-32	22	326	48	377		0.888888888888889
2582687013	GT83.hmm	1e-12	9	220	56	267		0.390740740740741
2582687021	CE1.hmm	1.5e-29	5	218	105	360		0.938325991189427
2582687071	GH109.hmm	1.5e-21	1	120	2	112		0.944444444444444
2582687077	GT2.hmm	4.8e-18	1	122	17	137		0.720238095238095
2582687079	GT4.hmm	7.7e-10	70	151	215	295		0.50625
2582687081	GT33.hmm	8.7e-07	17	196	13	191		0.421176470588235
2582687081	GT4.hmm	2.5e-15	5	159	201	360		0.9625
2582687084	CE4.hmm	5.7e-06	23	127	116	215		0.8
2582687134	GT2.hmm	5.1e-30	2	167	16	181		0.982142857142857
2582687174	GH20.hmm	1.4e-94	8	336	358	780		0.973293768545994
2582687181	GH74.hmm	1.4e-05	47	120	138	208		0.313304721030043
2582687181	CBM9.hmm	1.1e-09	2	149	889	1038		0.807692307692308
2582687252	CE1.hmm	1.9e-17	5	208	468	695		0.894273127753304
