2582946811	GH109.hmm	1.4e-14	1	120	54	167		0.944444444444444
2582946827	GT2.hmm	4e-17	1	138	6	142		0.81547619047619
2582946829	GT2.hmm	3e-24	1	165	5	164		0.976190476190476
2582946832	GH95.hmm	2.5e-248	12	719	61	752		0.979224376731302
2582946886	GT2.hmm	7.4e-29	1	167	18	181		0.988095238095238
2582946907	GH74.hmm	2.5e-13	39	114	134	216		0.321888412017167
2582946951	GH32.hmm	1.2e-80	1	293	52	342		0.996587030716723
2582947025	GT83.hmm	1.6e-13	7	366	13	371		0.664814814814815
2582947050	GH5_13.hmm	7.1e-38	6	145	58	203		0.505454545454545
2582947051	GH130.hmm	7.1e-101	1	295	3	330		0.993243243243243
2582947053	GH5.hmm	1.5e-18	22	243	45	349		0.803636363636364
2582947065	GH141.hmm	1.1e-90	318	527	7	228		0.396584440227704
2582947066	CBM67.hmm	1.4e-35	1	173	141	321		0.977272727272727
2582947066	GH78.hmm	7.1e-149	3	503	346	865		0.992063492063492
2582947068	GH2.hmm	1.2e-129	36	747	26	796		0.945478723404255
2582947093	GH29.hmm	2.6e-96	13	345	22	423		0.959537572254335
2582947094	GH29.hmm	6.3e-92	13	345	30	421		0.959537572254335
2582947096	GH29.hmm	2.3e-90	23	346	32	414		0.933526011560694
2582947104	GH2.hmm	1.5e-65	24	384	30	471		0.478723404255319
2582947105	GH2.hmm	4.9e-118	27	465	35	552		0.582446808510638
2582947168	GT28.hmm	2.2e-42	2	156	204	364		0.980891719745223
2582947170	CBM50.hmm	1.1e-12	1	40	109	152		0.975
2582947170	CBM50.hmm	5.1e-15	1	40	175	217		0.975
2582947244	GT83.hmm	7.4e-21	14	212	18	221		0.366666666666667
2582947244	GT83.hmm	4.2e-06	175	364	257	421		0.35
2582947251	CBM32.hmm	0.00078	47	106	133	202		0.475806451612903
2582947281	GT35.hmm	6.8e-264	1	674	125	836		0.998516320474777
2582947351	GT2.hmm	1.9e-19	1	114	6	120		0.672619047619048
2582947353	GT9.hmm	8.8e-37	3	202	70	305		0.884444444444444
2582947355	GH13.hmm	2.8e-22	13	259	167	430		0.822742474916388
2582947355	GH133.hmm	2.6e-87	8	372	1083	1465		0.978494623655914
2582947424	CE1.hmm	9.2e-06	27	140	34	136		0.497797356828194
2582947426	CE16.hmm	1.9e-10	100	264	91	270		0.614232209737828
2582947463	CE4.hmm	2.9e-14	5	125	38	172		0.923076923076923
2582947463	GH9.hmm	9.6e-82	2	418	356	828		0.995215311004785
2582947484	CBM50.hmm	1e-09	1	40	198	241		0.975
2582947495	GH50.hmm	2.1e-106	78	647	106	601		0.871362940275651
2582947497	CBM4.hmm	4.6e-07	1	121	70	205		0.952380952380952
2582947497	GH51.hmm	1.4e-77	115	432	217	551		0.503174603174603
2582947498	CBM32.hmm	4.6e-23	10	123	141	255		0.911290322580645
2582947519	GT5.hmm	2.6e-177	1	471	2	477		0.995762711864407
2582947521	CE6.hmm	4.1e-10	3	95	59	164		0.929292929292929
2582947563	GT2.hmm	9e-23	1	165	43	213		0.976190476190476
2582947570	CE10.hmm	2e-39	78	316	41	268		0.697947214076246
2582947572	CBM50.hmm	3.6e-12	1	40	117	159		0.975
2582947604	GH27.hmm	1.1e-27	124	268	27	214		0.384
2582947604	GH2.hmm	1.7e-123	26	465	462	1001		0.583776595744681
2582947606	GH2.hmm	2e-99	24	471	411	994		0.594414893617021
2582947615	CE3.hmm	1.5e-15	53	189	98	243		0.701030927835051
2582947661	GH29.hmm	6.2e-76	24	338	18	335		0.907514450867052
2582947663	GH39.hmm	2.6e-90	3	216	13	227		0.494199535962877
2582947697	PL12.hmm	1.9e-08	8	94	385	484		0.623188405797101
2582947706	GH109.hmm	8.7e-07	1	124	4	125		0.976190476190476
2582947717	GH74.hmm	3e-06	12	115	122	220		0.44206008583691
2582947724	GH5_25.hmm	2.2e-91	4	261	78	368		0.980916030534351
2582947730	CE10.hmm	3.1e-38	42	310	50	306		0.785923753665689
2582947748	GH109.hmm	7.8e-25	2	120	42	164		0.936507936507937
2582947787	GH28.hmm	3.9e-91	6	321	44	404		0.969230769230769
2582947788	GH28.hmm	2.9e-74	6	296	69	419		0.892307692307692
2582947803	GH78.hmm	4.8e-21	330	484	1	143		0.305555555555556
2582947834	GH109.hmm	2e-07	1	118	5	113		0.928571428571429
2582947840	CBM51.hmm	2e-45	2	134	27	161		0.985074626865672
2582947840	GH27.hmm	2e-18	125	240	378	503		0.306666666666667
2582947846	GH27.hmm	1.1e-22	136	266	1	176		0.346666666666667
2582947846	GH27.hmm	1.8e-13	144	342	162	347		0.528
2582947855	CE1.hmm	9.3e-21	7	143	37	188		0.599118942731278
2582947861	GH13_38.hmm	8.9e-09	228	371	17	153		0.38031914893617
2582947947	GH142.hmm	3.7e-114	2	286	54	330		0.592901878914405
2582947950	PL1_2.hmm	7.8e-56	2	176	149	339		0.988636363636364
2582947951	PL1_2.hmm	2.7e-50	2	176	129	319		0.988636363636364
2582947952	PL1_2.hmm	2.4e-48	2	176	358	551		0.988636363636364
2582947955	GH141.hmm	2.2e-112	2	315	56	392		0.59392789373814
2582947971	GH130.hmm	4.7e-89	2	295	43	338		0.989864864864865
2582947975	GH29.hmm	3.3e-12	99	255	32	239		0.450867052023121
2582947995	GH76.hmm	7.7e-56	29	329	38	330		0.837988826815642
2582947995	CBM40.hmm	0.00018	88	173	483	561		0.474860335195531
2582947995	CBM40.hmm	0.00023	86	170	792	869		0.46927374301676
2582948026	GT2.hmm	3.3e-13	2	166	107	288		0.976190476190476
2582948044	GH20.hmm	2e-42	9	336	93	407		0.970326409495549
2582948101	CBM67.hmm	1.8e-32	2	176	22	173		0.988636363636364
2582948101	CBM67.hmm	1.1e-40	13	173	183	354		0.909090909090909
2582948101	GH78.hmm	8.4e-179	1	503	375	889		0.996031746031746
2582948105	GH109.hmm	9.1e-22	1	119	44	158		0.936507936507937
2582948111	CE6.hmm	0.00096	5	55	174	222		0.505050505050505
2582948111	CE6.hmm	2.4e-05	61	98	284	319		0.373737373737374
2582948114	GH2.hmm	2.7e-108	30	448	33	539		0.555851063829787
2582948115	GH50.hmm	9.3e-85	291	652	116	454		0.552833078101072
2582948116	CE6.hmm	0.00025	63	97	293	325		0.343434343434343
2582948117	GH29.hmm	1.2e-85	22	346	35	418		0.936416184971098
2582948118	GH27.hmm	1.1e-47	1	233	117	333		0.618666666666667
2582948122	CE10.hmm	6.1e-34	64	316	119	389		0.73900293255132
2582948167	GH29.hmm	4.4e-107	11	346	11	353		0.968208092485549
2582948171	GH2.hmm	2.6e-104	27	467	33	582		0.585106382978723
2582948172	GH106.hmm	2e-235	94	823	348	1142		0.884708737864078
2582948188	GH109.hmm	1.2e-09	3	113	37	138		0.873015873015873
2582948195	CE1.hmm	2.5e-09	26	140	15	130		0.502202643171806
2582948207	GT2.hmm	4e-11	2	107	13	117		0.625
2582948216	CBM67.hmm	3.9e-43	11	171	191	369		0.909090909090909
2582948217	GH10.hmm	1.1e-88	2	302	33	351		0.99009900990099
2582948219	GH3.hmm	1.7e-75	3	215	112	360		0.981481481481482
2582948220	GH35.hmm	5.7e-111	1	306	40	348		0.993485342019544
2582948220	CBM32.hmm	1.6e-11	10	69	699	769		0.475806451612903
2582948234	CBM50.hmm	4.5e-10	1	40	25	73		0.975
2582948245	PL8_3.hmm	2.6e-21	2	234	901	1144		0.928
2582948258	GH109.hmm	1.5e-14	2	121	40	152		0.944444444444444
2582948276	CBM38.hmm	6.1e-32	4	128	171	296		0.961240310077519
2582948276	GH81.hmm	2.4e-94	77	567	322	840		0.787781350482315
2582948338	CE12.hmm	8.1e-09	3	209	58	250		0.980952380952381
2582948339	GH43_5.hmm	2.5e-95	2	276	59	348		0.992753623188406
2582948363	GT83.hmm	3.1e-17	6	389	9	391		0.709259259259259
2582948388	CBM8.hmm	9.5e-40	1	143	38	181		0.993006993006993
2582948388	GH44.hmm	1.4e-163	2	513	192	709		0.994163424124514
2582948414	CBM4.hmm	1.4e-08	1	122	74	212		0.96031746031746
2582948414	GH51.hmm	3.8e-97	112	433	220	562		0.509523809523809
2582948514	GH1.hmm	1e-101	4	428	8	412		0.988344988344988
2582948515	GT28.hmm	1.2e-08	58	130	208	276		0.45859872611465
2582948572	PL22_1.hmm	1.9e-07	4	89	240	321		0.841584158415842
2582948609	GH32.hmm	2.2e-18	17	282	262	516		0.904436860068259
2582948609	CBM66.hmm	1.5e-06	8	155	548	692		0.948387096774194
2582948609	PL6.hmm	2.7e-07	6	159	1137	1288		0.411290322580645
2582948629	CBM8.hmm	4.1e-35	2	142	30	172		0.979020979020979
2582948629	GH51.hmm	4.5e-33	139	358	219	458		0.347619047619048
2582948634	GH3.hmm	3.2e-78	2	215	101	324		0.986111111111111
2582948635	GH109.hmm	3.1e-16	3	118	52	160		0.912698412698413
2582948681	GH114.hmm	2.7e-28	37	190	2	196		0.805263157894737
2582948703	CE7.hmm	9.4e-21	48	218	49	216		0.543130990415335
2582948703	CE15.hmm	3.5e-19	98	268	154	340		0.631970260223048
2582948726	GT83.hmm	1.4e-42	10	291	13	283		0.52037037037037
2582948742	GH63.hmm	9.3e-14	362	565	428	876		0.356140350877193
2582948744	GH109.hmm	7.4e-21	1	121	42	158		0.952380952380952
2582948756	GH36.hmm	2.4e-186	2	686	47	712		0.994186046511628
2582948760	CE1.hmm	2.8e-31	7	222	33	323		0.947136563876652
2582948763	GH109.hmm	2.3e-19	1	122	9	134		0.96031746031746
2582948770	GH92.hmm	1.9e-186	2	491	246	746		0.995926680244399
2582948771	CBM13.hmm	6.2e-13	4	137	38	177		0.707446808510638
2582948807	CE6.hmm	0.00012	61	92	297	326		0.313131313131313
2582948812	GH23.hmm	2.6e-26	16	122	182	302		0.785185185185185
2582948813	CE11.hmm	1.9e-97	1	257	4	259		0.944649446494465
2582948819	PL1.hmm	5.2e-06	59	124	266	334		0.321782178217822
2582948820	GH142.hmm	8.1e-98	268	478	1	210		0.438413361169102
2582948858	GH95.hmm	1.9e-256	5	610	28	646		0.837950138504155
2582948859	GH2.hmm	5.2e-112	46	554	5	679		0.675531914893617
2582948864	GH137.hmm	3.2e-130	4	334	28	355		0.970588235294118
2582948870	GH29.hmm	4e-65	43	335	47	346		0.84393063583815
2582948870	CBM47.hmm	2.6e-09	9	125	392	504		0.90625
2582948871	CBM66.hmm	3.3e-09	38	153	107	224		0.741935483870968
2582948871	GH51.hmm	8.7e-87	115	542	346	760		0.677777777777778
2582948872	GH95.hmm	1.5e-298	4	719	32	757		0.990304709141274
2582948873	GH29.hmm	1.3e-71	112	346	1	225		0.676300578034682
2582948919	GT11.hmm	1.1e-20	7	256	16	295		0.902173913043478
2582948943	GH51.hmm	3e-112	111	629	206	803		0.822222222222222
2582948944	GH127.hmm	1.5e-43	61	523	105	545		0.881679389312977
2582948945	CBM22.hmm	8.2e-06	2	126	53	181		0.946564885496183
2582948945	GH51.hmm	7e-102	102	428	178	529		0.517460317460318
2582948962	GH25.hmm	4.7e-39	2	172	32	234		0.96045197740113
2582949039	CBM67.hmm	1.3e-25	2	176	162	314		0.988636363636364
2582949039	CBM67.hmm	2.6e-38	14	172	325	494		0.897727272727273
2582949039	GH78.hmm	2.1e-172	1	503	516	1032		0.996031746031746
2582949075	GT30.hmm	9.7e-59	5	176	36	215		0.966101694915254
2582949133	CE3.hmm	2.4e-12	33	186	52	215		0.788659793814433
2582949138	GH105.hmm	1.1e-103	55	331	5	308		0.831325301204819
2582949139	GH105.hmm	1.2e-93	9	332	47	362		0.97289156626506
2582949168	GH115.hmm	7.7e-227	11	696	25	783		0.982783357245337
2582949194	CBM48.hmm	6.4e-06	3	68	23	102		0.855263157894737
2582949194	CBM48.hmm	2.7e-18	2	67	126	208		0.855263157894737
2582949194	GH13_9.hmm	2.7e-141	2	290	280	579		0.989690721649485
2582949200	GT9.hmm	2.5e-44	4	212	78	309		0.924444444444444
2582949203	GT9.hmm	6.6e-33	3	202	87	317		0.884444444444444
2582949204	GT2.hmm	7.9e-16	1	133	6	129		0.785714285714286
2582949205	GT4.hmm	6.7e-10	6	146	214	355		0.875
2582949206	GT9.hmm	4e-39	3	205	80	303		0.897777777777778
2582949274	GH5_41.hmm	1.2e-56	2	200	78	327		0.99
2582949275	GH76.hmm	7.2e-06	137	262	31	165		0.349162011173184
2582949277	GH2.hmm	7.8e-98	30	464	34	636		0.577127659574468
2582949279	CE12.hmm	1.7e-09	33	163	75	217		0.619047619047619
2582949281	GH117.hmm	3.2e-09	4	93	96	190		0.421800947867299
2582949284	CE6.hmm	9.2e-06	5	60	182	235		0.555555555555556
2582949284	CE6.hmm	1.5e-05	62	97	298	333		0.353535353535354
2582949284	GH32.hmm	5e-64	1	290	643	948		0.986348122866894
2582949326	GT4.hmm	5.4e-31	2	158	197	353		0.975
2582949330	GT2.hmm	1.3e-31	2	166	6	168		0.976190476190476
2582949373	GH57.hmm	2.5e-80	2	278	7	392		0.720626631853786
2582949378	GH42.hmm	9.5e-127	1	370	6	392		0.994609164420485
2582949399	GT2.hmm	9.6e-21	2	128	9	135		0.75
2582949400	CE4.hmm	1.5e-30	5	108	85	191		0.792307692307692
2582949424	GH127.hmm	1.3e-131	1	406	47	465		0.772900763358779
2582949425	GH138.hmm	0	34	894	1	864		0.948180815876516
2582949426	GH140.hmm	2.6e-14	8	274	119	380		0.645631067961165
2582949486	GH135.hmm	8.7e-46	1	235	23	242		0.987341772151899
2582949534	CE1.hmm	2.5e-37	7	220	38	296		0.938325991189427
2582949585	CE10.hmm	3.5e-38	58	277	28	238		0.642228739002933
2582949586	CE10.hmm	2.1e-52	61	317	57	306		0.750733137829912
2582949587	CE3.hmm	3e-08	53	184	84	217		0.675257731958763
2582949588	GH50.hmm	3.5e-81	294	652	114	449		0.548238897396631
2582949597	AA6.hmm	5.9e-46	2	194	4	186		0.984615384615385
2582949602	GH74.hmm	4.9e-06	33	109	418	493		0.32618025751073
2582949602	GH74.hmm	0.00013	37	111	469	537		0.317596566523605
2582949602	GH74.hmm	1.7e-06	47	118	521	586		0.304721030042918
2582949602	GH74.hmm	2.6e-08	44	123	560	633		0.339055793991416
2582949602	GH74.hmm	6.8e-07	44	126	602	677		0.351931330472103
2582949622	GT9.hmm	1.5e-63	4	218	74	323		0.951111111111111
2582949645	PL1_2.hmm	7.1e-15	92	176	2	106		0.477272727272727
2582949646	GH43_18.hmm	1.1e-72	2	239	79	305		0.9875
2582949658	GH109.hmm	6e-12	3	125	6	118		0.968253968253968
2582949660	GH31.hmm	3.4e-130	1	427	229	716		0.997658079625293
2582949661	GH33.hmm	2.2e-36	14	325	38	334		0.909356725146199
2582949693	GH20.hmm	6.7e-94	8	238	159	413		0.682492581602374
2582949702	GH109.hmm	7.1e-11	55	119	63	127		0.507936507936508
2582949706	GH109.hmm	3.4e-10	2	122	46	156		0.952380952380952
2582949714	GH109.hmm	1.2e-19	2	123	47	164		0.96031746031746
2582949715	CBM32.hmm	2.5e-12	7	115	76	202		0.870967741935484
2582949719	GH109.hmm	4.4e-12	2	120	6	122		0.936507936507937
2582949742	CE1.hmm	4.6e-06	53	143	95	231		0.39647577092511
2582949762	AA7.hmm	3.5e-23	12	240	38	276		0.497816593886463
2582949775	CE1.hmm	1e-35	9	208	46	234		0.876651982378855
2582949817	GH50.hmm	5.4e-132	11	652	103	698		0.981623277182236
2582949818	CBM32.hmm	3.6e-06	35	114	167	261		0.637096774193548
2582949818	CBM67.hmm	4.5e-35	12	172	333	503		0.909090909090909
2582949818	GH78.hmm	2.7e-103	18	503	537	1034		0.962301587301587
2582949821	CE6.hmm	3.7e-05	62	97	294	329		0.353535353535354
2582949822	GH116.hmm	1.7e-52	97	362	456	741		0.730027548209366
2582949824	CE3.hmm	1e-44	2	194	30	221		0.989690721649485
2582949825	GH29.hmm	2.9e-58	141	346	2	213		0.592485549132948
2582949825	GH29.hmm	3.4e-56	24	338	310	627		0.907514450867052
2582949854	GH8.hmm	1.4e-75	3	319	63	408		0.9875
2582949864	AA7.hmm	7.5e-126	3	458	26	453		0.993449781659389
2582949896	GH78.hmm	5.1e-06	143	303	321	498		0.317460317460317
2582949900	GH3.hmm	6.4e-58	3	201	168	378		0.916666666666667
2582949901	GH92.hmm	9.6e-132	2	491	232	704		0.995926680244399
2582949902	GH109.hmm	2e-23	2	123	30	147		0.96031746031746
2582949905	CE12.hmm	1.7e-14	3	170	35	198		0.795238095238095
2582949937	GH16.hmm	4.8e-57	2	189	270	515		0.989417989417989
2582949937	CBM57.hmm	1.2e-31	2	147	616	756		0.986394557823129
2582949938	GH16.hmm	2.8e-58	2	189	44	277		0.989417989417989
2582949939	CBM11.hmm	9.9e-05	25	84	74	138		0.361963190184049
2582949941	GH2.hmm	3.8e-16	246	550	32	404		0.404255319148936
2582949964	GH32.hmm	8.1e-10	12	172	262	429		0.546075085324232
2582949966	GH2.hmm	1e-107	23	521	9	628		0.662234042553192
2582949967	GH120.hmm	9.1e-35	2	91	321	410		0.978021978021978
2582949975	PL7.hmm	3.3e-55	1	231	37	250		0.995670995670996
2582950007	GT9.hmm	2.6e-61	3	221	77	358		0.968888888888889
2582950014	GH13.hmm	1.7e-12	17	150	366	588		0.444816053511706
2582950015	GH13_15.hmm	1.8e-07	32	131	95	198		0.348591549295775
2582950016	GH119.hmm	1.7e-52	110	447	87	420		0.314953271028037
2582950016	CBM53.hmm	1.9e-17	3	87	701	783		0.96551724137931
2582950018	GH13.hmm	7.4e-65	12	297	79	423		0.953177257525084
2582950018	CBM57.hmm	2.9e-25	3	146	768	917		0.972789115646258
2582950020	CBM20.hmm	1.4e-14	2	81	2	84		0.877777777777778
2582950020	CBM20.hmm	2.7e-09	4	87	138	226		0.922222222222222
2582950020	GH77.hmm	3.8e-149	1	484	250	891		0.977732793522267
2582950022	GH13.hmm	2.6e-54	6	289	50	330		0.946488294314381
2582950024	CBM20.hmm	0.00056	11	66	365	431		0.611111111111111
2582950042	GT2.hmm	2.4e-16	2	118	11	128		0.69047619047619
2582950063	GT35.hmm	4.9e-110	210	553	269	645		0.508902077151335
2582950069	CE7.hmm	2.1e-08	159	301	248	390		0.453674121405751
2582950070	CBM48.hmm	4.8e-14	2	70	31	118		0.894736842105263
2582950070	GH13_13.hmm	1.3e-61	61	263	230	431		0.527415143603133
2582950079	GH95.hmm	6.5e-84	93	713	111	703		0.858725761772853
2582950080	CE10.hmm	8.3e-41	66	314	28	265		0.727272727272727
2582950087	GH42.hmm	1.2e-123	2	370	8	383		0.991913746630728
2582950088	GH43_12.hmm	3.1e-115	1	289	3	283		0.996539792387543
2582950090	CE12.hmm	7.8e-55	2	210	126	339		0.990476190476191
2582950093	CE6.hmm	0.00066	4	43	168	205		0.393939393939394
2582950093	CE6.hmm	6.9e-05	62	96	280	314		0.343434343434343
2582950094	GH43_11.hmm	1.3e-138	2	292	5	306		0.993150684931507
2582950106	GH51.hmm	1.2e-86	105	432	307	643		0.519047619047619
2582950145	GH5_7.hmm	7e-58	7	260	78	397		0.973076923076923
2582950146	CBM35.hmm	9.7e-15	1	121	30	141		0.975609756097561
2582950146	GH26.hmm	6.8e-84	2	303	160	459		0.993399339933993
2582950154	GH109.hmm	0.0005	2	45	30	72		0.341269841269841
2582950165	GT2.hmm	2.2e-19	1	162	4	158		0.958333333333333
2582950169	GH28.hmm	8.7e-62	9	309	59	416		0.923076923076923
2582950170	GH105.hmm	1.2e-79	8	331	87	430		0.97289156626506
2582950174	GH5_7.hmm	1.6e-88	3	260	64	340		0.988461538461539
2582950174	CBM2.hmm	8e-14	5	99	502	595		0.930693069306931
2582950175	CBM2.hmm	3.2e-14	3	99	24	119		0.95049504950495
2582950175	GH5_1.hmm	6.7e-84	1	258	252	580		0.996124031007752
2582950175	GH9.hmm	4.4e-134	2	418	945	1382		0.995215311004785
2582950175	CBM3.hmm	4.3e-16	2	88	1407	1491		0.977272727272727
2582950176	GH28.hmm	1.8e-10	97	276	212	405		0.550769230769231
2582950177	GH74.hmm	4.4e-06	44	117	52	168		0.313304721030043
2582950193	PL4.hmm	2.9e-61	5	313	24	366		0.54320987654321
2582950193	PL4.hmm	7.5e-52	327	560	459	691		0.410934744268078
2582950198	GH2.hmm	6.4e-108	26	401	65	484		0.498670212765957
2582950198	CBM67.hmm	2.6e-08	15	87	658	731		0.409090909090909
2582950203	CBM32.hmm	0.00055	47	106	467	524		0.475806451612903
2582950206	GH95.hmm	1.5e-292	5	719	25	751		0.988919667590028
2582950217	GT4.hmm	7.9e-30	8	159	214	363		0.94375
2582950226	GT4.hmm	2.3e-35	4	159	224	387		0.96875
2582950228	GT2.hmm	2.1e-18	2	116	8	119		0.678571428571429
2582950230	GT8.hmm	5.7e-08	30	256	4	247		0.879377431906615
2582950236	GT26.hmm	1e-63	4	171	73	243		0.976608187134503
2582950237	GT4.hmm	2.9e-34	7	155	197	346		0.925
2582950244	PL17_2.hmm	1e-23	10	137	156	266		0.920289855072464
2582950244	PL17_2.hmm	5.2e-49	1	137	385	522		0.985507246376812
2582950248	CBM66.hmm	2e-15	28	151	89	213		0.793548387096774
2582950263	GH63.hmm	1.6e-15	354	562	333	787		0.364912280701754
2582950297	GT19.hmm	1e-68	108	352	16	263		0.689265536723164
2582950298	CBM40.hmm	7.7e-07	93	174	189	268		0.452513966480447
2582950299	GH50.hmm	2.8e-72	292	650	557	882		0.548238897396631
2582950318	GT4.hmm	3.8e-26	7	159	193	341		0.95
2582950320	GT2.hmm	2.8e-21	1	121	7	123		0.714285714285714
2582950399	GH109.hmm	4.3e-24	1	115	45	155		0.904761904761905
2582950446	GH5.hmm	6.6e-12	29	233	50	339		0.741818181818182
2582950447	GH130.hmm	8.8e-100	1	295	3	330		0.993243243243243
2582950512	GH43.hmm	5.9e-52	2	246	20	295		0.983870967741935
2582950512	CBM6.hmm	3.1e-15	19	137	318	437		0.855072463768116
2582950513	GH120.hmm	6.4e-35	2	91	289	378		0.978021978021978
2582950515	GH16.hmm	5.5e-44	3	189	33	276		0.984126984126984
2582950532	CBM32.hmm	0.00055	59	104	34	79		0.362903225806452
2582950535	GT2.hmm	9.2e-21	2	168	9	172		0.988095238095238
2582950540	GH109.hmm	9.8e-20	2	121	46	162		0.944444444444444
2582950550	GH29.hmm	1.7e-60	108	339	51	317		0.667630057803468
2582950557	GH109.hmm	2.2e-18	1	123	46	164		0.968253968253968
2582950558	GH109.hmm	5.7e-17	1	117	41	159		0.920634920634921
2582950559	GH5_7.hmm	2e-57	9	260	83	399		0.965384615384615
2582950569	PL12.hmm	2.8e-06	9	137	1178	1322		0.927536231884058
2582950579	GT2.hmm	1.4e-23	16	167	2	154		0.898809523809524
2582950581	GT4.hmm	2.7e-15	12	155	223	359		0.89375
2582950583	GT27.hmm	1.3e-18	1	224	4	226		0.75593220338983
2582950584	GT2.hmm	2.7e-15	2	114	8	129		0.666666666666667
2582950585	CE4.hmm	3.8e-34	9	127	92	228		0.907692307692308
2582950586	GT33.hmm	3e-07	17	189	326	498		0.404705882352941
2582950586	GT4.hmm	1.4e-22	6	157	513	668		0.94375
2582950590	GH109.hmm	5.7e-14	58	122	23	87		0.507936507936508
2582950595	GT83.hmm	9e-100	17	486	2	477		0.868518518518518
2582950599	GT2.hmm	3.7e-20	2	165	9	170		0.970238095238095
2582950607	CE6.hmm	2.7e-10	1	98	117	228		0.97979797979798
2582950608	GH43.hmm	1.5e-44	11	247	33	329		0.951612903225806
2582950609	GH2.hmm	2e-100	23	393	54	501		0.492021276595745
2582950674	GT39.hmm	3.5e-06	58	215	76	251		0.704035874439462
2582950706	CE12.hmm	4.9e-79	1	210	65	275		0.995238095238095
2582950707	CBM16.hmm	0.00061	2	38	581	617		0.310344827586207
2582950710	CBM37.hmm	9.4e-07	8	60	1308	1363		0.838709677419355
2582950712	GH105.hmm	3.8e-64	9	331	230	571		0.969879518072289
2582950737	GT4.hmm	2.3e-28	8	157	53	202		0.93125
2582950739	GT4.hmm	1.3e-08	7	147	162	301		0.875
2582950744	GT9.hmm	1.3e-35	3	212	79	292		0.928888888888889
2582950750	PL17_1.hmm	7e-05	1	75	670	748		0.548148148148148
2582950751	CBM67.hmm	7.9e-36	13	172	157	329		0.903409090909091
2582950751	GH78.hmm	6.6e-148	5	502	357	867		0.986111111111111
2582950776	GH32.hmm	5.3e-60	1	287	68	357		0.976109215017065
2582950779	GH5_10.hmm	1.3e-106	1	288	38	344		0.993079584775087
2582950779	CBM35.hmm	2.1e-18	1	123	471	588		0.991869918699187
2582950780	CBM35.hmm	7.4e-15	1	122	28	139		0.983739837398374
2582950781	GH5_41.hmm	7e-52	2	200	98	366		0.99
2582950784	GH2.hmm	4.2e-83	27	329	36	391		0.401595744680851
2582950801	GH2.hmm	1.5e-122	27	473	21	615		0.593085106382979
2582950802	GH16.hmm	3.9e-18	10	176	218	412		0.878306878306878
2582950803	CBM32.hmm	1e-23	9	122	53	178		0.911290322580645
2582950804	GH43_24.hmm	8.4e-57	49	240	6	231		0.782786885245902
2582950899	CBM48.hmm	3.6e-09	11	73	18	86		0.815789473684211
2582950930	GH43_18.hmm	5.9e-32	28	238	1	234		0.875
2582950931	GH139.hmm	1e-206	20	775	31	779		0.971685971685972
2582950931	CBM32.hmm	8.8e-19	9	122	803	913		0.911290322580645
2582950958	GT21.hmm	7.2e-54	1	233	47	278		0.995708154506438
2582950975	PL11.hmm	4.8e-138	4	572	19	581		0.937293729372937
2582950980	GH43_10.hmm	1.6e-71	1	262	45	312		0.99618320610687
2582951000	GT2.hmm	2.5e-16	3	168	9	176		0.982142857142857
2582951020	GT9.hmm	1.9e-21	7	213	94	335		0.915555555555556
2582951023	GT2.hmm	3.9e-11	1	105	8	121		0.619047619047619
2582951025	GT11.hmm	2.6e-62	3	276	5	300		0.989130434782609
2582951026	GT2.hmm	2.3e-22	5	136	27	156		0.779761904761905
2582951027	GT4.hmm	8.3e-19	22	154	212	347		0.825
2582951054	GH2.hmm	1.7e-51	25	330	25	392		0.405585106382979
2582951063	GH20.hmm	1.3e-25	14	252	178	428		0.706231454005935
2582951076	GH16.hmm	1.5e-29	2	189	35	257		0.989417989417989
2582951087	GH2.hmm	2e-73	23	413	21	509		0.518617021276596
2582951087	CBM32.hmm	1.3e-20	10	122	932	1057		0.903225806451613
2582951088	GH120.hmm	4.6e-38	2	91	306	395		0.978021978021978
2582951090	GH140.hmm	2.3e-51	2	208	115	326		0.5
2582951107	GH109.hmm	1e-17	1	120	48	163		0.944444444444444
2582951154	CBM32.hmm	3.1e-06	13	110	191	299		0.782258064516129
2582951154	GH106.hmm	1.2e-174	95	660	350	904		0.685679611650485
2582951192	GT26.hmm	2.2e-64	1	171	57	230		0.994152046783626
2582951193	GT4.hmm	6.2e-21	6	150	222	376		0.9
2582951199	GT2.hmm	2.4e-15	1	125	4	123		0.738095238095238
2582951211	GH29.hmm	6.2e-103	28	346	32	341		0.919075144508671
2582951213	PL22.hmm	1.1e-06	76	160	215	292		0.316981132075472
2582951214	GH95.hmm	6.6e-237	3	718	33	790		0.990304709141274
2582951215	GH29.hmm	3.7e-92	27	345	29	370		0.919075144508671
2582951216	GH30.hmm	1.8e-64	13	416	155	548		0.966426858513189
2582951217	CBM67.hmm	1.6e-33	4	167	44	206		0.926136363636364
2582951217	GH78.hmm	1e-57	88	504	306	744		0.825396825396825
2582951218	CBM67.hmm	9e-34	2	170	58	226		0.954545454545455
2582951218	GH78.hmm	2.7e-80	5	503	260	742		0.988095238095238
2582951220	CE6.hmm	1.5e-09	13	97	101	200		0.848484848484849
2582951252	GH109.hmm	4.4e-24	1	120	41	156		0.944444444444444
2582951256	GH109.hmm	8.8e-20	3	117	39	153		0.904761904761905
2582951259	GH109.hmm	4.8e-15	6	117	82	184		0.880952380952381
2582951268	GH28.hmm	2e-49	59	320	172	481		0.803076923076923
2582951269	GH16.hmm	2.4e-34	3	189	258	476		0.984126984126984
2582951286	GH23.hmm	1.6e-20	11	126	48	186		0.851851851851852
2582951288	GH106.hmm	6.7e-211	94	823	313	1074		0.884708737864078
2582951293	GT2.hmm	6.7e-25	1	166	4	170		0.982142857142857
2582951299	GH29.hmm	5.8e-23	34	333	19	321		0.864161849710983
2582951312	GH16.hmm	9.1e-25	30	189	15	209		0.841269841269841
2582951313	CE12.hmm	1.3e-68	1	210	172	377		0.995238095238095
2582951346	GH3.hmm	4e-70	2	216	98	321		0.990740740740741
2582951347	GH16.hmm	2.8e-29	3	189	328	571		0.984126984126984
2582951347	GH16.hmm	1.1e-26	3	189	1264	1509		0.984126984126984
2582951348	GH140.hmm	9.2e-151	2	412	32	463		0.995145631067961
2582951349	GH39.hmm	1.2e-105	53	431	95	504		0.877030162412993
2582951350	GH42.hmm	1.3e-19	202	369	197	372		0.450134770889488
2582951351	GH5_13.hmm	7.5e-116	1	275	53	326		0.996363636363636
2582951367	GH31.hmm	7e-51	148	420	1	263		0.637002341920375
2582951368	PL12.hmm	4.1e-27	1	138	978	1129		0.992753623188406
2582951379	CE7.hmm	7.3e-70	10	305	13	304		0.942492012779553
2582951382	GH106.hmm	1.7e-51	91	527	23	453		0.529126213592233
2582951382	CBM66.hmm	7.2e-05	106	154	466	513		0.309677419354839
2582951382	CBM66.hmm	5.5e-05	14	90	543	614		0.490322580645161
2582951394	GH125.hmm	2.9e-180	1	402	44	444		0.997512437810945
2582951400	CBM66.hmm	2.1e-08	10	155	50	223		0.935483870967742
2582951402	GH109.hmm	5.9e-51	1	126	40	165		0.992063492063492
2582951422	GH43.hmm	1.4e-58	3	246	39	318		0.979838709677419
2582951422	CBM32.hmm	3e-22	7	109	346	451		0.82258064516129
2582951423	PL1_2.hmm	2.3e-27	9	176	79	240		0.948863636363636
2582951424	GH29.hmm	4.3e-91	22	345	21	367		0.933526011560694
2582951430	GH137.hmm	3.1e-20	128	334	130	329		0.605882352941176
2582951431	GH28.hmm	3.2e-18	70	303	116	385		0.716923076923077
2582951434	PL15.hmm	1.4e-14	23	134	438	549		0.828358208955224
2582951438	GH53.hmm	1.8e-90	2	250	14	260		0.725146198830409
2582951439	CBM51.hmm	1.2e-45	2	134	23	156		0.985074626865672
2582951439	GH27.hmm	8.3e-19	125	240	371	502		0.306666666666667
2582951441	GH109.hmm	4.1e-19	1	118	40	156		0.928571428571429
2582951443	GH28.hmm	5.1e-63	8	312	74	429		0.935384615384615
2582951444	CBM32.hmm	1.4e-06	35	110	172	264		0.604838709677419
2582951444	CBM67.hmm	4e-38	13	165	339	502		0.863636363636364
2582951444	GH78.hmm	1.7e-144	2	504	532	1046		0.996031746031746
2582951446	GH29.hmm	2.2e-99	25	345	49	416		0.92485549132948
2582951446	CBM32.hmm	8.2e-19	10	122	541	667		0.903225806451613
2582951448	GH42.hmm	4.1e-111	2	369	40	401		0.98921832884097
2582951449	GH95.hmm	5e-08	313	635	343	647		0.445983379501385
2582951461	GH2.hmm	2.1e-96	25	543	23	664		0.688829787234043
2582951462	GH43_24.hmm	1.7e-63	2	239	50	316		0.971311475409836
2582951463	GH35.hmm	4e-110	1	306	43	351		0.993485342019544
2582951463	CBM32.hmm	4.9e-12	11	69	703	772		0.467741935483871
2582951464	CBM40.hmm	0.00024	92	174	343	420		0.458100558659218
2582951464	CBM67.hmm	0.00086	58	131	704	765		0.414772727272727
2582951465	GH128.hmm	5.7e-42	12	224	238	448		0.946428571428571
2582951491	PL12.hmm	2.9e-25	1	138	991	1142		0.992753623188406
2582951492	GH31.hmm	1.5e-82	30	420	154	546		0.913348946135831
2582951494	GH3.hmm	1.2e-71	2	215	117	345		0.986111111111111
2582951512	GH110.hmm	2.4e-30	48	460	57	472		0.751824817518248
2582951518	CBM32.hmm	0.00012	37	108	131	205		0.57258064516129
2582951545	CBM67.hmm	8.1e-08	8	101	748	849		0.528409090909091
2582951546	CBM40.hmm	8.2e-07	87	168	374	453		0.452513966480447
2582951562	CBM67.hmm	9.9e-25	11	171	152	320		0.909090909090909
2582951562	GH78.hmm	1.1e-137	2	503	343	877		0.994047619047619
2582951564	GH99.hmm	5.1e-11	51	159	56	178		0.323353293413174
2582951565	CE6.hmm	1.8e-07	3	97	185	293		0.94949494949495
2582951571	GH3.hmm	1.9e-69	2	216	119	349		0.990740740740741
2582951573	GH109.hmm	1.1e-18	2	122	36	154		0.952380952380952
2582951577	PL7.hmm	1.4e-46	1	231	34	279		0.995670995670996
2582951581	GH2.hmm	8.2e-118	22	527	22	669		0.671542553191489
2582951583	CBM16.hmm	6.8e-09	3	113	147	278		0.948275862068966
2582951583	CBM16.hmm	3.1e-10	1	80	459	547		0.681034482758621
2582951584	GH16.hmm	3.8e-06	7	159	34	179		0.804232804232804
2582951588	GH141.hmm	3.5e-108	2	524	24	520		0.990512333965844
2582951588	GH136.hmm	2.1e-08	240	388	451	598		0.30142566191446
2582951589	GH109.hmm	7.1e-14	2	118	41	148		0.920634920634921
2582951600	GH29.hmm	8.7e-75	29	345	48	409		0.913294797687861
2582951602	CE3.hmm	1.1e-18	2	193	37	233		0.984536082474227
2582951615	GH78.hmm	3.7e-27	83	256	95	283		0.343253968253968
2582951616	CBM67.hmm	6e-24	14	124	6	123		0.625
2582951617	PL1_2.hmm	2.1e-30	2	175	63	246		0.982954545454545
2582951618	GH30.hmm	4.8e-63	12	415	214	603		0.966426858513189
2582951626	CBM44.hmm	2.7e-06	18	59	235	276		0.640625
2582951627	CBM44.hmm	0.00015	17	61	783	827		0.6875
2582951630	GH141.hmm	4.3e-26	2	279	27	349		0.52561669829222
2582951630	GH141.hmm	7.8e-09	325	523	350	544		0.375711574952562
2582951632	GH141.hmm	6.2e-16	43	285	1	270		0.459203036053131
