2582742541	CE10.hmm	5.3e-27	70	216	45	237		0.428152492668622
2582742569	CBM44.hmm	7.7e-06	4	61	196	249		0.890625
2582742573	AA6.hmm	1.9e-06	26	132	27	136		0.543589743589744
2582742579	CBM62.hmm	0.00027	69	124	91	145		0.419847328244275
2582742664	GT28.hmm	8.2e-10	49	139	244	333		0.573248407643312
2582742671	GT4.hmm	9.9e-22	6	157	201	353		0.94375
2582742672	GT4.hmm	1.1e-22	12	150	217	346		0.8625
2582742675	CE4.hmm	5.9e-19	9	118	77	213		0.838461538461538
2582742677	GT4.hmm	1.5e-18	8	153	176	316		0.90625
2582742705	GH13.hmm	3.2e-58	12	297	171	493		0.953177257525084
2582742706	CBM20.hmm	9.4e-06	16	66	177	232		0.555555555555556
2582742706	CBM20.hmm	6.8e-06	1	86	278	357		0.944444444444444
2582742706	CBM20.hmm	7.6e-10	3	76	382	459		0.811111111111111
2582742716	GT2.hmm	4.9e-22	1	128	11	138		0.755952380952381
2582742720	GT2.hmm	1.4e-18	2	115	6	116		0.672619047619048
2582742722	GT28.hmm	9.7e-07	14	108	237	327		0.598726114649682
2582742733	CBM56.hmm	1.4e-05	1	51	219	268		0.314465408805031
2582742746	GH13.hmm	2e-56	8	297	329	674		0.966555183946488
2582742748	GH13.hmm	2.4e-47	12	290	61	340		0.929765886287625
2582742754	GT4.hmm	4.6e-09	3	70	191	264		0.41875
2582742761	GT9.hmm	7.7e-42	6	217	69	304		0.937777777777778
2582742779	CBM44.hmm	0.00034	21	62	685	728		0.640625
2582742779	CBM44.hmm	3.6e-06	24	62	1951	1987		0.59375
2582742779	CBM44.hmm	1e-05	20	62	2030	2070		0.65625
2582742789	GT2.hmm	1.1e-16	2	100	7	103		0.583333333333333
2582742804	GT2.hmm	3e-31	1	168	7	168		0.994047619047619
2582742810	dockerin.hmm	0.00058	1	18	479	496		0.80952380952381
2582742811	CBM44.hmm	3.8e-05	4	61	262	317		0.890625
2582742813	CBM48.hmm	6.7e-16	3	67	94	176		0.842105263157895
2582742813	GH13_9.hmm	1.2e-136	1	290	248	548		0.993127147766323
2582742857	CBM44.hmm	2.7e-05	17	56	785	822		0.609375
2582742859	CBM37.hmm	2.6e-05	10	58	476	526		0.774193548387097
2582742859	CBM37.hmm	0.00016	7	59	563	616		0.838709677419355
2582742933	GT2.hmm	1.8e-12	29	138	19	125		0.648809523809524
2582742936	CBM20.hmm	7.6e-07	3	66	283	345		0.7
2582742936	CBM20.hmm	1.7e-08	1	66	396	460		0.722222222222222
2582742936	CBM20.hmm	0.00049	15	66	529	577		0.566666666666667
2582742936	CBM20.hmm	6.6e-08	2	70	628	696		0.755555555555556
2582742936	CBM20.hmm	3.9e-06	1	64	740	801		0.7
2582742938	GH74.hmm	8.8e-06	76	147	66	134		0.304721030042918
2582742938	GH74.hmm	7.7e-13	40	110	129	202		0.300429184549356
2582742938	GH74.hmm	4.9e-13	42	114	240	314		0.309012875536481
2582742938	GH74.hmm	6.5e-08	30	128	367	556		0.420600858369099
2582742938	GH74.hmm	9.5e-09	49	129	648	724		0.343347639484979
2582742940	GT2.hmm	3.2e-21	1	137	4	138		0.80952380952381
2582742949	GT2.hmm	6.2e-31	1	130	3	131		0.767857142857143
2582742998	CE3.hmm	3.4e-16	37	183	65	224		0.752577319587629
2582743000	GT2.hmm	1.9e-19	1	167	4	188		0.988095238095238
2582743004	GT4.hmm	4.6e-11	8	153	196	343		0.90625
2582743005	GT2.hmm	3e-21	1	100	7	103		0.589285714285714
2582743018	PL22_1.hmm	0.00035	45	93	260	306		0.475247524752475
2582743032	GH74.hmm	1.3e-12	35	113	135	217		0.334763948497854
2582743032	GH74.hmm	4.8e-09	39	127	322	418		0.377682403433476
2582743032	GH74.hmm	2.7e-07	26	117	589	680		0.390557939914163
2582743048	CE10.hmm	3.9e-17	76	310	468	689		0.686217008797654
2582743065	AA2.hmm	1.3e-15	9	117	120	230		0.423529411764706
2582743065	AA2.hmm	1e-13	23	253	505	769		0.901960784313726
2582743076	GT22.hmm	1.1e-31	1	359	31	424		0.920308483290488
2582743170	GT51.hmm	2.4e-47	12	176	37	208		0.926553672316384
2582743199	CBM50.hmm	1.3e-12	1	38	280	321		0.925
2582743200	CE14.hmm	2.5e-26	1	124	8	113		0.991935483870968
2582743209	CBM40.hmm	9.3e-08	87	173	415	496		0.480446927374302
2582743218	CBM50.hmm	5.1e-09	1	40	49	91		0.975
2582743218	CBM50.hmm	4.2e-11	1	40	114	156		0.975
2582743218	CBM50.hmm	6.3e-11	1	40	172	214		0.975
2582743224	CE10.hmm	4.2e-17	81	190	60	196		0.319648093841642
2582743273	AA4.hmm	4.3e-26	17	245	11	230		0.436781609195402
2582743298	GH74.hmm	1.1e-07	42	118	47	117		0.32618025751073
2582743298	GH74.hmm	1.8e-05	41	115	129	196		0.317596566523605
2582743298	GH74.hmm	3.4e-05	43	113	213	276		0.300429184549356
2582743298	GH74.hmm	0.00059	47	118	389	454		0.304721030042918
2582743302	CBM20.hmm	2.5e-07	4	80	23	101		0.844444444444444
2582743302	CE1.hmm	1.2e-40	3	220	141	370		0.955947136563877
2582743326	GT83.hmm	1.8e-33	10	363	33	400		0.653703703703704
2582743330	GT2.hmm	4.8e-28	1	166	7	175		0.982142857142857
2582743345	GT2.hmm	8.6e-29	1	125	6	127		0.738095238095238
2582743346	GT2.hmm	5e-25	1	126	7	135		0.744047619047619
2582743348	GH130.hmm	2.6e-12	33	210	107	307		0.597972972972973
2582743349	GH32.hmm	1.2e-07	55	170	78	205		0.392491467576792
2582743361	GH74.hmm	1.8e-09	52	143	102	197		0.390557939914163
2582743361	GH74.hmm	4e-07	30	137	582	691		0.459227467811159
2582743369	CBM44.hmm	8.1e-08	21	59	768	804		0.59375
2582743381	GT83.hmm	1.9e-13	67	363	83	411		0.548148148148148
2582743383	GT2.hmm	1.8e-20	4	123	9	135		0.708333333333333
2582743405	CE1.hmm	7.7e-06	28	143	57	186		0.506607929515419
2582743443	GT51.hmm	5.8e-48	17	175	73	231		0.892655367231638
2582743473	GH74.hmm	1.8e-12	26	111	197	279		0.36480686695279
2582743573	GH2.hmm	6.6e-95	35	510	30	680		0.631648936170213
2582743574	GT2.hmm	3.7e-18	1	133	9	145		0.785714285714286
2582743578	GT2.hmm	2.9e-15	1	157	5	160		0.928571428571429
2582743581	GT46.hmm	4.6e-20	8	264	8	254		0.719101123595506
2582743584	GT13.hmm	1.3e-12	61	199	3	136		0.349367088607595
2582743593	GT28.hmm	3.1e-49	1	157	190	348		0.993630573248408
2582743625	CBM44.hmm	0.00082	23	58	300	334		0.546875
2582743652	GT2.hmm	7.9e-20	1	166	43	208		0.982142857142857
2582743662	CBM44.hmm	0.00025	21	62	157	197		0.640625
2582743662	CBM44.hmm	8.3e-05	18	57	437	476		0.609375
2582743662	CBM44.hmm	4.4e-06	23	52	786	814		0.453125
2582743668	GH92.hmm	2.1e-150	7	424	259	676		0.84928716904277
2582743668	CBM32.hmm	3.8e-11	7	107	814	932		0.806451612903226
2582743684	CE1.hmm	1.8e-50	1	221	32	266		0.969162995594714
2582743692	GH65.hmm	8.1e-143	1	370	322	701		0.991935483870968
2582743719	GH74.hmm	5.7e-06	76	168	74	168		0.394849785407725
2582743719	GH74.hmm	4.5e-10	44	151	203	320		0.459227467811159
2582743719	GH74.hmm	4.3e-07	47	138	648	744		0.390557939914163
2582743719	GH74.hmm	5.1e-10	47	141	753	842		0.40343347639485
2582743810	CBM44.hmm	0.00017	6	57	183	232		0.796875
2582743829	CBM44.hmm	3.1e-05	13	61	130	176		0.75
2582743829	CBM44.hmm	1.2e-05	24	62	227	266		0.59375
2582743829	CBM44.hmm	2.9e-05	2	58	461	516		0.875
2582743829	CBM44.hmm	5.1e-06	24	59	649	683		0.546875
2582743829	CBM44.hmm	0.00063	21	61	1094	1134		0.625
2582743887	GH74.hmm	1.6e-06	37	121	279	358		0.360515021459227
2582743887	GH74.hmm	8.9e-09	41	122	458	531		0.347639484978541
2582743887	GH74.hmm	8.9e-10	38	131	578	667		0.399141630901288
2582743900	GT2.hmm	8e-16	3	107	6	100		0.619047619047619
2582743901	GT9.hmm	1.5e-35	5	206	72	309		0.893333333333333
2582743933	GT2.hmm	1.3e-17	1	128	5	136		0.755952380952381
2582743939	GH109.hmm	2.1e-17	1	124	2	116		0.976190476190476
2582743954	CE4.hmm	1.9e-25	7	126	85	290		0.915384615384615
2582743975	GH109.hmm	7.9e-14	3	118	10	114		0.912698412698413
2582743981	GT4.hmm	3.1e-26	12	152	180	320		0.875
2582744042	CE3.hmm	1e-07	65	188	271	405		0.634020618556701
2582744059	CE10.hmm	1.2e-17	55	315	465	722		0.762463343108504
2582744067	GT4.hmm	2.8e-27	7	160	210	366		0.95625
2582744087	GH3.hmm	3.5e-58	4	215	105	331		0.976851851851852
2582744117	GH73.hmm	3.7e-33	3	128	24	151		0.9765625
2582744117	CBM50.hmm	1.5e-08	1	39	281	323		0.95
2582744124	GH13_3.hmm	9.8e-100	7	237	212	443		0.966386554621849
2582744125	GH31.hmm	6.5e-168	1	427	229	672		0.997658079625293
2582744172	GH23.hmm	8.2e-24	14	105	307	423		0.674074074074074
2582744184	GT4.hmm	5.4e-21	8	157	235	382		0.93125
2582744228	CBM44.hmm	3.6e-07	18	64	84	128		0.71875
2582744228	CBM44.hmm	7.6e-06	13	56	241	284		0.671875
2582744264	GH74.hmm	5.7e-06	39	111	87	154		0.309012875536481
2582744265	CE10.hmm	2e-16	73	179	52	174		0.310850439882698
2582744272	GT9.hmm	4.1e-44	3	221	70	313		0.968888888888889
2582744303	AA6.hmm	2.1e-06	26	132	27	136		0.543589743589744
2582744318	CBM9.hmm	3.9e-10	1	149	26	181		0.813186813186813
2582744327	GT83.hmm	3e-41	6	358	37	406		0.651851851851852
2582744329	CBM44.hmm	3.2e-07	22	59	770	806		0.578125
2582744332	GT83.hmm	1.3e-27	13	360	6	321		0.642592592592593
2582744334	CE4.hmm	4.9e-24	5	117	22	130		0.861538461538462
2582744348	GH74.hmm	1.4e-12	22	120	95	197		0.420600858369099
2582744348	GH74.hmm	2e-15	34	113	217	299		0.339055793991416
2582744348	GH74.hmm	1.7e-08	43	138	626	716		0.407725321888412
2582744384	GT4.hmm	5.8e-12	12	157	220	360		0.90625
2582744385	GT4.hmm	1.4e-07	31	154	251	365		0.76875
2582744387	GT2.hmm	7.2e-27	3	165	58	227		0.964285714285714
2582744485	GH23.hmm	2.2e-22	7	126	107	238		0.881481481481482
2582744525	GT39.hmm	1.9e-06	44	204	74	224		0.717488789237668
2582744535	CE1.hmm	2.2e-06	5	140	43	178		0.594713656387665
2582744560	GT87.hmm	4.6e-12	3	219	81	302		0.935064935064935
2582744574	GT2.hmm	7.4e-26	1	167	4	166		0.988095238095238
2582744581	GT19.hmm	3.2e-125	2	353	16	364		0.991525423728814
2582744595	GT83.hmm	2.2e-22	68	363	71	396		0.546296296296296
2582744598	CBM44.hmm	4.8e-08	22	61	666	703		0.609375
2582744599	GT83.hmm	1.3e-23	67	358	81	405		0.538888888888889
2582744601	CBM44.hmm	0.00076	22	61	595	634		0.609375
2582744601	CBM44.hmm	0.00016	17	60	1000	1043		0.671875
2582744601	CBM44.hmm	9.3e-05	21	63	1167	1207		0.65625
2582744601	CBM44.hmm	4.8e-08	22	62	1251	1289		0.625
2582744609	GH18.hmm	2.1e-74	4	285	25	389		0.949324324324324
2582744623	GT4.hmm	1.8e-38	6	154	196	341		0.925
2582744631	CE10.hmm	7.4e-09	94	316	72	258		0.651026392961877
2582744649	GH20.hmm	1.5e-121	8	335	173	499		0.970326409495549
2582744649	CBM32.hmm	5e-09	16	107	633	744		0.733870967741935
2582744662	CE11.hmm	1.4e-75	1	220	15	237		0.808118081180812
2582744680	GH109.hmm	4.8e-06	2	120	6	113		0.936507936507937
2582744683	CBM44.hmm	1.9e-07	3	63	165	226		0.9375
2582744694	GH33.hmm	1.2e-08	52	194	170	299		0.415204678362573
2582744700	CBM56.hmm	1.4e-05	1	51	195	244		0.314465408805031
2582744730	CE1.hmm	2.8e-09	94	197	54	197		0.45374449339207
2582744785	GT4.hmm	6.7e-06	11	156	193	331		0.90625
2582744800	CBM44.hmm	4e-08	22	64	427	471		0.65625
2582744818	GT5.hmm	1.2e-45	1	210	6	225		0.442796610169492
2582744822	GH23.hmm	9.3e-30	2	128	129	271		0.933333333333333
2582744822	CBM50.hmm	1.2e-12	1	39	389	430		0.95
2582744822	CBM50.hmm	1e-13	1	39	498	540		0.95
2582744831	CBM44.hmm	0.00085	21	63	216	256		0.65625
2582744856	GT4.hmm	1.3e-28	7	157	194	344		0.9375
2582744858	GT4.hmm	3.9e-22	22	136	210	324		0.7125
2582744881	CBM20.hmm	6.8e-06	2	65	5	65		0.7
2582744972	GH74.hmm	3.4e-11	39	136	648	744		0.416309012875536
2582744972	CBM44.hmm	0.00059	21	59	835	873		0.59375
2582744983	CBM20.hmm	7.7e-05	3	68	195	259		0.722222222222222
2582744983	CBM20.hmm	6.9e-09	1	69	310	376		0.755555555555556
2582744987	GT4.hmm	0.00053	102	159	23	81		0.35625
2582744991	CE1.hmm	1.3e-39	7	221	31	290		0.94273127753304
2582745025	CBM48.hmm	3.2e-07	4	67	248	333		0.828947368421053
2582745025	GH13.hmm	9.4e-39	14	289	398	709		0.919732441471572
2582745032	CBM44.hmm	3e-05	13	60	191	240		0.734375
2582745033	CBM44.hmm	2.1e-13	3	62	179	239		0.921875
2582745036	GT51.hmm	5.3e-56	1	177	59	237		0.994350282485876
2582745075	GH5.hmm	1.5e-14	30	243	278	663		0.774545454545455
