2582831054	CE7.hmm	1.4e-11	100	212	186	307		0.357827476038339
2582831055	CBM66.hmm	1.1e-05	2	65	42	108		0.406451612903226
2582831055	CBM66.hmm	2.4e-05	97	146	167	218		0.316129032258064
2582831073	dockerin.hmm	1.1e-05	1	21	9644	9664		0.952380952380952
2582831110	CE1.hmm	6.3e-16	5	143	32	209		0.607929515418502
2582831110	CE7.hmm	3.6e-09	64	205	310	457		0.450479233226837
2582831125	GT4.hmm	1.5e-20	7	157	193	345		0.9375
2582831125	GT4.hmm	4.1e-08	12	116	599	707		0.65
2582831125	GT4.hmm	1.3e-20	10	147	1084	1221		0.85625
2582831134	CE10.hmm	1.9e-13	82	331	805	1039		0.730205278592375
2582831150	GH33.hmm	2.5e-09	13	298	68	349		0.833333333333333
2582831155	GT5.hmm	9.1e-170	1	471	2	485		0.995762711864407
2582831227	GH33.hmm	3.3e-07	130	276	33	205		0.426900584795322
2582831227	GH33.hmm	1.7e-10	55	226	162	327		0.5
2582831264	GT25.hmm	5.5e-33	3	180	16	189		0.977900552486188
2582831286	CE10.hmm	1.9e-28	93	316	87	311		0.653958944281525
2582831305	CE11.hmm	1e-82	1	269	7	277		0.988929889298893
2582831307	GH109.hmm	1e-07	1	120	4	111		0.944444444444444
2582831331	GT4.hmm	5.2e-23	9	153	268	412		0.9
2582831332	GT4.hmm	4.9e-31	9	158	210	360		0.93125
2582831374	GH33.hmm	1.6e-28	22	341	45	388		0.932748538011696
2582831378	GT2.hmm	1.8e-08	13	168	2	147		0.922619047619048
2582831402	GH74.hmm	4.9e-14	47	138	139	233		0.390557939914163
2582831402	GH74.hmm	8.8e-07	49	150	344	439		0.433476394849785
2582831402	GH74.hmm	3.3e-05	49	130	656	733		0.347639484978541
2582831416	dockerin.hmm	0.00012	1	21	664	684		0.952380952380952
2582831416	dockerin.hmm	2.5e-05	1	21	703	723		0.952380952380952
2582831418	dockerin.hmm	0.00017	1	21	4892	4912		0.952380952380952
2582831418	dockerin.hmm	7.7e-05	1	21	4932	4952		0.952380952380952
2582831443	CE14.hmm	3.6e-21	1	124	24	129		0.991935483870968
2582831485	GH95.hmm	1.1e-55	112	713	120	786		0.832409972299169
2582831495	GT4.hmm	2e-29	5	157	219	371		0.95
2582831510	GH74.hmm	1e-09	35	111	124	207		0.32618025751073
2582831510	GH74.hmm	1.8e-11	46	124	241	333		0.334763948497854
2582831510	GH74.hmm	9.9e-11	37	108	486	552		0.304721030042918
2582831510	GH74.hmm	2.7e-06	46	125	721	799		0.339055793991416
2582831510	GH74.hmm	2.7e-08	45	141	1002	1095		0.412017167381974
2582831586	GT4.hmm	2.9e-22	10	153	250	400		0.89375
2582831594	CE1.hmm	5.2e-24	5	143	49	233		0.607929515418502
2582831604	dockerin.hmm	7.4e-07	1	21	887	907		0.952380952380952
2582831673	CBM48.hmm	5.2e-18	1	70	27	117		0.907894736842105
2582831673	GH13_9.hmm	5.9e-142	2	289	188	486		0.986254295532646
2582831676	CBM67.hmm	1.1e-34	2	173	46	188		0.971590909090909
2582831726	CE1.hmm	8.3e-32	7	222	60	290		0.947136563876652
2582831727	CE1.hmm	2.5e-26	6	223	61	286		0.955947136563877
2582831745	CBM66.hmm	9e-12	5	134	277	412		0.832258064516129
2582831752	CE1.hmm	8.2e-30	7	209	55	251		0.889867841409692
2582831774	dockerin.hmm	0.00024	1	21	67	87		0.952380952380952
2582831792	GT1.hmm	6.4e-32	8	372	10	409		0.952879581151832
2582831823	PL6_1.hmm	9.5e-13	6	146	37	180		0.4
2582831827	GH109.hmm	1.3e-15	1	122	7	126		0.96031746031746
2582831835	CBM32.hmm	3.7e-10	31	122	457	573		0.733870967741935
2582831847	CBM6.hmm	2.9e-17	31	136	791	900		0.760869565217391
2582831890	GT9.hmm	1.6e-52	3	205	78	307		0.897777777777778
2582831917	GH109.hmm	1.5e-17	1	124	56	199		0.976190476190476
2582831920	AA4.hmm	2.8e-07	58	247	6	199		0.362068965517241
2582831921	AA7.hmm	9.1e-22	11	194	81	271		0.399563318777293
2582831941	GH74.hmm	0.00037	37	109	251	322		0.309012875536481
2582831957	CBM66.hmm	1.4e-09	56	154	121	224		0.632258064516129
2582831957	CE10.hmm	2.2e-20	70	204	254	411		0.392961876832845
2582831992	CE2.hmm	3.9e-07	91	207	118	236		0.555023923444976
2582831996	CE7.hmm	4.6e-11	152	274	753	874		0.389776357827476
2582832002	CBM66.hmm	3.7e-06	6	130	527	664		0.8
2582832014	GH74.hmm	8.7e-06	40	121	205	368		0.347639484978541
2582832044	GH142.hmm	9.3e-155	16	477	70	546		0.962421711899791
2582832060	CBM32.hmm	2.7e-21	6	123	327	446		0.943548387096774
2582832061	GH33.hmm	4.5e-26	14	325	41	349		0.909356725146199
2582832096	GH74.hmm	3.7e-13	44	125	150	234		0.347639484978541
2582832096	GH74.hmm	2.1e-12	41	117	198	284		0.32618025751073
2582832096	GH74.hmm	4.3e-08	44	119	309	382		0.321888412017167
2582832096	GH74.hmm	9.3e-07	46	117	400	564		0.304721030042918
2582832096	GH74.hmm	1.8e-09	45	133	612	706		0.377682403433476
2582832121	CBM67.hmm	1.8e-07	15	93	450	532		0.443181818181818
2582832170	GH16.hmm	2.7e-57	2	189	32	267		0.989417989417989
2582832191	GT30.hmm	7.2e-60	12	176	48	211		0.926553672316384
2582832220	CE1.hmm	4.6e-16	45	194	258	445		0.656387665198238
2582832230	GT4.hmm	2.7e-07	27	116	253	336		0.55625
2582832255	GT2.hmm	4e-24	3	167	8	167		0.976190476190476
2582832260	GH109.hmm	2.7e-11	1	113	70	172		0.888888888888889
2582832345	GH99.hmm	3.8e-55	2	317	26	328		0.94311377245509
2582832350	CE14.hmm	1.4e-21	1	124	9	118		0.991935483870968
2582832373	GH109.hmm	3.7e-16	2	124	8	120		0.968253968253968
2582832398	CE15.hmm	1.3e-16	14	268	50	356		0.944237918215613
2582832447	dockerin.hmm	1.7e-06	1	21	811	831		0.952380952380952
2582832472	GT2.hmm	7.4e-18	3	119	9	125		0.69047619047619
2582832479	GH33.hmm	4.1e-87	11	334	40	375		0.944444444444444
2582832484	CBM67.hmm	8.8e-10	29	173	62	198		0.818181818181818
2582832491	CE10.hmm	1.1e-29	54	312	23	268		0.756598240469208
2582832513	CE10.hmm	1.2e-12	93	311	483	699		0.639296187683284
2582832532	GT35.hmm	2e-114	210	557	275	645		0.514836795252225
2582832552	GT76.hmm	6.5e-11	61	248	52	254		0.459459459459459
2582832557	GH109.hmm	9e-13	1	116	35	143		0.912698412698413
2582832558	GH109.hmm	1.3e-20	3	122	49	165		0.944444444444444
2582832582	CBM66.hmm	5.2e-08	3	146	38	194		0.92258064516129
2582832638	CE9.hmm	6.8e-77	51	340	7	304		0.774798927613941
2582832643	GT4.hmm	5.7e-24	7	159	230	377		0.95
2582832653	CE1.hmm	1.4e-13	10	209	168	371		0.876651982378855
2582832685	GH2.hmm	4.8e-99	28	390	82	509		0.481382978723404
2582832685	CBM67.hmm	0.00023	17	90	707	782		0.414772727272727
2582832691	CE14.hmm	1.3e-22	1	114	23	121		0.911290322580645
2582832729	dockerin.hmm	3.4e-05	1	19	6360	6378		0.857142857142857
2582832730	dockerin.hmm	7.3e-06	1	21	5555	5575		0.952380952380952
2582832733	CBM32.hmm	1.4e-05	15	81	477	553		0.532258064516129
2582832768	GT2.hmm	2.5e-32	1	134	4	133		0.791666666666667
2582832770	GH109.hmm	6.4e-09	1	105	46	157		0.825396825396825
2582832775	GT2.hmm	3.5e-22	1	162	7	159		0.958333333333333
2582832794	CE1.hmm	2.4e-13	12	141	49	182		0.568281938325991
2582832796	CBM66.hmm	7.1e-16	3	154	139	290		0.974193548387097
2582832796	CBM66.hmm	3.9e-07	37	149	342	459		0.72258064516129
2582832817	CBM35.hmm	9.8e-08	22	109	1464	1549		0.707317073170732
2582832862	GH5_13.hmm	5.2e-115	1	275	59	334		0.996363636363636
2582832880	CBM67.hmm	9.2e-19	2	151	62	192		0.846590909090909
2582832884	GT19.hmm	1.1e-97	1	348	5	360		0.980225988700565
2582832889	CBM38.hmm	3e-30	2	128	596	725		0.976744186046512
2582832889	CBM66.hmm	6.5e-09	3	148	1737	1884		0.935483870967742
2582832892	GT4.hmm	4.2e-30	5	155	205	355		0.9375
2582832895	CBM13.hmm	3.6e-11	4	135	152	284		0.696808510638298
2582832896	CE15.hmm	2.3e-21	6	268	45	364		0.973977695167286
2582832938	CE3.hmm	7.8e-11	54	188	129	271		0.690721649484536
2582832965	CBM66.hmm	2.5e-07	2	146	44	219		0.929032258064516
2582832970	GH109.hmm	1.1e-13	3	120	46	157		0.928571428571429
2582832972	GH109.hmm	7.6e-21	2	120	35	151		0.936507936507937
2582832981	CBM32.hmm	1.7e-10	10	71	38	103		0.491935483870968
2582833006	CE1.hmm	1.4e-08	94	209	556	689		0.506607929515419
2582833037	CBM47.hmm	6e-19	1	80	630	710		0.6171875
2582833056	CE1.hmm	1.5e-09	12	120	522	640		0.475770925110132
2582833059	CBM51.hmm	3.3e-11	82	134	332	386		0.388059701492537
2582833059	CBM51.hmm	5.7e-15	3	95	395	496		0.686567164179104
2582833096	CE12.hmm	4.4e-07	67	162	99	200		0.452380952380952
2582833096	CBM47.hmm	6.3e-18	3	80	1107	1185		0.6015625
2582833145	CE7.hmm	7.2e-07	43	216	67	229		0.552715654952077
2582833159	CE14.hmm	2.5e-14	1	116	6	109		0.92741935483871
2582833188	CE4.hmm	6.9e-21	22	126	70	178		0.8
2582833219	GT2.hmm	5.1e-20	4	165	9	163		0.958333333333333
2582833230	GH109.hmm	1.1e-10	1	124	2	129		0.976190476190476
2582833231	CBM50.hmm	4e-05	1	39	314	356		0.95
2582833252	GH109.hmm	1.3e-25	1	115	48	158		0.904761904761905
2582833253	GH109.hmm	6e-12	3	113	10	112		0.873015873015873
2582833270	GH10.hmm	8.1e-06	58	225	220	396		0.551155115511551
2582833324	CBM67.hmm	4.3e-07	12	91	292	368		0.448863636363636
2582833325	CE10.hmm	2.1e-19	81	315	413	638		0.686217008797654
2582833331	GT2.hmm	1.8e-21	2	168	15	180		0.988095238095238
2582833361	CBM51.hmm	0.00021	59	133	596	670		0.552238805970149
2582833366	GH109.hmm	6.3e-17	1	123	48	160		0.968253968253968
2582833385	GH109.hmm	7.4e-22	2	113	47	151		0.880952380952381
2582833413	GH109.hmm	2.6e-16	1	122	41	153		0.96031746031746
2582833433	CBM9.hmm	2.9e-40	1	155	54	237		0.846153846153846
2582833433	CE1.hmm	4.4e-10	28	194	830	976		0.731277533039648
2582833487	GH109.hmm	1.9e-11	1	108	51	162		0.849206349206349
2582833528	GT9.hmm	3.8e-48	2	223	70	326		0.982222222222222
2582833594	GH109.hmm	1.1e-17	1	123	2	115		0.968253968253968
2582833598	GH109.hmm	1.3e-17	3	113	49	152		0.873015873015873
2582833602	CE3.hmm	4e-19	53	188	102	242		0.695876288659794
2582833696	GH109.hmm	9.5e-14	1	122	40	154		0.96031746031746
2582833733	GT83.hmm	1.7e-11	63	383	98	412		0.592592592592593
2582833734	GT2.hmm	2.7e-25	2	165	12	164		0.970238095238095
2582833737	CBM66.hmm	8.1e-08	4	134	61	204		0.838709677419355
2582833740	CE4.hmm	3.8e-25	5	125	47	175		0.923076923076923
2582833744	CE4.hmm	1e-11	23	125	81	211		0.784615384615385
2582833752	GH109.hmm	2.1e-14	4	118	39	143		0.904761904761905
2582833753	CBM66.hmm	4.3e-08	3	155	268	439		0.980645161290323
2582833760	CE15.hmm	6.6e-80	2	267	53	436		0.985130111524164
2582833792	CE6.hmm	0.00026	3	56	182	233		0.535353535353535
2582833792	CE6.hmm	0.00074	63	97	284	316		0.343434343434343
2582833806	GT2.hmm	2e-23	2	167	51	222		0.982142857142857
2582833840	GH74.hmm	1.6e-08	17	115	38	134		0.420600858369099
2582833846	GT66.hmm	4.8e-17	16	447	22	472		0.621933621933622
2582833856	CE15.hmm	6e-21	16	268	77	383		0.936802973977695
2582833950	CE1.hmm	6.7e-08	11	209	15	227		0.872246696035242
2582834021	GT83.hmm	9.2e-08	91	364	295	595		0.505555555555556
2582834023	GH109.hmm	9.3e-07	5	124	9	126		0.944444444444444
2582834037	CE10.hmm	3e-48	63	316	67	300		0.741935483870968
2582834052	AA6.hmm	1.9e-36	2	192	4	161		0.974358974358974
2582834053	GH109.hmm	1.5e-20	4	115	45	150		0.880952380952381
2582834066	CE3.hmm	8.3e-07	54	148	127	236		0.484536082474227
2582834088	CE6.hmm	1.6e-06	17	98	133	229		0.818181818181818
2582834096	CE10.hmm	3.3e-17	81	329	1044	1273		0.727272727272727
2582834107	GH109.hmm	3.6e-10	55	121	51	113		0.523809523809524
2582834150	CBM38.hmm	4.3e-29	4	129	42	171		0.968992248062015
2582834150	GH32.hmm	1.5e-79	1	289	297	584		0.982935153583618
2582834152	GH33.hmm	1.7e-81	10	330	40	381		0.935672514619883
2582834154	GH127.hmm	1.4e-36	241	522	302	571		0.536259541984733
2582834154	CBM32.hmm	3.6e-14	20	107	680	779		0.701612903225806
2582834203	dockerin.hmm	1.5e-06	1	21	1473	1493		0.952380952380952
2582834205	CE6.hmm	3.2e-05	3	52	183	233		0.494949494949495
2582834254	GH109.hmm	7.7e-13	1	121	50	173		0.952380952380952
2582834276	dockerin.hmm	3.9e-06	1	20	1548	1567		0.904761904761905
2582834302	AA3.hmm	1.2e-64	85	399	3	531		0.508090614886731
2582834383	CE1.hmm	1.4e-09	22	197	710	900		0.770925110132159
2582834395	GH63.hmm	2.2e-18	364	566	447	896		0.354385964912281
2582834406	GT39.hmm	1.2e-09	45	208	66	249		0.730941704035874
2582834410	CE1.hmm	1.3e-24	7	211	315	523		0.898678414096916
2582834445	GH109.hmm	4.1e-09	2	122	12	136		0.952380952380952
2582834446	CE3.hmm	1.1e-07	4	180	6	187		0.907216494845361
2582834491	GH5_25.hmm	4.2e-104	1	261	59	320		0.99236641221374
2582834496	CE1.hmm	2.8e-55	1	221	81	302		0.969162995594714
2582834496	CBM48.hmm	0.00018	9	66	352	411		0.75
2582834496	CE1.hmm	1.1e-51	1	221	453	676		0.969162995594714
2582834506	CE10.hmm	1.6e-16	81	316	99	340		0.689149560117302
2582834506	CE10.hmm	2e-43	70	189	607	743		0.348973607038123
2582834509	CE7.hmm	5.6e-06	62	195	45	180		0.424920127795527
2582834510	CE1.hmm	6.2e-41	1	222	55	314		0.973568281938326
2582834510	CE1.hmm	7.5e-23	5	210	334	567		0.903083700440529
2582834529	GT4.hmm	1.6e-34	9	155	213	358		0.9125
2582834570	CE1.hmm	1.6e-18	10	143	488	641		0.585903083700441
2582834602	GT2.hmm	2e-19	2	168	10	171		0.988095238095238
2582834614	GT4.hmm	1.4e-40	12	159	176	326		0.91875
2582834617	GT4.hmm	1.8e-26	12	155	198	338		0.89375
2582834618	GH109.hmm	1.8e-08	1	121	393	505		0.952380952380952
2582834620	PL12.hmm	2.1e-26	1	131	327	457		0.942028985507246
2582834621	GT4.hmm	2.1e-17	8	159	235	392		0.94375
2582834675	CE9.hmm	8.5e-99	1	373	17	407		0.997319034852547
2582834680	GT4.hmm	1.8e-37	10	159	192	339		0.93125
2582834686	GT4.hmm	1.5e-08	28	148	161	281		0.75
2582834690	CBM32.hmm	2.6e-16	7	122	263	396		0.92741935483871
2582834691	GH5.hmm	7.3e-06	32	139	357	480		0.389090909090909
2582834693	CBM20.hmm	5.9e-11	16	82	68	135		0.733333333333333
2582834693	CE1.hmm	2.6e-36	2	220	177	417		0.960352422907489
2582834710	CE14.hmm	5.2e-08	1	40	346	385		0.314516129032258
2582834722	CE1.hmm	2.1e-07	37	207	51	273		0.748898678414097
2582834738	GT2.hmm	6.1e-31	1	166	4	168		0.982142857142857
2582834768	CE10.hmm	3.5e-20	69	316	479	719		0.724340175953079
2582834773	GT4.hmm	3.3e-24	6	154	198	346		0.925
2582834789	CE1.hmm	2.1e-18	11	218	344	520		0.911894273127753
2582834858	CE10.hmm	7.9e-26	61	332	61	301		0.794721407624633
2582834878	GH109.hmm	2.9e-21	3	123	43	160		0.952380952380952
2582834893	GH78.hmm	2.1e-06	207	403	290	533		0.388888888888889
2582834905	GH13_11.hmm	8.5e-135	1	346	187	539		0.997109826589595
2582834918	CE1.hmm	5.3e-11	13	188	21	237		0.770925110132159
2582834952	GT4.hmm	2e-37	7	159	201	351		0.95
2582834953	GT2.hmm	7.4e-16	3	166	6	173		0.970238095238095
2582834960	GH2.hmm	6.9e-57	65	411	63	481		0.460106382978723
2582834970	GH109.hmm	4.2e-18	1	112	36	135		0.880952380952381
2582835000	CBM32.hmm	1.4e-05	15	81	477	553		0.532258064516129
2582835003	dockerin.hmm	7.3e-06	1	21	5555	5575		0.952380952380952
2582835004	dockerin.hmm	3.4e-05	1	19	6360	6378		0.857142857142857
2582835042	CE14.hmm	1.3e-22	1	114	23	121		0.911290322580645
