2582745101	GT19.hmm	3.3e-104	1	350	3	354		0.985875706214689
2582745105	GH57.hmm	1.6e-25	173	305	3	200		0.344647519582245
2582745112	GH38.hmm	7.4e-07	55	174	221	339		0.442379182156134
2582745129	CBM66.hmm	6.1e-10	4	154	50	203		0.967741935483871
2582745132	CE10.hmm	4.2e-16	80	316	62	270		0.69208211143695
2582745151	GT4.hmm	2.2e-29	7	157	235	383		0.9375
2582745156	CE14.hmm	3.6e-28	1	124	7	116		0.991935483870968
2582745157	GT2.hmm	4.6e-14	1	168	45	226		0.994047619047619
2582745158	GT27.hmm	1.3e-26	1	233	5	226		0.786440677966102
2582745231	GT4.hmm	2e-25	7	124	200	306		0.73125
2582745242	CE7.hmm	2.3e-25	35	304	33	287		0.859424920127795
2582745286	CE12.hmm	7.4e-18	1	209	34	229		0.990476190476191
2582745326	GT41.hmm	3.7e-120	73	520	166	685		0.634042553191489
2582745337	CE1.hmm	2.6e-14	11	202	508	716		0.841409691629956
2582745339	CBM40.hmm	1.5e-07	79	173	161	250		0.525139664804469
2582745348	GT83.hmm	2.8e-93	9	371	38	401		0.67037037037037
2582745376	GT4.hmm	4.2e-26	3	149	204	347		0.9125
2582745402	CE1.hmm	3.3e-21	7	143	37	205		0.599118942731278
2582745429	CE1.hmm	2.9e-06	56	175	130	277		0.524229074889868
2582745486	GT2.hmm	2.7e-23	1	168	3	155		0.994047619047619
2582745499	GT4.hmm	1e-28	6	156	199	346		0.9375
2582745550	CE10.hmm	1.4e-39	65	324	44	290		0.759530791788856
2582745553	CBM35.hmm	6.6e-11	19	122	489	590		0.83739837398374
2582745599	CE1.hmm	3.4e-38	1	225	56	345		0.986784140969163
2582745600	GH109.hmm	8.6e-10	1	107	43	156		0.841269841269841
2582745605	CE1.hmm	5.7e-39	1	224	57	342		0.982378854625551
2582745613	GH109.hmm	5.4e-19	1	122	39	170		0.96031746031746
2582745614	CE1.hmm	6.4e-28	4	208	30	219		0.898678414096916
2582745634	AA4.hmm	5.5e-27	15	198	2	182		0.350574712643678
2582745635	AA4.hmm	1.7e-09	60	264	18	214		0.390804597701149
2582745707	CE6.hmm	0.00011	1	57	172	226		0.565656565656566
2582745707	CE6.hmm	1.2e-06	62	97	292	327		0.353535353535354
2582745710	CE7.hmm	1.2e-11	39	215	30	228		0.562300319488818
2582745710	CE15.hmm	3.6e-07	101	268	169	323		0.620817843866171
2582745718	CBM61.hmm	0.00074	46	116	50	117		0.49645390070922
2582745731	CE3.hmm	5.1e-17	49	189	86	241		0.721649484536082
2582745761	CE3.hmm	5e-06	5	185	52	220		0.927835051546392
2582745778	CE1.hmm	9.3e-06	105	208	102	262		0.45374449339207
2582745813	CBM9.hmm	2.6e-07	29	155	50	192		0.692307692307692
2582745821	GH109.hmm	5.9e-24	1	122	32	145		0.96031746031746
2582745830	GH109.hmm	2e-24	1	125	48	168		0.984126984126984
2582745852	GT2.hmm	8.7e-22	1	166	3	174		0.982142857142857
2582745880	CE7.hmm	3.9e-07	155	299	141	299		0.460063897763578
2582745891	CBM66.hmm	1.2e-10	36	154	74	207		0.761290322580645
2582745898	GT2.hmm	5.1e-18	1	165	4	169		0.976190476190476
2582745924	CE15.hmm	8.7e-07	16	266	5	309		0.929368029739777
2582745930	CBM51.hmm	3.2e-11	25	119	288	382		0.701492537313433
2582745963	CE14.hmm	5.3e-15	1	81	8	81		0.645161290322581
2582745971	CE10.hmm	7.8e-08	81	290	43	242		0.612903225806452
2582745975	GT35.hmm	8.8e-128	153	568	231	648		0.615727002967359
2582746013	GT83.hmm	3.6e-81	7	494	19	525		0.901851851851852
2582746024	AA6.hmm	4.5e-34	1	193	3	162		0.984615384615385
2582746046	CE10.hmm	3.6e-10	174	324	1	127		0.439882697947214
2582746048	CE9.hmm	5.5e-86	10	365	11	364		0.951742627345844
2582746091	CE1.hmm	7.3e-13	8	179	281	415		0.753303964757709
2582746108	GH109.hmm	2.4e-08	32	121	33	133		0.706349206349206
2582746124	GH10.hmm	5.7e-14	26	298	190	480		0.897689768976898
2582746135	GH109.hmm	7.6e-14	3	122	10	127		0.944444444444444
2582746149	GH109.hmm	2.5e-12	1	123	47	175		0.968253968253968
2582746189	GT2.hmm	3.6e-26	3	167	12	174		0.976190476190476
2582746211	GH109.hmm	1.6e-11	1	119	16	139		0.936507936507937
2582746252	GH33.hmm	6.9e-17	23	241	40	271		0.637426900584795
2582746253	CE6.hmm	1e-12	5	79	699	773		0.747474747474748
2582746265	CE7.hmm	1.8e-16	46	216	108	285		0.543130990415335
2582746265	CE15.hmm	2.7e-15	97	264	224	377		0.620817843866171
2582746268	GH33.hmm	7.7e-34	28	335	86	389		0.89766081871345
2582746291	CE6.hmm	4.1e-07	3	96	175	288		0.939393939393939
2582746382	CE1.hmm	1.7e-11	9	188	463	619		0.788546255506608
2582746404	GH109.hmm	7.4e-23	1	117	45	156		0.920634920634921
2582746432	GT4.hmm	8.2e-18	6	152	347	517		0.9125
2582746433	GT2.hmm	5.4e-23	1	164	86	252		0.970238095238095
2582746433	GT4.hmm	4.7e-11	29	157	557	676		0.8
2582746434	GT2.hmm	1.2e-22	1	112	77	190		0.660714285714286
2582746434	GT2.hmm	7.5e-09	2	116	334	450		0.678571428571429
2582746437	CE1.hmm	1.6e-07	37	207	29	251		0.748898678414097
2582746438	CBM66.hmm	1.5e-10	2	146	41	210		0.929032258064516
2582746471	CE3.hmm	5.4e-09	3	180	63	252		0.912371134020619
2582746483	GT4.hmm	0.00023	101	157	248	302		0.35
2582746494	CE6.hmm	6.4e-28	1	98	86	184		0.97979797979798
2582746519	CBM66.hmm	9.9e-07	2	150	53	218		0.954838709677419
2582746520	CE10.hmm	2.3e-31	40	302	17	295		0.768328445747801
2582746557	GH109.hmm	1.8e-16	2	121	38	145		0.944444444444444
2582746646	GT26.hmm	0.00065	86	143	24	81		0.333333333333333
2582746661	CE15.hmm	9.5e-26	14	267	51	350		0.940520446096654
2582746691	GH109.hmm	3.3e-18	3	126	8	121		0.976190476190476
2582746707	CE1.hmm	1.1e-19	8	143	15	201		0.594713656387665
2582746736	GT2.hmm	1e-20	1	159	5	167		0.94047619047619
2582746737	GT83.hmm	3.3e-120	9	490	2	494		0.890740740740741
2582746774	GH16.hmm	8.6e-56	2	189	32	295		0.989417989417989
2582746785	CE1.hmm	1.3e-29	6	209	44	243		0.894273127753304
2582746848	GH13.hmm	9.2e-26	22	285	40	359		0.879598662207358
2582746859	GT2.hmm	2e-26	1	167	17	189		0.988095238095238
2582746860	GT2.hmm	6.2e-24	1	166	148	308		0.982142857142857
2582746860	GT2.hmm	6.2e-16	1	168	406	583		0.994047619047619
2582746861	GH63.hmm	2.6e-20	354	568	444	894		0.375438596491228
2582746872	GH74.hmm	2.6e-07	38	166	94	219		0.549356223175966
2582746872	CBM9.hmm	1.9e-15	2	164	868	1028		0.89010989010989
2582746884	CE7.hmm	4.9e-21	43	234	51	246		0.610223642172524
2582746885	GT83.hmm	1.2e-56	11	366	31	418		0.657407407407407
2582746918	GT2.hmm	4e-23	2	167	5	163		0.982142857142857
2582746919	GT87.hmm	4.9e-27	4	203	106	307		0.861471861471861
2582746935	GH142.hmm	8.5e-172	13	477	36	516		0.968684759916493
2582746971	CE10.hmm	2.5e-33	65	319	26	295		0.744868035190616
2582746978	GH109.hmm	3.1e-21	4	123	50	167		0.944444444444444
2582746986	CBM38.hmm	1.7e-30	4	128	455	586		0.961240310077519
2582747015	GH109.hmm	9.2e-10	59	122	83	145		0.5
2582747017	GT87.hmm	9.3e-19	1	181	69	268		0.779220779220779
2582747025	GT4.hmm	9.5e-11	67	158	208	301		0.56875
2582747037	GH77.hmm	6.9e-110	1	469	187	687		0.947368421052632
2582747042	CE14.hmm	1e-18	1	117	6	111		0.935483870967742
2582747064	GT2.hmm	5.5e-19	1	166	42	213		0.982142857142857
2582747131	GH13_11.hmm	1.2e-150	1	346	169	525		0.997109826589595
2582747193	GH109.hmm	7.6e-15	2	121	39	147		0.944444444444444
2582747195	CBM32.hmm	8.8e-24	7	123	302	421		0.935483870967742
2582747249	GH109.hmm	2.5e-19	1	123	58	187		0.968253968253968
2582747268	GH109.hmm	1.6e-10	1	120	4	113		0.944444444444444
2582747298	CE15.hmm	5.2e-16	13	267	45	358		0.944237918215613
2582747298	CBM40.hmm	5.4e-05	88	175	814	893		0.486033519553073
2582747301	GH109.hmm	3.7e-07	1	54	36	89		0.420634920634921
2582747311	CE15.hmm	7.7e-49	2	150	37	288		0.550185873605948
2582747332	CE1.hmm	2e-32	6	220	54	279		0.94273127753304
2582747343	GH109.hmm	8.5e-18	2	120	5	113		0.936507936507937
2582747436	CE3.hmm	5.8e-16	5	192	56	251		0.963917525773196
2582747447	CE1.hmm	1.4e-29	6	209	44	243		0.894273127753304
2582747454	CBM66.hmm	6.1e-05	9	77	58	126		0.438709677419355
2582747461	CE14.hmm	4.3e-20	2	114	13	109		0.903225806451613
2582747484	GH109.hmm	5.7e-16	3	121	40	148		0.936507936507937
2582747495	CE10.hmm	2.7e-36	74	314	31	259		0.703812316715543
2582747513	CE1.hmm	1.3e-21	9	148	194	348		0.612334801762115
2582747530	CE7.hmm	1.1e-13	32	295	48	306		0.840255591054313
2582747549	GT87.hmm	1.1e-14	3	231	78	355		0.987012987012987
2582747559	GH109.hmm	1.3e-10	6	120	43	149		0.904761904761905
2582747563	CBM66.hmm	4.8e-10	3	154	315	486		0.974193548387097
2582747573	CE15.hmm	6.8e-66	76	268	10	220		0.713754646840149
2582747582	CBM66.hmm	1.1e-10	6	149	229	378		0.92258064516129
2582747591	GH74.hmm	1.2e-06	34	166	40	169		0.566523605150215
2582747591	CBM9.hmm	1.8e-15	2	164	818	978		0.89010989010989
2582747619	GT9.hmm	3.8e-52	2	218	86	328		0.96
2582747624	GH109.hmm	3.7e-24	2	119	37	158		0.928571428571429
2582747631	CE3.hmm	5.6e-14	53	187	86	225		0.690721649484536
2582747702	CBM48.hmm	2.2e-09	2	66	13	100		0.842105263157895
2582747813	CE10.hmm	2.7e-07	58	277	439	647		0.642228739002933
2582747816	CE10.hmm	9.8e-20	79	338	59	296		0.759530791788856
2582747821	CBM48.hmm	3.6e-19	2	70	75	161		0.894736842105263
2582747821	GH13_9.hmm	1.7e-131	2	289	231	529		0.986254295532646
2582747848	GT21.hmm	3.3e-19	9	230	52	272		0.948497854077253
2582747869	CE1.hmm	4.7e-14	9	210	144	353		0.885462555066079
2582747885	GT87.hmm	2.5e-24	4	185	75	269		0.783549783549784
2582747906	GT83.hmm	3.3e-13	288	479	14	197		0.353703703703704
2582747918	CE10.hmm	6.9e-24	80	313	57	264		0.683284457478006
2582747931	GH16.hmm	6.7e-32	84	189	1	154		0.555555555555556
2582747932	PL22.hmm	5.6e-06	108	227	149	309		0.449056603773585
2582747932	PL22.hmm	1.7e-08	141	264	363	488		0.464150943396226
2582747938	CE1.hmm	6.6e-14	88	210	218	349		0.537444933920705
2582747939	GH109.hmm	1.5e-16	2	116	41	146		0.904761904761905
