2582645535	CE10.hmm	3.4e-47	69	316	62	295		0.724340175953079
2582645542	GT9.hmm	8.2e-38	2	205	64	291		0.902222222222222
2582645552	CE1.hmm	9e-08	9	143	51	224		0.590308370044053
2582645556	CE6.hmm	1.8e-05	61	97	265	302		0.363636363636364
2582645557	CE14.hmm	8.2e-12	2	122	28	143		0.967741935483871
2582645578	CBM66.hmm	2.4e-06	92	145	155	206		0.341935483870968
2582645604	CE3.hmm	5.6e-45	2	194	23	215		0.989690721649485
2582645612	GT19.hmm	1.2e-87	1	350	21	375		0.985875706214689
2582645613	GH109.hmm	4.9e-07	1	121	6	114		0.952380952380952
2582645633	GH20.hmm	1.3e-124	7	336	136	489		0.976261127596439
2582645646	CBM35.hmm	3.2e-06	31	116	517	602		0.691056910569106
2582645648	CBM48.hmm	3.3e-08	3	68	23	98		0.855263157894737
2582645648	CBM48.hmm	5.7e-21	2	68	122	206		0.868421052631579
2582645648	GH13_9.hmm	3e-133	2	290	279	579		0.989690721649485
2582645703	CE1.hmm	1.5e-06	29	135	19	114		0.466960352422908
2582645706	CBM66.hmm	1.3e-07	3	148	43	195		0.935483870967742
2582645714	CBM66.hmm	5.1e-10	4	155	48	202		0.974193548387097
2582645715	CBM66.hmm	5.3e-07	5	131	45	173		0.812903225806452
2582645722	CBM38.hmm	7.7e-26	4	128	27	150		0.961240310077519
2582645751	GH128.hmm	3.8e-48	9	224	54	252		0.959821428571429
2582645773	GH109.hmm	1.1e-19	1	125	6	120		0.984126984126984
2582645777	CBM44.hmm	0.0004	16	63	1088	1134		0.734375
2582645785	AA7.hmm	3.7e-16	8	196	41	236		0.410480349344978
2582645788	GT4.hmm	1.1e-15	9	158	220	375		0.93125
2582645790	PL12.hmm	2e-10	5	95	424	514		0.652173913043478
2582645794	CBM6.hmm	4.6e-24	34	138	782	893		0.753623188405797
2582645818	GH16.hmm	1.1e-25	5	189	30	251		0.973544973544973
2582645821	GH109.hmm	1.5e-11	22	126	11	107		0.825396825396825
2582645834	CBM67.hmm	6.7e-23	4	131	515	635		0.721590909090909
2582645841	GH109.hmm	3.9e-49	1	125	72	195		0.984126984126984
2582645852	CE10.hmm	7.2e-23	85	329	63	275		0.715542521994135
2582645991	GH109.hmm	2.7e-11	1	119	37	155		0.936507936507937
2582645997	CE1.hmm	8.6e-30	8	222	72	315		0.94273127753304
2582646000	CBM40.hmm	1.7e-05	93	173	549	626		0.446927374301676
2582646015	GH109.hmm	1.8e-16	2	122	52	161		0.952380952380952
2582646029	CE1.hmm	1.7e-11	23	207	508	710		0.81057268722467
2582646102	CBM50.hmm	1.2e-09	1	40	198	246		0.975
2582646109	CE10.hmm	1.9e-22	58	309	19	268		0.736070381231672
2582646121	GH109.hmm	4.7e-10	60	124	42	106		0.507936507936508
2582646134	CBM32.hmm	4.3e-10	10	111	71	196		0.814516129032258
2582646144	CBM35.hmm	0.00014	33	106	226	302		0.59349593495935
2582646166	CBM50.hmm	4.5e-12	1	38	127	168		0.925
2582646177	CE11.hmm	1.6e-95	1	270	3	271		0.992619926199262
2582646180	CE1.hmm	3.5e-28	9	207	48	238		0.872246696035242
2582646233	CE10.hmm	2.2e-31	70	309	34	254		0.700879765395894
2582646236	CBM51.hmm	3.6e-07	88	134	352	399		0.343283582089552
2582646236	CBM51.hmm	1.7e-16	3	80	409	492		0.574626865671642
2582646239	CE1.hmm	3.9e-30	4	210	130	358		0.907488986784141
2582646241	CE1.hmm	4.3e-09	10	200	143	334		0.837004405286344
2582646242	AA3.hmm	6.8e-55	85	403	8	589		0.514563106796116
2582646245	PL9.hmm	7.8e-95	11	366	18	410		0.949197860962567
2582646251	GH109.hmm	1.8e-12	7	122	44	156		0.912698412698413
2582646268	GT30.hmm	1.2e-53	4	176	35	210		0.971751412429379
2582646275	GT28.hmm	3.2e-19	18	122	215	316		0.662420382165605
2582646284	GH77.hmm	9.1e-135	1	479	34	487		0.967611336032389
2582646363	CBM66.hmm	5.9e-09	5	136	39	188		0.845161290322581
2582646401	GT32.hmm	5.8e-10	6	86	57	134		0.888888888888889
2582646405	GH128.hmm	8.7e-56	10	223	54	270		0.950892857142857
2582646425	CE1.hmm	2.6e-07	31	143	5	139		0.493392070484582
2582646427	CE3.hmm	1.5e-11	69	189	192	313		0.618556701030928
2582646478	CBM66.hmm	8.6e-09	3	148	30	189		0.935483870967742
2582646499	GH141.hmm	6.6e-106	3	525	26	538		0.990512333965844
2582646507	GH145.hmm	1.3e-86	11	296	42	325		0.962837837837838
2582646509	CBM67.hmm	2.1e-29	1	176	30	170		0.994318181818182
2582646517	CBM66.hmm	9.6e-09	3	146	26	212		0.92258064516129
2582646607	CE3.hmm	1.6e-16	2	194	28	213		0.989690721649485
2582646621	CE12.hmm	1.4e-07	93	163	132	201		0.333333333333333
2582646659	GH109.hmm	2.3e-06	3	119	6	118		0.920634920634921
2582646669	CE14.hmm	8.5e-12	2	122	15	130		0.967741935483871
2582646721	CBM50.hmm	0.00019	2	28	150	176		0.65
2582646750	CE12.hmm	3.8e-07	66	165	110	210		0.471428571428571
2582646773	CE7.hmm	2.1e-16	18	204	31	239		0.594249201277955
2582646809	GH20.hmm	1.3e-124	7	336	136	489		0.976261127596439
2582646821	CE3.hmm	5.9e-06	52	194	85	248		0.731958762886598
2582646832	CBM35.hmm	8.7e-12	24	111	509	597		0.707317073170732
2582646855	CE6.hmm	9.9e-11	6	85	709	789		0.797979797979798
2582646869	CE1.hmm	8.9e-33	8	208	52	229		0.881057268722467
2582646876	GH79.hmm	1.2e-54	3	380	36	392		0.828571428571429
2582646880	CE3.hmm	1.1e-17	52	189	91	231		0.706185567010309
2582646891	GH109.hmm	1.4e-19	1	120	37	147		0.944444444444444
2582646915	CE3.hmm	1.2e-12	52	188	122	266		0.701030927835051
2582646916	CE10.hmm	1.1e-21	57	238	47	248		0.530791788856305
2582646917	CE10.hmm	1.3e-18	60	222	27	188		0.475073313782991
2582646918	CE6.hmm	2.7e-09	16	83	191	276		0.676767676767677
2582646924	GT35.hmm	2.2e-271	1	673	137	851		0.997032640949555
2582646963	GH79.hmm	6.8e-58	3	448	34	464		0.978021978021978
2582646979	CE3.hmm	2.2e-14	51	188	114	257		0.706185567010309
2582646982	CBM66.hmm	1.2e-08	3	153	51	216		0.967741935483871
2582646983	CE1.hmm	9.8e-12	30	212	82	285		0.801762114537445
2582646984	PL22.hmm	4.2e-06	143	260	97	224		0.441509433962264
2582646984	CE10.hmm	1.3e-18	46	313	360	619		0.782991202346041
2582647034	GH109.hmm	4.6e-07	2	112	33	136		0.873015873015873
2582647050	GT2.hmm	5.4e-17	2	122	5	129		0.714285714285714
2582647055	CBM66.hmm	1.4e-09	12	150	54	207		0.890322580645161
2582647079	CBM48.hmm	1.9e-11	1	72	212	302		0.934210526315789
2582647079	GH13_11.hmm	8.9e-43	12	343	367	648		0.956647398843931
2582647099	GH136.hmm	1.9e-32	3	321	28	342		0.647657841140529
2582647106	PL10.hmm	1.1e-103	1	286	48	329		0.993031358885017
2582647132	CE7.hmm	2.2e-20	63	300	63	290		0.757188498402556
2582647140	GT4.hmm	8.3e-18	11	121	201	310		0.6875
2582647142	GT4.hmm	1.8e-24	12	159	228	365		0.91875
2582647144	GT4.hmm	0.00028	43	117	231	296		0.4625
2582647158	CE6.hmm	1.9e-06	29	98	189	262		0.696969696969697
2582647160	CE10.hmm	5e-42	67	325	37	284		0.756598240469208
2582647161	CBM35.hmm	8.7e-05	21	84	470	530		0.51219512195122
2582647165	GH109.hmm	1.8e-16	2	120	44	160		0.936507936507937
2582647186	CE10.hmm	4.7e-18	81	333	71	282		0.73900293255132
2582647188	CE6.hmm	8e-08	49	98	154	204		0.494949494949495
2582647189	GH33.hmm	9.4e-10	34	224	38	294		0.555555555555556
2582647192	CE3.hmm	6.6e-09	2	188	29	222		0.958762886597938
2582647193	GH99.hmm	6.5e-30	1	306	372	667		0.913173652694611
2582647196	CE1.hmm	3.7e-39	2	215	60	310		0.938325991189427
2582647197	GH109.hmm	3.1e-13	3	123	38	154		0.952380952380952
2582647210	GH109.hmm	6.6e-06	70	114	72	116		0.349206349206349
2582647228	CBM50.hmm	5.1e-05	1	27	99	125		0.65
2582647241	CBM16.hmm	2.9e-17	1	106	722	843		0.905172413793103
2582647305	CE1.hmm	7.3e-39	2	208	60	303		0.907488986784141
2582647316	AA2.hmm	5.3e-14	24	253	253	517		0.898039215686275
2582647319	CBM32.hmm	1.1e-09	18	83	127	205		0.524193548387097
2582647333	GH81.hmm	8.9e-145	7	603	40	668		0.958199356913183
2582647347	GT5.hmm	2.2e-171	1	470	2	472		0.99364406779661
2582647354	CE10.hmm	8.1e-31	92	334	53	266		0.709677419354839
2582647364	CBM40.hmm	7.9e-07	19	171	30	179		0.849162011173184
2582647367	GT28.hmm	2.7e-41	2	150	188	335		0.942675159235669
