2582776053	GH74.hmm	1.8e-14	37	115	63	149		0.334763948497854
2582776053	GH74.hmm	2.9e-11	45	122	236	316		0.330472103004292
2582776053	GH74.hmm	3.2e-06	50	142	338	421		0.394849785407725
2582776053	GH74.hmm	2.7e-10	35	140	576	686		0.450643776824034
2582776056	GT4.hmm	5.9e-10	105	156	5	55		0.31875
2582776082	GH65.hmm	5.6e-81	46	371	2	301		0.873655913978495
2582776099	GT2.hmm	1.4e-26	2	167	67	238		0.982142857142857
2582776100	GT81.hmm	1.2e-13	20	172	6	151		0.51877133105802
2582776138	cohesin.hmm	3.7e-07	2	103	1125	1222		0.753731343283582
2582776156	GH28.hmm	7.8e-11	76	193	67	197		0.36
2582776167	GH5_7.hmm	3.7e-57	5	259	60	367		0.976923076923077
2582776191	GT4.hmm	6.6e-09	10	155	235	375		0.90625
2582776192	GT2.hmm	2.2e-12	2	161	22	189		0.946428571428571
2582776196	GH13_4.hmm	5.1e-175	1	398	84	483		0.99748743718593
2582776200	CBM50.hmm	0.00036	1	33	118	154		0.8
2582776212	CBM48.hmm	2.6e-16	3	69	30	114		0.868421052631579
2582776212	GH13_9.hmm	1.7e-142	1	290	183	483		0.993127147766323
2582776225	CE4.hmm	2.4e-23	5	118	22	131		0.869230769230769
2582776248	GH74.hmm	1.1e-11	27	112	151	244		0.36480686695279
2582776248	GH74.hmm	0.00027	45	120	321	389		0.321888412017167
2582776248	GH74.hmm	1.3e-07	48	127	631	709		0.339055793991416
2582776252	GH74.hmm	4.5e-15	40	112	12	87		0.309012875536481
2582776252	GH74.hmm	8.3e-14	48	123	129	205		0.321888412017167
2582776252	GH74.hmm	0.00064	50	132	226	301		0.351931330472103
2582776252	GH74.hmm	9.7e-07	39	111	401	492		0.309012875536481
2582776280	CBM40.hmm	5.3e-13	10	174	67	226		0.916201117318436
2582776333	GH23.hmm	4.4e-23	2	122	98	230		0.888888888888889
2582776350	GH137.hmm	9.5e-60	209	334	4	126		0.367647058823529
2582776361	PL15.hmm	4.6e-30	5	134	513	646		0.962686567164179
2582776384	GH11.hmm	6.5e-61	1	175	46	235		0.983050847457627
2582776426	GH18.hmm	1.5e-38	10	294	144	458		0.959459459459459
2582776474	GH74.hmm	2.5e-13	47	150	120	229		0.44206008583691
2582776474	GH74.hmm	3.1e-12	47	119	230	305		0.309012875536481
2582776474	GH74.hmm	7.9e-08	47	125	327	400		0.334763948497854
2582776474	GH74.hmm	6.1e-06	41	111	498	587		0.300429184549356
2582776474	GH74.hmm	1.7e-08	46	119	623	691		0.313304721030043
2582776491	GT2.hmm	2.4e-26	1	167	46	219		0.988095238095238
2582776500	GT5.hmm	7.3e-141	1	471	5	482		0.995762711864407
2582776506	GT4.hmm	6.7e-38	7	153	196	339		0.9125
2582776521	GT4.hmm	1.1e-21	11	159	164	302		0.925
2582776522	GT4.hmm	5.4e-12	11	124	207	319		0.70625
2582776527	GH109.hmm	7.2e-13	2	123	42	158		0.96031746031746
2582776546	CBM44.hmm	3e-07	22	62	165	203		0.625
2582776564	GT28.hmm	1.5e-45	2	157	205	364		0.987261146496815
2582776578	GT51.hmm	4.5e-47	19	176	74	231		0.887005649717514
2582776599	CBM48.hmm	6.3e-11	2	70	35	118		0.894736842105263
2582776599	GH13_13.hmm	3.1e-52	59	263	222	425		0.532637075718016
2582776605	GH23.hmm	4.4e-23	2	122	98	230		0.888888888888889
2582776610	CE10.hmm	2.8e-29	83	334	64	300		0.736070381231672
2582776616	CBM40.hmm	7.9e-07	75	174	184	279		0.553072625698324
2582776617	GH130.hmm	7.9e-86	17	294	31	353		0.935810810810811
2582776632	GH74.hmm	6.3e-13	34	109	218	293		0.321888412017167
2582776671	GT4.hmm	4.5e-21	23	157	216	348		0.8375
2582776672	GT2.hmm	3.4e-20	1	139	3	152		0.821428571428571
2582776695	GH13.hmm	3.4e-38	9	289	395	706		0.936454849498328
2582776697	GT2.hmm	2.1e-26	2	135	45	179		0.791666666666667
2582776699	GH95.hmm	6.1e-104	5	712	33	729		0.979224376731302
2582776700	PL22.hmm	1.7e-09	105	202	50	134		0.366037735849057
2582776700	PL22.hmm	9.4e-08	135	218	214	293		0.313207547169811
2582776718	GH109.hmm	1.2e-10	64	125	53	114		0.484126984126984
2582776766	GT30.hmm	8.6e-34	12	175	49	208		0.92090395480226
2582776781	GH74.hmm	3.1e-14	36	125	118	210		0.381974248927039
2582776781	GH74.hmm	8.2e-13	36	115	227	308		0.339055793991416
2582776781	GH74.hmm	1.9e-07	48	181	335	460		0.570815450643777
2582776781	GH74.hmm	2.4e-10	31	112	628	705		0.347639484978541
2582776790	CE1.hmm	2.8e-15	77	219	91	248		0.625550660792952
2582776805	GH5_39.hmm	5.3e-72	2	304	46	341		0.99016393442623
2582776805	CBM11.hmm	3.2e-08	62	161	448	556		0.607361963190184
2582776806	CE6.hmm	2.9e-05	45	96	406	456		0.515151515151515
2582776822	GT9.hmm	2e-45	3	221	73	313		0.968888888888889
2582776828	GT51.hmm	2.7e-53	5	177	92	269		0.971751412429379
2582776832	GH74.hmm	7.8e-13	40	113	190	273		0.313304721030043
2582776832	GH74.hmm	4.3e-12	34	115	242	325		0.347639484978541
2582776832	GH74.hmm	3.6e-10	49	191	353	483		0.609442060085837
2582776832	GH74.hmm	3.1e-10	45	141	602	703		0.412017167381974
2582776853	GH109.hmm	6.3e-11	1	118	4	112		0.928571428571429
2582776863	PL22.hmm	5.8e-09	144	240	423	521		0.362264150943396
2582776865	PL22.hmm	6.9e-09	144	240	236	334		0.362264150943396
2582776865	CE10.hmm	2.5e-25	76	323	384	617		0.724340175953079
2582776886	GT4.hmm	2.2e-08	5	150	253	407		0.90625
2582776943	PL22.hmm	6.6e-08	141	221	68	149		0.30188679245283
2582776947	GT28.hmm	2.3e-13	43	135	259	351		0.585987261146497
2582776974	GH33.hmm	6.5e-29	14	328	39	335		0.91812865497076
2582776997	CE1.hmm	1.6e-09	91	208	123	251		0.515418502202643
2582777016	AA12.hmm	6.2e-18	11	356	39	335		0.860349127182045
2582777027	GH74.hmm	0.00069	37	109	39	104		0.309012875536481
2582777027	GH74.hmm	1.1e-09	39	109	161	226		0.300429184549356
2582777040	GT51.hmm	2.4e-62	2	176	69	249		0.983050847457627
2582777054	GH109.hmm	1.4e-18	4	121	46	151		0.928571428571429
2582777067	GT4.hmm	4.6e-34	11	159	198	347		0.925
2582777072	GT4.hmm	5.1e-26	10	157	200	347		0.91875
2582777084	GT2.hmm	3.8e-12	26	139	17	157		0.672619047619048
2582777095	GH13.hmm	5.8e-07	26	213	252	479		0.625418060200669
2582777108	GH74.hmm	0.00069	37	109	39	104		0.309012875536481
2582777108	GH74.hmm	1.1e-09	39	109	161	226		0.300429184549356
2582777117	CE11.hmm	1.7e-67	1	215	3	218		0.789667896678967
2582777123	GH13.hmm	3.2e-06	167	289	12	145		0.408026755852843
2582777156	CBM20.hmm	4.3e-08	15	81	19	87		0.733333333333333
2582777156	CE1.hmm	1.2e-36	7	221	131	355		0.94273127753304
2582777168	CBM20.hmm	2.2e-14	2	82	134	216		0.888888888888889
2582777168	GH77.hmm	2.9e-136	1	487	248	891		0.983805668016194
2582777181	cohesin.hmm	1e-11	1	117	24	135		0.865671641791045
2582777216	GT19.hmm	2.8e-111	1	337	3	339		0.949152542372881
2582777231	GH74.hmm	1.4e-10	37	116	54	139		0.339055793991416
2582777231	GH74.hmm	1.4e-12	41	114	164	250		0.313304721030043
2582777231	GH74.hmm	6e-12	44	114	228	306		0.300429184549356
2582777231	GH74.hmm	1.7e-08	31	115	271	350		0.360515021459227
2582777231	GH74.hmm	9e-08	50	129	654	729		0.339055793991416
2582777283	CBM50.hmm	0.00024	1	40	271	314		0.975
2582777283	CBM50.hmm	0.00016	1	34	327	362		0.825
2582777283	CBM50.hmm	0.00046	1	37	408	448		0.9
2582777283	CBM50.hmm	2.3e-06	1	36	532	565		0.875
2582777291	CBM9.hmm	2.1e-14	1	165	47	218		0.901098901098901
2582777323	GH15.hmm	1.2e-60	5	360	220	578		0.983379501385042
2582777343	AA3.hmm	2.9e-28	185	402	10	432		0.351132686084142
2582777351	GT2.hmm	2e-25	2	167	6	172		0.982142857142857
2582777364	dockerin.hmm	0.00053	1	16	819	834		0.714285714285714
2582777375	CE10.hmm	8.9e-08	145	278	509	622		0.390029325513196
2582777412	AA12.hmm	1.2e-14	184	357	104	245		0.43142144638404
2582777463	GH92.hmm	3.5e-161	2	491	257	776		0.995926680244399
2582777494	GT4.hmm	3.5e-11	5	158	181	336		0.95625
2582777495	GT2.hmm	5.3e-11	1	165	3	161		0.976190476190476
2582777504	GT5.hmm	9e-47	1	211	5	225		0.444915254237288
2582777561	GH74.hmm	3.3e-11	45	138	120	218		0.399141630901288
2582777569	GH109.hmm	1.4e-16	1	123	45	163		0.968253968253968
2582777574	GT14.hmm	6.2e-47	2	235	4	268		0.932
2582777583	CBM44.hmm	1.3e-05	8	63	741	795		0.859375
2582777592	GT2.hmm	2.5e-23	1	167	11	195		0.988095238095238
2582777596	GH74.hmm	1.3e-09	27	111	205	299		0.360515021459227
2582777596	GH74.hmm	5.2e-07	37	112	423	532		0.321888412017167
2582777609	GH3.hmm	1.3e-53	5	196	104	306		0.884259259259259
2582777620	GH2.hmm	9.8e-107	21	611	20	808		0.784574468085106
2582777657	GT2.hmm	9.3e-25	1	99	4	103		0.583333333333333
2582777659	GT2.hmm	2.3e-12	1	129	8	136		0.761904761904762
2582777660	GH74.hmm	3.1e-08	56	137	105	188		0.347639484978541
2582777660	GH74.hmm	1.8e-11	35	110	186	257		0.321888412017167
2582777660	GH74.hmm	2.3e-09	35	132	268	365		0.416309012875536
2582777660	GH74.hmm	6.6e-07	49	135	386	472		0.369098712446352
2582777660	GH74.hmm	1.2e-09	43	121	510	584		0.334763948497854
2582777660	GH74.hmm	4.5e-11	48	136	603	690		0.377682403433476
2582777680	GH74.hmm	4.6e-13	38	110	132	207		0.309012875536481
2582777680	GH74.hmm	1.4e-15	32	113	177	268		0.347639484978541
2582777680	GH74.hmm	8.6e-14	35	129	238	338		0.40343347639485
2582777680	GH74.hmm	9.5e-05	50	120	349	412		0.300429184549356
2582777684	GH3.hmm	3.7e-57	3	214	173	417		0.976851851851852
2582777698	CE10.hmm	2.2e-35	67	311	27	247		0.715542521994135
2582777701	GH16.hmm	2.1e-36	3	189	25	265		0.984126984126984
2582777707	GT2.hmm	1.2e-21	1	120	11	132		0.708333333333333
2582777738	GH109.hmm	1e-16	1	123	42	159		0.968253968253968
2582777762	PL15_1.hmm	0.0008	55	103	70	118		0.345323741007194
2582777773	GH92.hmm	2.3e-185	6	491	254	745		0.987780040733198
2582777778	GH74.hmm	4.4e-07	45	138	255	353		0.399141630901288
2582777778	GH74.hmm	1.9e-08	47	120	362	430		0.313304721030043
2582777797	GT20.hmm	6.2e-174	13	475	2	461		0.972631578947368
2582777813	GH74.hmm	1.8e-10	46	120	9	86		0.317596566523605
2582777813	GH74.hmm	5.3e-07	37	109	259	365		0.309012875536481
2582777827	GH23.hmm	6.7e-22	3	122	75	209		0.881481481481482
2582777827	CBM50.hmm	3.1e-08	1	39	306	347		0.95
2582777865	GT4.hmm	3.3e-33	5	158	193	348		0.95625
2582777877	CE10.hmm	5.9e-21	93	325	447	674		0.680351906158358
2582777880	GH109.hmm	1.8e-16	2	120	49	160		0.936507936507937
2582777901	cohesin.hmm	3e-06	2	113	26	137		0.828358208955224
2582777901	cohesin.hmm	9.5e-05	3	47	195	239		0.328358208955224
2582777901	cohesin.hmm	8.2e-07	2	47	340	385		0.335820895522388
2582777901	cohesin.hmm	6.2e-09	2	108	636	744		0.791044776119403
2582777905	GT27.hmm	8.2e-19	2	242	326	558		0.813559322033898
2582777955	CE1.hmm	1.3e-18	9	216	469	692		0.911894273127753
2582777960	GT4.hmm	2.2e-28	7	149	195	338		0.8875
2582777963	GH109.hmm	4.9e-23	3	125	33	151		0.968253968253968
2582777986	CBM9.hmm	4.7e-19	1	164	40	206		0.895604395604396
2582777998	GH18.hmm	1.5e-38	10	294	144	458		0.959459459459459
2582778009	GH109.hmm	1.4e-16	2	121	44	154		0.944444444444444
2582778010	CBM56.hmm	0.00061	1	49	220	268		0.30188679245283
2582778025	GH16.hmm	4.1e-37	3	189	42	282		0.984126984126984
2582778030	CE3.hmm	9.2e-11	54	192	81	226		0.711340206185567
2582778035	CBM32.hmm	2.5e-09	29	109	27	132		0.645161290322581
