2582922324	AA6.hmm	1.6e-46	2	195	4	181		0.98974358974359
2582922518	GT51.hmm	9.7e-58	13	175	58	231		0.915254237288136
2582922563	GT104.hmm	1.5e-86	7	375	3	368		0.970976253298153
2582922587	GH1.hmm	3.2e-162	3	425	11	441		0.983682983682984
2582922589	GH16.hmm	1.3e-54	2	189	20	283		0.989417989417989
2582922590	GH17.hmm	4e-23	87	307	154	322		0.707395498392283
2582922591	GH17.hmm	9.8e-23	206	306	197	299		0.321543408360129
2582922592	GH30_1.hmm	1.3e-179	4	422	33	445		0.988179669030733
2582922593	GH17.hmm	5.7e-21	17	310	94	390		0.942122186495177
2582922686	GT26.hmm	0.00041	42	109	188	258		0.391812865497076
2582922706	GH23.hmm	3.9e-18	9	123	123	230		0.844444444444444
2582922869	CE1.hmm	1.6e-06	24	209	21	251		0.814977973568282
2582922872	AA4.hmm	6.8e-23	13	245	14	238		0.444444444444444
2582922912	CE1.hmm	1.6e-10	38	143	71	239		0.462555066079295
2582923012	GH23.hmm	8e-19	5	124	28	143		0.881481481481482
2582923294	GH109.hmm	6.1e-09	36	117	37	112		0.642857142857143
2582923303	GH23.hmm	7.2e-26	14	124	501	630		0.814814814814815
2582923365	GT83.hmm	1.8e-46	8	430	21	453		0.781481481481481
2582923401	GT51.hmm	1.4e-67	2	177	47	221		0.988700564971751
2582923463	CE10.hmm	3.1e-31	67	308	46	263		0.706744868035191
2582923509	CE1.hmm	2.4e-06	24	142	38	157		0.519823788546256
2582923540	GT9.hmm	4.8e-38	5	214	116	373		0.928888888888889
2582923542	GT83.hmm	9.3e-42	10	450	14	467		0.814814814814815
2582923569	GH23.hmm	4.5e-18	5	98	108	201		0.688888888888889
2582923666	AA3_2.hmm	3.4e-106	3	568	4	568		0.991228070175439
2582923786	GH102.hmm	1.2e-38	1	157	132	270		0.993630573248408
2582923873	GT10.hmm	2.9e-38	70	296	74	307		0.651296829971182
2582923873	GT2.hmm	1.7e-17	1	166	356	523		0.982142857142857
2582923938	CE10.hmm	7.7e-64	34	336	21	323		0.885630498533724
2582924074	CE4.hmm	2e-13	21	121	85	184		0.769230769230769
2582924135	CE9.hmm	3.8e-116	4	373	6	367		0.989276139410188
2582924214	GT4.hmm	2.3e-32	5	156	216	361		0.94375
2582924246	GT2.hmm	9.3e-17	1	166	6	158		0.982142857142857
2582924248	GT4.hmm	4.1e-40	10	159	224	373		0.93125
2582924249	GT2.hmm	3.2e-17	1	167	4	191		0.988095238095238
2582924251	GT4.hmm	4.9e-18	21	154	196	321		0.83125
2582924256	GT4.hmm	2.3e-16	8	124	183	311		0.725
2582924270	GH23.hmm	5.8e-24	2	122	138	275		0.888888888888889
2582924284	GT83.hmm	2.2e-12	12	511	21	545		0.924074074074074
2582924394	CBM50.hmm	3.1e-09	1	39	66	108		0.95
2582924411	GT9.hmm	8.1e-60	2	221	53	302		0.973333333333333
2582924444	GH3.hmm	1.8e-52	4	215	52	293		0.976851851851852
2582924481	GH109.hmm	2.1e-05	68	122	79	133		0.428571428571429
2582924485	GH109.hmm	7e-07	51	114	65	129		0.5
2582924629	CE10.hmm	9.7e-06	94	261	92	258		0.489736070381232
2582924744	GT19.hmm	1.6e-122	1	351	14	373		0.988700564971751
2582924757	GH77.hmm	4.1e-161	1	489	10	486		0.987854251012146
2582924762	GH1.hmm	1.2e-147	6	424	10	442		0.974358974358974
2582924763	GH13_23.hmm	2.9e-153	1	343	34	383		0.994186046511628
2582924784	AA3_2.hmm	1.6e-123	3	567	4	530		0.989473684210526
2582924821	CBM50.hmm	3.8e-10	1	39	64	111		0.95
2582924827	CE1.hmm	7.9e-19	67	214	69	236		0.647577092511013
2582924828	CE7.hmm	8.1e-56	3	309	17	311		0.977635782747604
2582924846	GH103.hmm	3.6e-86	10	294	58	355		0.96271186440678
2582924882	GH109.hmm	3.7e-06	2	116	15	131		0.904761904761905
2582924888	GH109.hmm	1.1e-07	3	109	4	99		0.841269841269841
2582924943	GT2.hmm	6.5e-10	2	104	59	161		0.607142857142857
2582924947	GT26.hmm	1.7e-41	5	166	64	227		0.941520467836257
2582924965	CE10.hmm	1.7e-54	86	338	54	291		0.73900293255132
2582924999	CE1.hmm	1.4e-14	21	208	13	205		0.823788546255507
2582925053	GH73.hmm	5.1e-35	3	125	160	296		0.953125
2582925133	GH109.hmm	2.6e-09	61	120	57	116		0.468253968253968
2582925165	AA7.hmm	9.4e-12	12	195	52	247		0.399563318777293
2582925257	CE16.hmm	2.3e-06	109	255	179	378		0.546816479400749
2582925277	CE10.hmm	3.2e-33	62	308	41	263		0.721407624633431
2582925286	CE4.hmm	1.7e-06	47	125	1	82		0.6
2582925337	CE1.hmm	3e-06	7	208	87	492		0.885462555066079
2582925395	CE3.hmm	3.3e-12	3	181	31	194		0.917525773195876
2582925405	GT30.hmm	4.5e-63	2	176	36	214		0.983050847457627
2582925407	GT9.hmm	3e-36	2	201	76	297		0.884444444444444
2582925413	GH109.hmm	9e-10	2	120	5	112		0.936507936507937
2582925460	CE1.hmm	6.1e-07	29	143	39	171		0.502202643171806
2582925551	GH28.hmm	4.9e-53	4	306	152	652		0.929230769230769
2582925562	GH109.hmm	2.3e-15	1	122	5	117		0.96031746031746
2582925690	CBM48.hmm	1.2e-21	2	71	128	214		0.907894736842105
2582925690	GH13_9.hmm	3.2e-137	1	290	277	581		0.993127147766323
2582925691	CBM48.hmm	3e-18	2	72	10	102		0.921052631578947
2582925691	GH13_11.hmm	1.2e-122	1	346	176	533		0.997109826589595
2582925694	GT5.hmm	1.3e-157	1	471	2	484		0.995762711864407
2582925695	GT35.hmm	1.1e-278	1	672	112	819		0.995548961424332
2582925697	CE11.hmm	1.9e-111	1	270	4	279		0.992619926199262
2582925703	GT28.hmm	7.3e-47	2	154	184	339		0.968152866242038
2582925848	GH16.hmm	6.1e-47	2	189	106	349		0.989417989417989
2582925849	GH81.hmm	1.1e-123	12	622	51	690		0.980707395498392
2582925939	AA7.hmm	1.7e-06	31	266	18	263		0.513100436681223
2582925980	GT4.hmm	2.7e-24	10	151	202	341		0.88125
2582925983	GT11.hmm	2.4e-70	4	274	8	293		0.978260869565217
2582925984	GT2.hmm	9.3e-28	1	166	20	181		0.982142857142857
2582925994	CE4.hmm	5.3e-32	4	127	57	197		0.946153846153846
2582925996	GT2.hmm	9.3e-16	1	125	5	121		0.738095238095238
2582925997	GT2.hmm	2.4e-15	1	97	8	106		0.571428571428571
2582925998	PL22.hmm	9.1e-15	135	255	292	412		0.452830188679245
2582926016	GT51.hmm	3e-67	2	177	55	229		0.988700564971751
