2582770134	GT2.hmm	6.5e-24	1	138	4	138		0.81547619047619
2582770136	CBM44.hmm	7.1e-06	24	58	770	802		0.53125
2582770141	CBM44.hmm	4.3e-05	22	59	778	814		0.578125
2582770141	CBM44.hmm	1.7e-05	13	62	935	982		0.765625
2582770143	CBM44.hmm	1.9e-05	19	62	1110	1155		0.671875
2582770264	GT27.hmm	1.6e-20	3	225	8	224		0.752542372881356
2582770266	GH74.hmm	5.6e-10	36	119	158	240		0.356223175965665
2582770266	GH74.hmm	2.2e-05	59	142	650	728		0.356223175965665
2582770272	CBM44.hmm	2.8e-08	7	63	315	370		0.875
2582770317	GT4.hmm	2.9e-06	31	157	248	365		0.7875
2582770341	GH5.hmm	8.5e-17	38	254	71	310		0.785454545454545
2582770345	CBM23.hmm	9.6e-06	19	160	57	203		0.87037037037037
2582770346	GH3.hmm	1.3e-69	2	216	109	338		0.990740740740741
2582770347	GH16.hmm	4.6e-09	12	174	44	260		0.857142857142857
2582770415	CBM32.hmm	3e-06	50	110	84	148		0.483870967741935
2582770435	GH74.hmm	5.1e-08	15	112	137	228		0.416309012875536
2582770435	GH74.hmm	1.5e-10	48	125	212	282		0.330472103004292
2582770446	GT2.hmm	1.3e-22	2	167	5	167		0.982142857142857
2582770447	GT4.hmm	3.3e-19	6	153	199	347		0.91875
2582770449	CBM44.hmm	0.00038	19	63	53	95		0.6875
2582770449	CBM44.hmm	4.6e-06	12	63	132	181		0.796875
2582770449	CBM44.hmm	0.00049	10	59	981	1028		0.765625
2582770465	CBM44.hmm	0.00043	18	58	340	381		0.625
2582770465	CBM44.hmm	1.9e-06	18	62	426	468		0.6875
2582770465	CBM44.hmm	2.2e-06	20	62	681	721		0.65625
2582770485	GT83.hmm	2.3e-18	5	359	5	360		0.655555555555556
2582770491	GT5.hmm	2.4e-49	1	212	7	229		0.447033898305085
2582770503	GT87.hmm	9.5e-06	1	100	77	171		0.428571428571429
2582770523	GT2.hmm	1.1e-28	2	167	6	172		0.982142857142857
2582770543	CBM44.hmm	4.2e-06	11	61	867	916		0.78125
2582770543	CBM44.hmm	0.00017	22	59	1219	1255		0.578125
2582770544	CBM44.hmm	1.3e-06	3	58	956	1008		0.859375
2582770546	GT28.hmm	1.2e-06	50	135	221	305		0.54140127388535
2582770549	CE1.hmm	2.3e-07	28	127	15	102		0.436123348017621
2582770551	GT30.hmm	7.7e-35	5	176	39	208		0.966101694915254
2582770568	CE14.hmm	1e-23	1	124	5	110		0.991935483870968
2582770572	GT51.hmm	2.4e-49	11	176	57	219		0.932203389830508
2582770587	GT2.hmm	3.3e-19	1	167	4	188		0.988095238095238
2582770593	GT2.hmm	2.5e-17	1	159	43	202		0.94047619047619
2582770616	GH74.hmm	1.6e-07	54	135	140	228		0.347639484978541
2582770616	CBM44.hmm	0.00054	25	62	829	864		0.578125
2582770639	GT4.hmm	3.7e-14	40	148	167	270		0.675
2582770649	CBM50.hmm	2.8e-13	1	40	39	80		0.975
2582770649	CBM50.hmm	5.3e-13	1	40	98	140		0.975
2582770672	GH13.hmm	4.3e-40	15	289	396	701		0.916387959866221
2582770673	CBM20.hmm	0.00013	1	67	211	284		0.733333333333333
2582770674	GH13.hmm	1.5e-58	13	293	161	477		0.936454849498328
2582770720	CBM44.hmm	0.00073	24	56	561	591		0.5
2582770762	GT2.hmm	1.9e-12	4	91	8	99		0.517857142857143
2582770778	GT9.hmm	1.9e-40	4	221	64	304		0.964444444444444
2582770791	GT83.hmm	1.4e-45	10	339	15	356		0.609259259259259
2582770798	CBM44.hmm	1.2e-07	20	62	345	389		0.65625
2582770798	CBM44.hmm	5.8e-07	7	61	419	471		0.84375
2582770798	CBM44.hmm	0.00087	17	62	687	730		0.703125
2582770826	GH109.hmm	2.3e-19	1	126	2	118		0.992063492063492
2582770837	GH23.hmm	9.1e-12	23	133	163	295		0.814814814814815
2582770838	GT2.hmm	1.5e-14	2	168	9	171		0.988095238095238
2582770866	GT2.hmm	6.3e-17	1	130	66	200		0.767857142857143
2582770906	CE1.hmm	1.1e-07	27	143	3	133		0.511013215859031
2582770915	CE10.hmm	6.5e-22	59	188	40	195		0.378299120234604
2582770949	GH81.hmm	1e-109	13	607	60	671		0.954983922829582
2582770949	CBM6.hmm	2.6e-23	7	138	864	996		0.949275362318841
2582770989	GH92.hmm	4.3e-164	4	489	217	697		0.987780040733198
2582770989	CBM32.hmm	5.7e-12	10	108	811	929		0.790322580645161
2582770992	CE10.hmm	8.8e-18	78	309	469	688		0.67741935483871
2582770994	GT4.hmm	1.9e-31	7	156	182	329		0.93125
2582771004	CE10.hmm	6.3e-17	94	289	7	211		0.571847507331378
2582771021	GT2.hmm	2.7e-14	1	119	5	114		0.702380952380952
2582771042	GT2.hmm	1.9e-16	1	158	6	160		0.93452380952381
2582771049	CBM44.hmm	7.1e-05	5	61	50	105		0.875
2582771049	CBM44.hmm	4.7e-07	20	62	403	445		0.65625
2582771049	CBM44.hmm	8.2e-08	20	63	793	837		0.671875
2582771049	CBM44.hmm	3.4e-05	23	62	1173	1210		0.609375
2582771049	CBM44.hmm	1.1e-06	21	62	1502	1541		0.640625
2582771049	CBM44.hmm	2.2e-05	11	62	1578	1626		0.796875
2582771049	CBM44.hmm	3e-07	23	59	1674	1708		0.5625
2582771049	CBM44.hmm	0.00034	22	62	1757	1795		0.625
2582771067	GT4.hmm	3e-38	5	154	194	340		0.93125
2582771097	GH16.hmm	2e-24	3	189	94	364		0.984126984126984
2582771133	GT2.hmm	2.1e-24	1	161	8	164		0.952380952380952
2582771168	CE11.hmm	2.1e-95	1	270	8	302		0.992619926199262
2582771206	CBM9.hmm	7.5e-15	2	163	47	215		0.884615384615385
2582771207	CBM50.hmm	0.00055	1	27	336	362		0.65
2582771217	GT4.hmm	1.9e-23	4	153	202	349		0.93125
2582771219	GT4.hmm	9e-28	8	148	196	330		0.875
2582771220	GT4.hmm	1.2e-21	10	156	181	322		0.9125
2582771293	GH33.hmm	3.3e-08	29	147	237	341		0.345029239766082
2582771299	CE10.hmm	3.5e-12	83	208	488	623		0.366568914956012
2582771317	GT83.hmm	4.8e-08	86	366	82	370		0.518518518518518
2582771324	GH74.hmm	6.3e-11	42	121	296	378		0.339055793991416
2582771324	CBM44.hmm	8.1e-08	12	62	1219	1267		0.78125
2582771324	CBM44.hmm	1.2e-06	18	62	1310	1351		0.6875
2582771324	CBM44.hmm	3.7e-08	7	63	1382	1436		0.875
2582771324	CBM44.hmm	0.00027	13	59	1473	1516		0.71875
2582771324	CBM44.hmm	6.9e-07	5	60	1633	1684		0.859375
2582771324	CBM44.hmm	0.00039	13	60	1724	1768		0.734375
2582771324	CBM44.hmm	0.00016	7	59	1803	1852		0.8125
2582771324	CBM44.hmm	1.2e-06	10	62	1891	1940		0.8125
2582771324	CBM44.hmm	1.5e-07	7	63	2136	2187		0.875
2582771352	PL22.hmm	3.2e-08	59	167	262	363		0.407547169811321
2582771356	GH73.hmm	2.5e-33	4	128	26	153		0.96875
2582771356	CBM50.hmm	3.6e-08	2	38	240	274		0.9
2582771356	CBM50.hmm	1.8e-12	1	39	318	359		0.95
2582771356	CBM50.hmm	6e-12	1	39	386	427		0.95
2582771356	CBM50.hmm	5.9e-15	1	39	442	483		0.95
2582771369	GT4.hmm	3.7e-14	40	148	167	270		0.675
2582771400	GT4.hmm	5e-12	12	158	226	367		0.9125
2582771401	GH74.hmm	1.4e-14	27	137	99	212		0.472103004291845
2582771401	GH74.hmm	2.4e-13	38	123	220	307		0.36480686695279
2582771401	GH74.hmm	7.6e-09	41	120	572	657		0.339055793991416
2582771428	AA4.hmm	2e-25	9	257	20	257		0.475095785440613
2582771429	GH3.hmm	8.5e-58	4	215	95	321		0.976851851851852
2582771448	CBM44.hmm	1.2e-05	22	61	485	523		0.609375
2582771448	CBM44.hmm	3.1e-07	22	61	568	606		0.609375
2582771465	CBM44.hmm	2.6e-06	12	58	910	955		0.71875
2582771465	CBM44.hmm	4.6e-11	4	62	1242	1297		0.90625
2582771495	GT76.hmm	4.7e-15	47	242	48	258		0.479115479115479
2582771540	CE1.hmm	1.7e-18	9	221	51	320		0.933920704845815
2582771649	AA2.hmm	3.9e-14	7	117	79	191		0.431372549019608
2582771649	AA2.hmm	1.8e-07	154	251	301	416		0.380392156862745
2582771649	AA2.hmm	4e-10	21	250	467	728		0.898039215686275
2582771653	CBM44.hmm	8.2e-06	21	57	137	171		0.5625
2582771653	CBM44.hmm	8.3e-10	22	59	223	258		0.578125
2582771653	CBM44.hmm	5.7e-10	22	61	302	339		0.609375
2582771695	CE4.hmm	3.2e-24	6	125	3	118		0.915384615384615
2582771696	GT21.hmm	2.8e-24	1	230	40	268		0.982832618025751
2582771737	CBM44.hmm	2.2e-05	23	59	779	813		0.5625
2582771740	GH109.hmm	5.9e-12	1	120	3	112		0.944444444444444
2582771759	GT19.hmm	4.1e-116	3	352	5	348		0.985875706214689
2582771764	CE2.hmm	4.8e-11	88	196	298	403		0.516746411483254
2582771764	CBM50.hmm	2.3e-14	1	39	482	524		0.95
2582771772	CE10.hmm	5e-22	83	313	16	233		0.674486803519062
2582771774	CE3.hmm	7.4e-06	53	123	255	328		0.360824742268041
2582771774	CBM50.hmm	1.3e-13	1	39	450	491		0.95
2582771774	CBM50.hmm	1.7e-13	1	39	527	568		0.95
2582771806	GH74.hmm	3.1e-13	24	110	98	188		0.369098712446352
2582771806	GH74.hmm	1e-10	34	118	218	304		0.360515021459227
2582771806	GH74.hmm	1.1e-06	30	138	354	553		0.463519313304721
2582771806	GH74.hmm	2.9e-11	28	133	616	715		0.450643776824034
2582771818	CBM44.hmm	0.00022	18	62	167	215		0.6875
2582771818	CBM44.hmm	1.8e-07	22	62	595	633		0.625
2582771818	CBM44.hmm	0.00012	22	57	681	718		0.546875
2582771848	GT51.hmm	3.8e-44	10	168	386	547		0.892655367231638
2582771890	GT4.hmm	1.1e-11	9	99	185	270		0.5625
2582771894	GH65.hmm	5.6e-109	82	371	1	296		0.776881720430108
2582771895	GH13.hmm	2.1e-51	12	297	337	679		0.953177257525084
2582771896	GH13.hmm	2.8e-54	7	290	39	347		0.946488294314381
2582771912	CBM44.hmm	4.8e-07	24	58	53	85		0.53125
2582771940	GH74.hmm	1.7e-09	39	127	6	87		0.377682403433476
2582771942	GH16.hmm	3e-36	3	189	64	292		0.984126984126984
2582772013	CE1.hmm	1.2e-08	23	216	64	272		0.850220264317181
