2582635267	GT51.hmm	2.5e-60	1	176	66	257		0.988700564971751
2582635280	GT2.hmm	7.6e-25	1	118	4	118		0.696428571428571
2582635309	GT4.hmm	2.9e-27	7	157	168	314		0.9375
2582635367	GH16.hmm	1.7e-53	2	189	50	283		0.989417989417989
2582635389	GT2.hmm	1.1e-23	1	138	9	149		0.81547619047619
2582635392	GT83.hmm	9.7e-79	4	485	4	500		0.890740740740741
2582635399	GT9.hmm	2.9e-19	51	194	138	286		0.635555555555556
2582635400	GH109.hmm	3.5e-16	3	122	46	158		0.944444444444444
2582635401	CE12.hmm	3.1e-06	91	163	146	230		0.342857142857143
2582635446	GT2.hmm	6.7e-23	1	164	5	164		0.970238095238095
2582635447	GT4.hmm	1.1e-21	6	153	240	388		0.91875
2582635463	GT4.hmm	1e-14	21	142	11	125		0.75625
2582635477	CE14.hmm	3.5e-11	2	114	356	511		0.903225806451613
2582635499	CE10.hmm	3e-15	84	311	491	705		0.665689149560117
2582635508	GH105.hmm	2e-117	10	331	45	383		0.966867469879518
2582635512	GH109.hmm	4.5e-13	5	118	43	149		0.896825396825397
2582635515	GH2.hmm	2.8e-98	23	491	32	581		0.622340425531915
2582635519	CE14.hmm	3.3e-18	1	116	37	151		0.92741935483871
2582635520	GH109.hmm	2e-20	1	123	38	158		0.968253968253968
2582635521	GH30.hmm	2.1e-131	12	416	44	454		0.968824940047962
2582635563	GH109.hmm	1.3e-49	1	126	34	159		0.992063492063492
2582635578	CE10.hmm	4.7e-06	73	295	447	658		0.651026392961877
2582635615	GH28.hmm	2.7e-59	9	312	52	393		0.932307692307692
2582635616	GH109.hmm	3.7e-54	1	126	56	180		0.992063492063492
2582635626	GH31.hmm	2.9e-43	2	264	197	451		0.613583138173302
2582635635	CE6.hmm	1e-09	3	95	172	271		0.929292929292929
2582635638	GH109.hmm	4.2e-12	1	124	4	118		0.976190476190476
2582635639	CE10.hmm	4.1e-40	60	329	53	307		0.788856304985337
2582635674	CBM9.hmm	0.00043	89	149	9	75		0.32967032967033
2582635677	GH105.hmm	2.5e-49	8	238	51	273		0.692771084337349
2582635703	GT2.hmm	2.7e-30	2	168	8	175		0.988095238095238
2582635711	CBM44.hmm	2.1e-08	6	64	728	784		0.90625
2582635711	CBM6.hmm	2.7e-10	8	124	992	1106		0.840579710144927
2582635721	CBM66.hmm	2.2e-07	3	155	145	319		0.980645161290323
2582635743	GT2.hmm	7.9e-26	1	166	5	166		0.982142857142857
2582635745	CE14.hmm	1.2e-22	1	124	24	133		0.991935483870968
2582635749	GH20.hmm	1.2e-36	200	336	1	138		0.403560830860534
2582635757	GT30.hmm	2.9e-44	12	176	33	193		0.926553672316384
2582635761	GH106.hmm	1.5e-135	10	421	25	498		0.49878640776699
2582635770	dockerin.hmm	9.5e-05	1	16	895	910		0.714285714285714
2582635782	GH130.hmm	6.8e-84	13	286	171	471		0.922297297297297
2582635805	GT2.hmm	3.4e-20	1	165	23	191		0.976190476190476
2582635841	CE11.hmm	5.9e-73	1	220	5	225		0.808118081180812
2582635852	CBM69.hmm	0.00014	21	70	309	357		0.37984496124031
2582635894	CE10.hmm	2.7e-16	93	203	76	220		0.32258064516129
2582635921	CE10.hmm	9.6e-34	63	321	31	279		0.756598240469208
2582635922	GH109.hmm	1.1e-18	1	123	43	161		0.968253968253968
2582635925	CE9.hmm	6.5e-112	3	373	9	389		0.991957104557641
2582635943	GT2.hmm	1.2e-21	2	126	5	125		0.738095238095238
2582635948	GT5.hmm	3.6e-53	1	211	5	226		0.444915254237288
2582635976	GH28.hmm	9.3e-13	63	193	49	185		0.4
2582636080	AA3.hmm	7.9e-47	86	403	9	567		0.51294498381877
2582636089	GH109.hmm	2e-06	1	48	37	83		0.373015873015873
2582636124	GH5_35.hmm	0.00071	60	120	133	196		0.431654676258993
2582636134	GT4.hmm	2.3e-39	7	158	196	344		0.94375
2582636145	CBM44.hmm	0.00034	37	64	522	547		0.421875
2582636150	CBM50.hmm	0.00016	1	30	39	67		0.725
2582636150	CBM50.hmm	2.7e-08	1	40	114	156		0.975
2582636159	GT51.hmm	1.6e-55	2	177	133	330		0.988700564971751
2582636163	CE1.hmm	1.1e-07	29	174	65	228		0.638766519823789
2582636184	CE1.hmm	3.2e-31	10	208	34	230		0.872246696035242
2582636185	GH20.hmm	2e-120	8	336	159	521		0.973293768545994
2582636194	GH109.hmm	9.8e-10	52	125	42	117		0.579365079365079
2582636210	CE10.hmm	2.5e-39	76	188	104	232		0.328445747800586
2582636218	GH109.hmm	5.1e-24	1	121	54	166		0.952380952380952
2582636239	GT2.hmm	8.3e-12	1	164	4	180		0.970238095238095
2582636240	CE10.hmm	1.3e-24	80	316	456	689		0.69208211143695
2582636243	CE1.hmm	1.3e-15	10	213	552	779		0.894273127753304
2582636264	GH63.hmm	5.3e-19	353	565	421	869		0.371929824561403
2582636298	GH109.hmm	5.3e-11	1	117	35	151		0.920634920634921
2582636322	GH88.hmm	8.4e-131	2	329	58	382		0.993920972644377
2582636325	GH23.hmm	5.8e-29	2	121	111	246		0.881481481481482
2582636325	CBM50.hmm	6.3e-07	2	37	358	396		0.875
2582636325	CBM50.hmm	1.4e-12	1	40	436	480		0.975
2582636329	CE14.hmm	6.2e-23	1	124	6	111		0.991935483870968
2582636330	CBM50.hmm	6.7e-12	2	39	328	369		0.925
2582636336	CBM50.hmm	6.4e-07	5	39	123	157		0.85
2582636336	CBM50.hmm	4.6e-07	1	40	163	205		0.975
2582636355	GT2.hmm	5.3e-24	1	168	4	176		0.994047619047619
2582636401	CE1.hmm	2.9e-06	21	139	70	182		0.519823788546256
2582636409	GH109.hmm	2.5e-19	1	122	4	124		0.96031746031746
2582636431	AA3.hmm	9.4e-51	85	404	8	569		0.516181229773463
2582636438	GT4.hmm	2.1e-19	10	160	222	368		0.9375
2582636460	GH33.hmm	3e-34	14	327	30	319		0.915204678362573
2582636491	GH109.hmm	1.2e-09	2	121	8	119		0.944444444444444
2582636492	CE3.hmm	1.9e-11	35	188	43	202		0.788659793814433
2582636496	GH20.hmm	6.6e-95	8	336	324	756		0.973293768545994
2582636561	GT2.hmm	8.9e-23	1	138	8	141		0.81547619047619
2582636608	GH65.hmm	3.7e-84	149	370	2	231		0.594086021505376
2582636616	PL5.hmm	1.1e-08	139	276	184	321		0.43217665615142
2582636618	GH109.hmm	3.7e-19	2	123	40	166		0.96031746031746
2582636645	GH109.hmm	7.9e-21	1	122	4	115		0.96031746031746
2582636646	GH109.hmm	4.9e-09	14	117	32	138		0.817460317460317
2582636675	GH109.hmm	1.5e-09	2	118	8	116		0.920634920634921
2582636679	GT4.hmm	1e-30	9	158	212	357		0.93125
2582636698	AA2.hmm	2.6e-15	13	117	130	236		0.407843137254902
2582636698	AA2.hmm	2.2e-12	22	253	511	775		0.905882352941176
2582636701	GH3.hmm	1.4e-54	3	214	171	413		0.976851851851852
2582636711	GT2.hmm	3e-24	1	165	5	176		0.976190476190476
2582636726	AA3.hmm	1.1e-50	86	402	1	529		0.511326860841424
2582636735	GH97.hmm	3.4e-166	6	630	66	738		0.988906497622821
2582636779	GT2.hmm	3.2e-15	4	167	1	160		0.970238095238095
2582636800	CBM66.hmm	2.2e-10	30	147	54	181		0.754838709677419
2582636804	GH13_4.hmm	3.3e-171	1	398	101	500		0.99748743718593
2582636809	GH32.hmm	3.5e-100	1	286	31	329		0.972696245733788
