2595244504	GH43.hmm	2.9e-16	14	243	670	954		0.923387096774194
2595244517	CBM66.hmm	5.2e-15	33	149	68	185		0.748387096774194
2595244523	CBM51.hmm	9.4e-46	3	133	29	159		0.970149253731343
2595244523	GH27.hmm	3.1e-22	121	240	359	473		0.317333333333333
2595244524	CBM51.hmm	5.5e-23	17	133	94	217		0.865671641791045
2595244524	GH36.hmm	1.4e-70	107	686	271	843		0.841569767441861
2595244537	GH110.hmm	3.2e-164	31	547	159	665		0.941605839416058
2595244546	GH36.hmm	2.1e-31	250	527	200	495		0.402616279069767
2595244553	GT51.hmm	6.2e-53	13	175	80	241		0.915254237288136
2595244614	CBM44.hmm	3.9e-07	17	58	479	520		0.640625
2595244663	PL12.hmm	2.4e-08	5	137	372	507		0.956521739130435
2595244664	GH129.hmm	1.1e-75	78	597	130	710		0.839805825242718
2595244676	CBM40.hmm	4.1e-10	77	175	155	248		0.547486033519553
2595244680	GT83.hmm	1.2e-44	11	366	266	626		0.657407407407407
2595244684	GH95.hmm	2e-283	7	716	51	799		0.981994459833795
2595244696	GH109.hmm	8.3e-15	1	122	47	182		0.96031746031746
2595244698	GH127.hmm	2.8e-72	50	523	61	509		0.902671755725191
2595244699	GH2.hmm	1.6e-66	21	412	64	539		0.519946808510638
2595244699	CBM32.hmm	5e-26	7	123	763	878		0.935483870967742
2595244717	GH13.hmm	3.5e-54	6	288	55	336		0.94314381270903
2595244719	GH13_7.hmm	4.1e-26	2	99	44	140		0.337979094076655
2595244720	CBM20.hmm	6.9e-05	12	84	269	339		0.8
2595244744	CBM22.hmm	0.00046	1	71	1241	1314		0.534351145038168
2595244745	GH141.hmm	4e-109	3	524	41	567		0.988614800759013
2595244746	GH106.hmm	1.6e-66	2	659	39	707		0.797330097087379
2595244758	GH20.hmm	1.4e-42	9	266	129	389		0.762611275964392
2595244763	GH95.hmm	2.1e-247	5	718	243	992		0.987534626038781
2595244776	CBM6.hmm	5.3e-28	19	124	203	308		0.760869565217391
2595244776	GH120.hmm	9.9e-33	1	91	454	546		0.989010989010989
2595244779	CBM40.hmm	0.00013	92	174	11	90		0.458100558659218
2595244806	CE10.hmm	6.4e-14	27	329	477	762		0.885630498533724
2595244833	CBM67.hmm	3.6e-06	15	89	765	840		0.420454545454545
2595244859	GT4.hmm	1.6e-24	12	156	232	372		0.9
2595244867	GT2.hmm	8.1e-24	1	138	13	149		0.81547619047619
2595244875	GH43_5.hmm	1.1e-94	2	276	29	319		0.992753623188406
2595244875	CBM40.hmm	0.00035	95	172	745	815		0.430167597765363
2595244932	CBM32.hmm	2.3e-09	16	122	304	455		0.854838709677419
2595244940	GH95.hmm	3.6e-09	312	633	348	652		0.444598337950138
2595244949	GH109.hmm	8e-14	1	123	4	117		0.968253968253968
2595244954	GH109.hmm	1.5e-14	1	121	49	174		0.952380952380952
2595244962	CBM38.hmm	1.8e-07	2	68	25	94		0.511627906976744
2595244962	CBM35.hmm	0.00021	24	62	132	170		0.308943089430894
2595244973	GH109.hmm	6.4e-19	2	122	81	198		0.952380952380952
2595244996	CE3.hmm	2.8e-10	53	193	110	261		0.721649484536082
2595244998	CBM50.hmm	1.3e-05	1	40	159	207		0.975
2595245008	CBM47.hmm	8.2e-05	3	80	35	107		0.6015625
2595245008	CBM47.hmm	7e-20	3	117	183	288		0.890625
2595245012	GT9.hmm	5.4e-34	24	206	104	289		0.808888888888889
2595245016	GH29.hmm	1.3e-98	23	346	35	396		0.933526011560694
2595245035	GH5.hmm	1.9e-07	119	205	156	305		0.312727272727273
2595245036	CE1.hmm	4.2e-12	22	144	504	638		0.537444933920705
2595245037	CBM9.hmm	1.2e-30	1	172	47	272		0.93956043956044
2595245038	GT5.hmm	4e-158	2	471	3	484		0.99364406779661
2595245039	CBM45.hmm	7.5e-13	1	81	40	118		0.987654320987654
2595245059	GH2.hmm	5.6e-100	24	487	42	596		0.615691489361702
2595245059	CBM67.hmm	3.9e-10	16	87	678	750		0.403409090909091
2595245094	GH99.hmm	1.3e-33	2	329	82	392		0.979041916167665
2595245095	CE3.hmm	2e-08	52	187	92	229		0.695876288659794
2595245095	CBM16.hmm	9.2e-20	1	113	264	388		0.96551724137931
2595245095	GH51.hmm	1.1e-98	83	541	419	913		0.726984126984127
2595245099	GH78.hmm	4.8e-64	88	502	115	501		0.821428571428571
2595245099	CBM32.hmm	5.5e-22	19	123	607	716		0.838709677419355
2595245101	GH109.hmm	2.5e-21	1	114	43	149		0.896825396825397
2595245102	GH33.hmm	7.5e-105	9	342	38	379		0.973684210526316
2595245107	AA6.hmm	1.1e-50	2	194	4	186		0.984615384615385
2595245118	CE1.hmm	4.4e-06	111	208	184	298		0.427312775330396
2595245129	GH16.hmm	2.5e-28	3	189	66	280		0.984126984126984
2595245129	CBM16.hmm	4.8e-11	2	112	285	405		0.948275862068966
2595245129	CBM16.hmm	3.1e-12	2	112	428	537		0.948275862068966
2595245130	GH2.hmm	6.8e-45	20	568	214	906		0.728723404255319
2595245172	CE1.hmm	1.6e-07	103	211	85	252		0.475770925110132
2595245177	CE1.hmm	4e-30	2	207	92	331		0.903083700440529
2595245178	GH63.hmm	5.1e-18	364	562	428	871		0.347368421052632
2595245182	GT4.hmm	1.5e-27	7	159	206	354		0.95
2595245199	CBM40.hmm	0.00095	91	174	120	200		0.463687150837989
2595245224	GH5_25.hmm	1.3e-89	6	261	53	309		0.973282442748092
2595245226	GH109.hmm	1.9e-19	3	114	1	109		0.880952380952381
2595245227	GH141.hmm	1.2e-33	2	245	24	289		0.461100569259962
2595245227	GH141.hmm	3.9e-12	329	524	324	506		0.370018975332068
2595245234	AA4.hmm	1.6e-22	16	265	6	247		0.477011494252874
2595245241	CE3.hmm	8.2e-10	35	184	71	229		0.768041237113402
2595245282	GT2.hmm	2.2e-27	2	168	6	170		0.988095238095238
2595245307	GH2.hmm	1.3e-66	28	391	39	445		0.482712765957447
2595245307	CBM32.hmm	1e-16	11	122	908	1032		0.895161290322581
2595245312	GH99.hmm	2.9e-08	2	122	581	709		0.359281437125749
2595245325	GH120.hmm	6.2e-34	3	91	1	89		0.967032967032967
2595245354	GH109.hmm	1.3e-16	2	117	45	155		0.912698412698413
2595245380	CBM20.hmm	6e-13	3	82	3	86		0.877777777777778
2595245380	CBM20.hmm	1.6e-08	4	83	139	222		0.877777777777778
2595245380	GH77.hmm	9.8e-148	1	490	251	914		0.989878542510121
2595245386	GT35.hmm	1.9e-112	210	553	271	650		0.508902077151335
2595245417	GH109.hmm	5.9e-17	4	111	46	143		0.849206349206349
2595245429	GT4.hmm	1.9e-28	6	158	201	353		0.95
2595245431	AA7.hmm	7.8e-15	12	152	35	178		0.305676855895196
2595245455	CBM8.hmm	9.1e-24	2	142	631	769		0.979020979020979
2595245456	GH94.hmm	4.3e-194	302	1036	46	781		0.708494208494209
2595245467	GH2.hmm	1.9e-36	248	555	2	380		0.408244680851064
2595245467	CBM57.hmm	7e-30	4	147	544	689		0.972789115646258
2595245480	GH51.hmm	1.8e-71	95	539	189	614		0.704761904761905
2595245484	GT2.hmm	8.8e-22	1	104	38	140		0.613095238095238
2595245521	CBM50.hmm	1.1e-09	1	40	149	192		0.975
2595245521	CBM50.hmm	2e-13	2	40	228	269		0.95
2595245523	GT28.hmm	2.4e-45	2	153	188	345		0.961783439490446
2595245535	GH130.hmm	1.5e-86	1	295	3	336		0.993243243243243
2595245573	GT9.hmm	2.2e-53	18	220	3	264		0.897777777777778
2595245596	GH2.hmm	8.2e-18	250	533	11	349		0.376329787234043
2595245596	GT2.hmm	2.6e-27	1	115	306	415		0.678571428571429
2595245602	GH74.hmm	6e-13	39	116	147	219		0.330472103004292
2595245602	GH74.hmm	6.1e-06	44	115	233	296		0.304721030042918
2595245603	GH109.hmm	1e-21	3	117	80	191		0.904761904761905
2595245623	CBM40.hmm	0.00059	91	174	357	435		0.463687150837989
2595245623	CBM67.hmm	1.5e-06	15	131	463	585		0.659090909090909
2595245658	GH20.hmm	1e-06	137	323	3	186		0.551928783382789
2595245666	CE10.hmm	4e-33	80	340	89	323		0.762463343108504
2595245667	CBM32.hmm	2.8e-06	45	122	33	119		0.620967741935484
2595245680	GH109.hmm	1.2e-18	1	123	37	151		0.968253968253968
2595245686	CBM23.hmm	4.9e-08	35	162	61	186		0.783950617283951
2595245686	GH39.hmm	1.8e-34	63	353	514	770		0.672853828306265
2595245710	GH106.hmm	1.2e-70	4	543	22	604		0.654126213592233
2595245710	CBM66.hmm	1.3e-06	102	154	599	650		0.335483870967742
2595245710	CBM66.hmm	3.5e-06	22	97	688	759		0.483870967741935
2595245713	GH109.hmm	3.1e-18	1	118	57	189		0.928571428571429
2595245727	GH74.hmm	7.3e-06	42	121	629	706		0.339055793991416
2595245727	GH74.hmm	1.5e-05	33	115	706	778		0.351931330472103
2595245727	GH74.hmm	1.4e-08	35	130	795	888		0.407725321888412
2595245732	GH50.hmm	1.1e-160	2	652	69	697		0.995405819295559
2595245743	GH50.hmm	1e-77	186	652	175	622		0.713629402756508
2595245764	AA2.hmm	4.6e-13	14	118	78	183		0.407843137254902
2595245764	AA2.hmm	8.2e-13	21	253	457	724		0.909803921568627
2595245791	GH33.hmm	3.6e-89	11	341	55	400		0.964912280701754
2595245812	GH109.hmm	1e-09	61	118	4	61		0.452380952380952
2595245818	GH109.hmm	2.1e-17	3	122	46	162		0.944444444444444
2595245819	CBM51.hmm	3.2e-14	71	133	21	84		0.462686567164179
2595245826	GH43.hmm	6.6e-13	13	220	85	282		0.834677419354839
2595245834	GT2.hmm	1.2e-30	1	167	8	171		0.988095238095238
2595245836	GH109.hmm	6.2e-08	2	121	3	110		0.944444444444444
2595245840	GT2.hmm	3.2e-11	2	101	8	99		0.589285714285714
2595245841	GT2.hmm	1.3e-14	3	97	10	106		0.55952380952381
2595245841	GT7.hmm	3.6e-08	146	228	179	262		0.328
2595245844	GT2.hmm	2.9e-19	2	167	45	197		0.982142857142857
2595245845	GT11.hmm	1.7e-12	7	244	2	270		0.858695652173913
2595245855	CBM40.hmm	2.4e-07	47	172	924	1055		0.698324022346369
2595245860	CE4.hmm	5.8e-10	26	113	22	156		0.669230769230769
2595245862	GT2.hmm	7.7e-23	3	164	12	175		0.958333333333333
2595245888	CBM44.hmm	1.2e-07	10	62	438	489		0.8125
2595245888	CBM16.hmm	1.4e-06	2	101	511	618		0.853448275862069
2595245888	CBM44.hmm	7.8e-08	6	57	665	714		0.796875
2595245888	CBM16.hmm	2.1e-06	2	105	736	846		0.887931034482759
2595245900	GH109.hmm	2.5e-18	2	114	54	164		0.888888888888889
2595245902	CBM9.hmm	2.2e-10	6	181	9	208		0.961538461538462
2595245921	GT21.hmm	2e-62	1	233	41	273		0.995708154506438
2595245922	GH106.hmm	7.8e-106	268	668	3	385		0.485436893203884
2595245923	CBM35.hmm	0.00068	31	79	2299	2348		0.390243902439024
2595245933	CE10.hmm	1.1e-17	58	192	22	149		0.392961876832845
2595245942	CE6.hmm	2.8e-05	62	92	306	334		0.303030303030303
2595245949	CBM13.hmm	8.3e-15	7	135	37	176		0.680851063829787
2595245949	CE1.hmm	1e-21	6	222	215	436		0.951541850220264
2595245965	PL1_2.hmm	2.8e-40	2	176	82	256		0.988636363636364
2595245968	AA3.hmm	1.6e-46	89	397	172	635		0.498381877022654
2595245971	CBM32.hmm	1.4e-13	11	69	223	292		0.467741935483871
