2595245988	GH105.hmm	1.2e-59	57	331	125	394		0.825301204819277
2595245995	CE12.hmm	1.5e-55	2	209	31	242		0.985714285714286
2595246004	GH28.hmm	1.3e-75	5	307	72	446		0.929230769230769
2595246005	GH28.hmm	8.7e-78	8	320	65	412		0.96
2595246012	GH29.hmm	7.4e-90	23	345	25	330		0.930635838150289
2595246013	GH28.hmm	2.2e-66	4	307	24	356		0.932307692307692
2595246014	GH141.hmm	5.8e-21	2	245	30	319		0.461100569259962
2595246014	GH141.hmm	2.5e-10	331	523	336	537		0.364326375711575
2595246015	CE6.hmm	0.00011	3	60	186	241		0.575757575757576
2595246015	CE6.hmm	0.0004	62	96	331	363		0.343434343434343
2595246018	GH43_24.hmm	1.7e-47	1	238	54	318		0.971311475409836
2595246027	GH29.hmm	5.3e-102	17	345	62	435		0.947976878612717
2595246031	CE14.hmm	9.9e-21	1	122	49	172		0.975806451612903
2595246035	CE14.hmm	2.4e-16	1	124	14	120		0.991935483870968
2595246036	GT4.hmm	1.5e-25	8	156	196	340		0.925
2595246074	CE3.hmm	3.2e-13	53	188	212	358		0.695876288659794
2595246086	GH28.hmm	2.2e-84	6	305	49	416		0.92
2595246205	GT4.hmm	3.3e-26	12	157	220	371		0.90625
2595246206	GT4.hmm	5.1e-16	5	153	158	308		0.925
2595246208	GT4.hmm	7.7e-24	8	154	206	354		0.9125
2595246210	GT83.hmm	3.9e-15	94	383	129	423		0.535185185185185
2595246212	GT4.hmm	1.4e-17	15	159	352	518		0.9
2595246216	GT8.hmm	4.1e-14	38	254	15	227		0.840466926070039
2595246217	GT2.hmm	2.8e-20	1	119	7	127		0.702380952380952
2595246218	GT27.hmm	1e-21	17	248	19	245		0.783050847457627
2595246225	CE10.hmm	4.1e-48	69	313	31	280		0.715542521994135
2595246225	GH2.hmm	2.1e-107	20	491	313	892		0.626329787234043
2595246287	GH109.hmm	1.8e-05	54	123	62	131		0.547619047619048
2595246291	AA3.hmm	8.4e-56	84	403	7	596		0.516181229773463
2595246292	GH1.hmm	5.2e-156	3	428	42	492		0.990675990675991
2595246298	PL12.hmm	8e-10	3	107	227	330		0.753623188405797
2595246299	GH109.hmm	2e-13	2	116	44	148		0.904761904761905
2595246300	CBM66.hmm	3.7e-12	3	155	59	232		0.980645161290323
2595246305	CE10.hmm	4.9e-10	74	314	459	690		0.703812316715543
2595246310	CBM32.hmm	3.2e-13	35	122	792	882		0.701612903225806
2595246313	GH2.hmm	7.2e-98	26	442	36	525		0.553191489361702
2595246314	GH29.hmm	1e-100	23	346	32	403		0.933526011560694
2595246316	GH109.hmm	2.5e-18	3	120	55	165		0.928571428571429
2595246317	CE1.hmm	2.5e-26	9	207	41	254		0.872246696035242
2595246353	CBM50.hmm	1.1e-12	1	40	145	188		0.975
2595246362	CE10.hmm	1.2e-10	93	304	285	532		0.618768328445748
2595246368	CBM40.hmm	5.4e-06	91	174	158	241		0.463687150837989
2595246370	GT9.hmm	3.1e-36	7	216	131	393		0.928888888888889
2595246379	CE12.hmm	3.9e-62	1	210	196	392		0.995238095238095
2595246380	GH2.hmm	9e-119	20	466	23	561		0.593085106382979
2595246381	GH28.hmm	6.9e-69	7	322	74	460		0.969230769230769
2595246383	GH28.hmm	2.3e-64	10	312	54	373		0.929230769230769
2595246384	GH106.hmm	9.2e-221	4	761	40	867		0.918689320388349
2595246389	GH77.hmm	1.3e-155	1	442	18	456		0.892712550607287
2595246404	GH109.hmm	7.2e-22	2	126	6	120		0.984126984126984
2595246409	GH109.hmm	1.6e-13	5	123	9	120		0.936507936507937
2595246411	GH109.hmm	2.7e-11	9	120	48	152		0.880952380952381
2595246473	CBM50.hmm	1.5e-10	1	40	122	165		0.975
2595246478	GH109.hmm	2.5e-19	1	121	40	163		0.952380952380952
2595246490	CE9.hmm	6e-89	50	342	3	301		0.7828418230563
2595246498	GH92.hmm	1.3e-120	19	491	1	458		0.961303462321792
2595246501	GH2.hmm	8e-101	21	489	25	608		0.622340425531915
2595246511	GH28.hmm	1.5e-92	8	321	65	417		0.963076923076923
2595246522	GH33.hmm	1.8e-88	14	330	35	374		0.923976608187134
2595246535	GT2.hmm	8.2e-28	1	168	4	168		0.994047619047619
2595246539	CE3.hmm	2e-14	6	189	37	205		0.943298969072165
2595246565	GT4.hmm	2.2e-35	4	158	197	345		0.9625
2595246566	GT28.hmm	1.3e-14	10	131	223	344		0.770700636942675
2595246569	GT30.hmm	3.6e-46	2	176	33	217		0.983050847457627
2595246580	CBM32.hmm	9.7e-12	14	123	657	769		0.879032258064516
2595246581	GH109.hmm	7.7e-23	18	121	4	111		0.817460317460317
2595246583	CBM67.hmm	1.3e-18	3	176	180	324		0.982954545454545
2595246583	CBM67.hmm	4e-36	16	167	337	498		0.857954545454545
2595246583	GH78.hmm	4.5e-163	1	503	546	1051		0.996031746031746
2595246587	GT4.hmm	2.7e-34	5	153	182	327		0.925
2595246594	GT35.hmm	9.9e-280	1	672	108	823		0.995548961424332
2595246605	CE1.hmm	8.5e-11	7	220	446	690		0.938325991189427
2595246607	GH35.hmm	1.1e-113	1	305	30	342		0.990228013029316
2595246612	PL12.hmm	5.1e-10	8	137	405	541		0.934782608695652
2595246617	GH78.hmm	5.5e-100	3	503	173	693		0.992063492063492
2595246618	CE3.hmm	8.8e-11	53	188	88	221		0.695876288659794
2595246618	GH29.hmm	1.1e-111	25	346	232	563		0.927745664739884
2595246634	CE1.hmm	3.5e-10	30	143	33	151		0.497797356828194
2595246651	GH88.hmm	1.5e-64	2	325	50	454		0.981762917933131
2595246715	CE14.hmm	5.4e-09	1	122	28	144		0.975806451612903
2595246791	GT2.hmm	1.3e-23	1	129	8	146		0.761904761904762
2595246792	GT9.hmm	4.8e-41	51	215	23	206		0.728888888888889
2595246793	GT2.hmm	6e-19	4	121	10	124		0.696428571428571
2595246794	GT2.hmm	2.3e-25	2	123	14	138		0.720238095238095
2595246795	GT2.hmm	1.6e-13	1	114	9	113		0.672619047619048
2595246808	GH92.hmm	2.2e-146	6	486	251	742		0.977596741344195
2595246811	CBM67.hmm	4.3e-33	1	168	61	228		0.948863636363636
2595246811	GH78.hmm	3.4e-74	83	504	325	747		0.83531746031746
2595246812	GH28.hmm	1.5e-60	6	309	79	410		0.932307692307692
2595246813	PL25.hmm	4.3e-138	3	432	27	448		0.988479262672811
2595246814	GH95.hmm	8e-283	6	715	40	787		0.981994459833795
2595246841	GH109.hmm	1.9e-24	2	123	49	166		0.96031746031746
2595246842	CBM32.hmm	9.1e-10	18	114	94	214		0.774193548387097
2595246843	GT83.hmm	5.7e-23	20	353	2	359		0.616666666666667
2595246857	GT2.hmm	1.2e-23	3	134	13	145		0.779761904761905
2595246876	GH109.hmm	8.1e-08	1	118	5	122		0.928571428571429
2595246878	CBM50.hmm	1.9e-10	1	40	225	274		0.975
2595246879	GH109.hmm	8.4e-12	4	122	10	119		0.936507936507937
2595246893	CE12.hmm	1.5e-72	1	210	30	240		0.995238095238095
2595246923	PL22_2.hmm	8.6e-45	3	158	211	424		0.981012658227848
2595246946	GH20.hmm	1.1e-29	14	255	8	256		0.71513353115727
2595246953	CE10.hmm	2.9e-40	81	331	62	301		0.733137829912023
2595246954	CE10.hmm	4.5e-35	81	336	63	306		0.747800586510264
2595246958	GH23.hmm	2e-25	12	123	175	300		0.822222222222222
2595246969	GH2.hmm	3.5e-77	27	412	36	520		0.511968085106383
2595246971	GH109.hmm	4e-10	24	125	32	124		0.801587301587302
2595246976	PL5.hmm	2.6e-07	70	276	108	331		0.649842271293375
2595247003	CBM50.hmm	2.7e-14	1	40	58	101		0.975
2595247003	CBM50.hmm	1.2e-13	1	40	140	183		0.975
2595247005	GT28.hmm	4.2e-39	3	148	189	339		0.923566878980892
2595247015	CBM48.hmm	2.9e-15	2	72	105	199		0.921052631578947
2595247015	GH13_11.hmm	3.1e-46	12	345	265	553		0.96242774566474
2595247028	GT19.hmm	5.7e-86	2	352	20	372		0.988700564971751
2595247029	GH109.hmm	4.1e-07	1	120	6	113		0.944444444444444
2595247037	GH105.hmm	3.5e-87	11	331	49	359		0.963855421686747
2595247039	GH109.hmm	1.3e-16	21	122	3	106		0.801587301587302
2595247065	GH20.hmm	1e-108	8	336	155	467		0.973293768545994
2595247066	CE14.hmm	6.5e-11	3	114	385	534		0.895161290322581
2595247120	CE4.hmm	1.8e-10	11	126	5	173		0.884615384615385
2595247123	GT2.hmm	1.3e-20	1	123	9	132		0.726190476190476
2595247125	GT83.hmm	2.9e-120	4	518	8	525		0.951851851851852
2595247137	CE15.hmm	4.5e-86	1	268	59	433		0.992565055762082
2595247188	CBM48.hmm	4.6e-21	2	71	130	216		0.907894736842105
2595247188	GH13_9.hmm	1e-137	2	290	286	586		0.989690721649485
2595247207	CE6.hmm	4.7e-05	62	95	303	334		0.333333333333333
2595247225	GT9.hmm	2.8e-45	3	206	69	298		0.902222222222222
2595247308	GT9.hmm	2.3e-34	93	201	1	112		0.48
2595247349	GT2.hmm	2.7e-12	2	166	103	284		0.976190476190476
2595247425	PL22.hmm	1.1e-06	138	242	225	327		0.392452830188679
2595247425	PL22.hmm	1.1e-09	141	226	366	454		0.320754716981132
2595247483	CBM50.hmm	1.3e-14	1	40	104	147		0.975
2595247530	GH42.hmm	1.2e-123	2	370	41	420		0.991913746630728
2595247533	CE1.hmm	6.3e-06	1	121	43	160		0.52863436123348
2595247571	GH109.hmm	4.5e-16	3	114	42	149		0.880952380952381
2595247592	AA7.hmm	4.4e-19	10	195	36	230		0.403930131004367
2595247596	GT39.hmm	3e-06	56	216	78	233		0.717488789237668
2595247608	GH109.hmm	1.5e-11	3	119	46	158		0.920634920634921
2595247634	GH109.hmm	5e-09	1	45	37	81		0.349206349206349
