HMM Profile	Profile Length	Gene ID	Gene Length	E Value	Profile Start	Profile End	Gene Start	Gene End	Coverage
CE4.hmm	130	2583038644_1_651_+	216	9.7e-24	5	118	26	135	0.869230769231
GT5.hmm	472	2583038673_1_804_+	267	1.3e-44	1	221	5	235	0.466101694915
GH130.hmm	296	2583038683_1_1044_+	347	6.3e-83	3	294	6	345	0.983108108108
GT5.hmm	472	2583038710_1_1416_+	471	1.4e-145	2	471	3	467	0.993644067797
GT83.hmm	540	2583038715_1_1644_+	547	8.3e-86	4	490	6	500	0.9
CE4.hmm	130	2583038741_1_894_+	297	2.1e-25	2	116	127	248	0.876923076923
GH51.hmm	630	2583038746_1_1860_+	619	6.3e-26	136	380	74	358	0.387301587302
GH2.hmm	752	2583038747_1_2796_+	931	1.2e-84	23	426	37	520	0.535904255319
GH26.hmm	303	2583038748_1_1089_+	362	9.1e-63	1	299	24	356	0.983498349835
GH20.hmm	337	2583038756_1_1089_+	362	6.5e-32	28	308	38	323	0.830860534125
GH9.hmm	418	2583038760_1_2583_+	860	2.2e-43	8	403	400	840	0.944976076555
GH43_9.hmm	273	2583038767_1_939_+	312	5.8e-49	166	273	1	108	0.391941391941
GH2.hmm	752	2583038768_1_2076_+	691	7.4e-107	13	554	52	670	0.719414893617
GH31.hmm	427	2583038780_1_2808_+	935	4.1e-113	1	378	218	617	0.882903981265
GH30_2.hmm	414	2583038781_1_1374_+	457	6.7e-158	3	414	50	456	0.992753623188
GH2.hmm	752	2583038783_1_3165_+	1054	7.8e-215	17	751	51	936	0.976063829787
GH66.hmm	556	2583038797_1_1770_+	589	1.7e-180	2	555	46	588	0.994604316547
GH31.hmm	427	2583038798_1_2511_+	836	2.3e-148	1	427	236	686	0.997658079625
GH78.hmm	504	2583038799_1_2688_+	895	1.2e-22	206	384	317	531	0.353174603175
CBM9.hmm	182	2583038811_1_645_+	214	5.5e-16	35	180	49	211	0.796703296703
GH20.hmm	337	2583038816_1_2346_+	781	1.1e-119	8	336	160	514	0.973293768546
GH30_2.hmm	414	2583038843_1_1413_+	470	2.9e-180	4	413	51	467	0.987922705314
GT2_Glycos_transf_2.hmm	170	2583038844_1_723_+	240	3.7e-30	1	167	7	175	0.976470588235
GT2_Glycos_transf_2.hmm	170	2583038847_1_942_+	313	1.5e-31	1	168	8	169	0.982352941176
GH146.hmm	503	2583038850_1_1830_+	609	7.7e-202	1	502	42	551	0.996023856859
CBM51.hmm	134	2583038851_1_2043_+	680	1.6e-44	1	134	32	166	0.992537313433
GH43_29.hmm	270	2583038852_1_1374_+	457	2e-82	1	270	24	311	0.996296296296
CBM6.hmm	138	2583038852_1_1374_+	457	9.6e-32	14	138	332	456	0.898550724638
GH2.hmm	752	2583038853_1_3159_+	1052	8.2e-213	18	749	64	936	0.972074468085
GH43_15.hmm	273	2583038854_1_1959_+	652	1e-112	1	272	39	314	0.992673992674
CBM6.hmm	138	2583038854_1_1959_+	652	4.3e-17	29	136	538	650	0.775362318841
CE6.hmm	99	2583038855_1_849_+	282	1.4e-35	1	99	88	199	0.989898989899
CE1.hmm	227	2583038857_1_1164_+	387	5.3e-56	1	219	152	381	0.960352422907
CE1.hmm	227	2583038858_1_1125_+	374	9.4e-51	1	221	157	369	0.969162995595
CE1.hmm	227	2583038859_1_1164_+	387	3.9e-58	1	221	151	382	0.969162995595
CE1.hmm	227	2583038860_1_1206_+	401	3.1e-54	1	220	153	395	0.964757709251
GH3.hmm	216	2583038861_1_3342_+	1113	5.1e-34	85	215	1	145	0.601851851852
GH13.hmm	299	2583038862_1_1788_+	595	4.5e-39	9	289	76	377	0.936454849498
GH120.hmm	91	2583038867_1_1911_+	636	1.6e-33	1	91	320	411	0.989010989011
GH3.hmm	216	2583038868_1_2058_+	685	8.3e-77	2	215	104	326	0.986111111111
GT51.hmm	177	2583038885_1_2427_+	808	4.1e-58	1	176	81	261	0.988700564972
AA12.hmm	401	2583038910_1_1167_+	388	6.3e-18	5	399	23	380	0.982543640898
GH2.hmm	752	2583038913_1_2874_+	957	1.1e-92	20	532	66	802	0.68085106383
GH3.hmm	216	2583038942_1_1494_+	497	1e-69	3	215	58	298	0.981481481481
GH3.hmm	216	2583039004_1_2943_+	980	7.6e-57	4	214	98	323	0.972222222222
GH92.hmm	491	2583039028_1_573_+	190	5.6e-72	317	491	1	184	0.354378818737
GH97.hmm	631	2583039031_1_1938_+	645	1e-214	4	630	12	641	0.992076069731
CE10.hmm	341	2583039039_1_2082_+	693	3.4e-19	54	315	420	676	0.765395894428
CE10.hmm	341	2583039047_1_1641_+	546	3.1e-40	75	242	104	283	0.489736070381
GH55.hmm	740	2583039081_1_2982_+	993	4.4e-95	26	617	28	608	0.798648648649
GH5_46.hmm	276	2583039082_1_1659_+	552	2.8e-77	1	275	82	341	0.992753623188
GH30_1.hmm	423	2583039083_1_1455_+	484	9.9e-189	3	422	65	483	0.990543735225
GH30_1.hmm	423	2583039088_1_1467_+	488	1.6e-179	2	423	68	488	0.995271867612
GH9.hmm	418	2583039140_1_1641_+	546	6.4e-98	2	418	113	541	0.995215311005
GH27.hmm	375	2583039201_1_1437_+	478	5.3e-26	118	265	46	237	0.392
GH16.hmm	189	2583039206_1_819_+	272	7.1e-53	2	189	38	269	0.989417989418
GH94.hmm	1036	2583039235_1_2439_+	812	1e-299	263	1036	2	809	0.746138996139
GT2_Glycos_transf_2.hmm	170	2583039238_1_1098_+	365	1.8e-21	1	112	42	154	0.652941176471
CBM9.hmm	182	2583039252_1_2634_+	877	4.4e-18	1	148	41	196	0.807692307692
GH31.hmm	427	2583039262_1_2400_+	799	2.1e-128	1	427	228	685	0.997658079625
GH3.hmm	216	2583039267_1_3123_+	1040	6e-72	3	216	63	271	0.986111111111
CBM35.hmm	123	2583039268_1_1779_+	592	2.1e-21	1	122	63	177	0.983739837398
GH26.hmm	303	2583039268_1_1779_+	592	1.7e-91	1	302	192	495	0.993399339934
GH5_7.hmm	260	2583039269_1_1329_+	442	4e-65	5	260	69	384	0.980769230769
GH26.hmm	303	2583039271_1_1101_+	366	1.3e-58	2	257	25	301	0.841584158416
GH3.hmm	216	2583039272_1_2211_+	736	6.2e-52	4	212	74	314	0.962962962963
GH35.hmm	307	2583039274_1_1563_+	520	1.7e-30	1	168	23	198	0.543973941368
GH59.hmm	631	2583039275_1_2076_+	691	2.4e-163	2	631	40	667	0.996830427892
GH28.hmm	325	2583039276_1_1530_+	509	5.8e-62	6	311	52	402	0.938461538462
GH53.hmm	342	2583039277_1_1062_+	353	4.1e-110	2	310	41	329	0.900584795322
GH27.hmm	375	2583039279_1_1212_+	403	1.5e-48	123	339	114	305	0.576
GH43_1.hmm	310	2583039396_1_1053_+	350	3e-166	2	310	35	343	0.993548387097
CE4.hmm	130	2583039397_1_1284_+	427	8.5e-20	8	107	45	144	0.761538461538
GH97.hmm	631	2583039401_1_1944_+	647	2.7e-205	5	628	11	642	0.987321711569
GH43_28.hmm	258	2583039405_1_1710_+	569	5.8e-77	3	258	49	307	0.988372093023
CBM32.hmm	124	2583039405_1_1710_+	569	2.9e-23	7	107	346	459	0.806451612903
CBM67.hmm	176	2583039420_1_2727_+	908	5.5e-40	1	167	142	319	0.943181818182
GH78.hmm	504	2583039420_1_2727_+	908	4.1e-189	3	504	348	862	0.994047619048
GT2_Glycos_transf_2.hmm	170	2583039498_1_741_+	246	5.5e-29	2	167	6	171	0.970588235294
GT35.hmm	674	2583039507_1_2538_+	845	1.4e-130	20	575	117	644	0.823442136499
GH57.hmm	383	2583039508_1_1362_+	453	1.1e-63	2	306	6	319	0.793733681462
GT4.hmm	160	2583039509_1_1317_+	438	2.2e-33	8	155	252	396	0.91875
GH133.hmm	372	2583039510_1_1947_+	648	5e-96	7	371	286	637	0.978494623656
GH13_8.hmm	274	2583039512_1_2013_+	670	5.6e-113	1	274	217	508	0.996350364964
GT83.hmm	540	2583039544_1_1548_+	515	6.4e-20	10	368	13	352	0.662962962963
GH2.hmm	752	2583039545_1_2997_+	998	1.3e-74	31	602	126	927	0.759308510638
CBM22.hmm	131	2583039546_1_2739_+	912	4.3e-21	1	129	36	162	0.977099236641
GH10.hmm	303	2583039546_1_2739_+	912	5.7e-42	11	302	202	532	0.960396039604
CE1.hmm	227	2583039548_1_1734_+	577	2.2e-41	6	218	31	281	0.933920704846
CE1.hmm	227	2583039548_1_1734_+	577	5.3e-46	2	217	308	568	0.947136563877
GT9.hmm	225	2583039555_1_984_+	327	1.8e-45	3	221	65	308	0.968888888889
CE14.hmm	124	2583039582_1_879_+	292	6.5e-23	2	124	29	137	0.983870967742
CE10.hmm	341	2583039622_1_2133_+	710	1.8e-16	80	309	469	689	0.671554252199
GH77.hmm	494	2583039639_1_1500_+	499	4e-169	1	480	9	477	0.96963562753
GH51.hmm	630	2583039641_1_1545_+	514	1.2e-133	86	542	24	514	0.72380952381
GH2.hmm	752	2583039642_1_2418_+	805	5.1e-133	20	612	22	745	0.787234042553
GH2.hmm	752	2583039677_1_4011_+	1336	7.1e-36	19	471	77	668	0.601063829787
GT19.hmm	354	2583039690_1_1137_+	378	1.4e-112	2	350	4	352	0.983050847458
GH18.hmm	296	2583039715_1_675_+	224	9.8e-24	147	287	1	122	0.472972972973
GH5_46.hmm	276	2583039735_1_2709_+	902	5.7e-95	3	275	79	336	0.985507246377
CBM6.hmm	138	2583039735_1_2709_+	902	5.5e-24	2	131	419	562	0.934782608696
CBM6.hmm	138	2583039735_1_2709_+	902	2.3e-26	17	136	688	808	0.86231884058
GH3.hmm	216	2583039865_1_2187_+	728	1.1e-63	2	215	57	278	0.986111111111
GH5_25.hmm	262	2583039867_1_1989_+	662	7.6e-62	3	259	50	298	0.977099236641
CBM6.hmm	138	2583039867_1_1989_+	662	1.6e-27	1	137	438	573	0.985507246377
GH51.hmm	630	2583039869_1_1983_+	660	1.3e-103	91	432	181	542	0.54126984127
GH16.hmm	189	2583039871_1_771_+	256	5.7e-55	2	189	25	247	0.989417989418
GH39.hmm	431	2583039872_1_1593_+	530	7.9e-161	2	431	44	482	0.99535962877
CE7.hmm	313	2583039893_1_1296_+	431	2.5e-61	11	303	115	409	0.932907348243
GT83.hmm	540	2583039931_1_1677_+	558	3.9e-33	14	363	18	339	0.646296296296
CE15.hmm	269	2583039941_1_1278_+	425	8.7e-102	1	268	36	423	0.992565055762
GH18.hmm	296	2583039949_1_2916_+	971	7e-32	69	280	185	404	0.712837837838
CE4.hmm	130	2583039949_1_2916_+	971	3.7e-31	6	112	490	596	0.815384615385
GT2_Glycos_transf_2.hmm	170	2583039949_1_2916_+	971	1.2e-34	1	169	769	934	0.988235294118
GH125.hmm	402	2583039958_1_1233_+	410	7.4e-174	4	402	2	398	0.990049751244
GH36.hmm	688	2583039961_1_2118_+	705	7.5e-56	257	687	233	687	0.625
GH10.hmm	303	2583039962_1_1260_+	419	3.5e-74	7	301	59	364	0.970297029703
GH10.hmm	303	2583039969_1_1524_+	507	1.5e-70	15	301	37	325	0.943894389439
CE6.hmm	99	2583039970_1_1107_+	368	2.6e-31	1	99	78	189	0.989898989899
GH2.hmm	752	2583039971_1_2745_+	914	2.9e-113	40	471	49	690	0.573138297872
GH109.hmm	126	2583039985_1_1344_+	447	2.9e-23	1	117	44	156	0.920634920635
GH43_15.hmm	273	2583040015_1_2283_+	760	6.3e-89	1	271	48	322	0.989010989011
CBM6.hmm	138	2583040015_1_2283_+	760	1.7e-20	35	136	558	669	0.731884057971
GH43_12.hmm	289	2583040016_1_1587_+	528	9e-114	1	289	26	302	0.996539792388
GT4.hmm	160	2583040032_1_1143_+	380	1.4e-17	7	135	157	291	0.8
CE10.hmm	341	2583040103_1_2190_+	729	4.8e-16	124	310	538	714	0.545454545455
CBM38.hmm	129	2583040122_1_3018_+	1005	6.4e-30	16	128	318	429	0.868217054264
GH116.hmm	363	2583040122_1_3018_+	1005	1.7e-60	3	362	566	937	0.988980716253
GH43.hmm	248	2583040125_1_987_+	328	1.2e-20	8	244	55	320	0.951612903226
GH59.hmm	631	2583040156_1_1935_+	644	6.7e-172	3	629	31	643	0.992076069731
GH92.hmm	491	2583040195_1_2499_+	832	1.9e-142	2	491	247	730	0.995926680244
PL9.hmm	374	2583040213_1_1602_+	533	3.4e-25	11	308	26	341	0.794117647059
GT30.hmm	177	2583040219_1_1239_+	412	4.5e-47	10	176	45	209	0.937853107345
GT4.hmm	160	2583040230_1_1128_+	375	7.7e-27	7	157	194	344	0.9375
GH43.hmm	248	2583040245_1_1329_+	442	1.2e-55	2	247	21	298	0.987903225806
CBM6.hmm	138	2583040245_1_1329_+	442	6.6e-21	38	138	338	441	0.724637681159
CBM67.hmm	176	2583040257_1_2742_+	913	1.5e-34	12	167	166	345	0.880681818182
GH78.hmm	504	2583040257_1_2742_+	913	5.9e-127	1	503	372	866	0.996031746032
GH55.hmm	740	2583040266_1_1755_+	584	3.2e-66	364	676	271	529	0.421621621622
GH2.hmm	752	2583040268_1_2223_+	740	9.1e-80	24	542	17	682	0.688829787234
CE10.hmm	341	2583040269_1_882_+	293	3.3e-38	70	309	33	262	0.700879765396
GH129.hmm	618	2583040270_1_1935_+	644	5.3e-154	4	608	29	643	0.977346278317
GH3.hmm	216	2583040290_1_2238_+	745	1.1e-70	2	215	94	316	0.986111111111
GH97.hmm	631	2583040291_1_2100_+	699	1.3e-201	12	630	65	696	0.9793977813
GH87.hmm	597	2583040297_1_2019_+	672	5.6e-76	286	576	1	325	0.485762144054
GH20.hmm	337	2583040299_1_1569_+	522	4e-111	8	336	164	481	0.973293768546
GH9.hmm	418	2583040356_1_1773_+	590	2.1e-76	2	417	113	580	0.992822966507
GT2_Glyco_tranf_2_3.hmm	230	2583040412_1_1215_+	404	1.3e-32	4	228	51	269	0.973913043478
GT4.hmm	160	2583040413_1_1008_+	335	2.3e-28	9	140	203	334	0.81875
CE1.hmm	227	2583040414_1_471_+	156	3.8e-19	1	109	38	156	0.47577092511
GT2_Glyco_tranf_2_3.hmm	230	2583040428_1_1200_+	399	1.6e-22	2	228	54	270	0.982608695652
GH73.hmm	128	2583040436_1_951_+	316	1.4e-33	3	128	35	163	0.9765625
GH16.hmm	189	2583040449_1_1731_+	576	1.6e-52	2	189	26	255	0.989417989418
CBM4.hmm	126	2583040449_1_1731_+	576	5.4e-28	1	126	334	462	0.992063492063
GH29.hmm	346	2583040450_1_1389_+	462	2.2e-106	9	346	8	372	0.973988439306
GH146.hmm	503	2583040455_1_2661_+	886	7.2e-62	57	503	354	801	0.886679920477
GH92.hmm	491	2583040459_1_2307_+	768	8.3e-186	2	491	235	741	0.995926680244
GH2.hmm	752	2583040461_1_2487_+	828	5.1e-128	20	475	34	612	0.605053191489
GH136.hmm	491	2583040462_1_1416_+	471	2e-22	4	184	27	215	0.366598778004
GH136.hmm	491	2583040462_1_1416_+	471	7.3e-25	229	434	227	450	0.417515274949
CE10.hmm	341	2583040463_1_888_+	295	1.2e-30	69	311	53	269	0.709677419355
CE14.hmm	124	2583040464_1_804_+	267	2.1e-20	1	124	51	162	0.991935483871
GH43_24.hmm	244	2583040466_1_1125_+	374	1.9e-70	2	238	47	344	0.967213114754
CBM9.hmm	182	2583040512_1_2703_+	900	1.2e-16	1	147	84	237	0.802197802198
GH92.hmm	491	2583040522_1_2283_+	760	1.8e-180	3	491	253	745	0.993890020367
GT4.hmm	160	2583040626_1_1290_+	429	3.8e-22	6	154	238	394	0.925
GH127.hmm	524	2583040664_1_1953_+	650	7.9e-203	1	524	41	572	0.998091603053
CE14.hmm	124	2583040666_1_768_+	255	1.5e-22	2	124	46	154	0.983870967742
CE4.hmm	130	2583040683_1_801_+	266	1.5e-18	8	108	32	152	0.769230769231
GH5_26.hmm	279	2583040696_1_1074_+	357	1e-133	1	277	57	328	0.989247311828
GH26.hmm	303	2583040697_1_1530_+	509	2.9e-76	1	301	29	340	0.990099009901
GH13_13.hmm	383	2583040716_1_1977_+	658	5.9e-64	60	383	208	504	0.843342036554
GT51.hmm	177	2583040751_1_2346_+	781	4.6e-57	2	177	63	243	0.988700564972
GH29.hmm	346	2583040787_1_1458_+	485	1.3e-74	43	337	41	352	0.849710982659
CBM32.hmm	124	2583040787_1_1458_+	485	6.6e-17	5	109	369	472	0.838709677419
GT2_Glycos_transf_2.hmm	170	2583040796_1_1422_+	473	2.8e-21	1	110	61	194	0.641176470588
GT2_Glyco_tranf_2_3.hmm	230	2583040796_1_1422_+	473	1.6e-19	61	230	141	329	0.734782608696
CBM9.hmm	182	2583040801_1_1773_+	590	1.7e-17	1	180	38	239	0.983516483516
CBM9.hmm	182	2583040802_1_1806_+	601	3.2e-18	1	180	38	239	0.983516483516
GH2.hmm	752	2583040814_1_3204_+	1067	1.1e-231	17	751	60	922	0.976063829787
GH109.hmm	126	2583040824_1_1326_+	441	9.2e-22	2	121	44	164	0.944444444444
GH130.hmm	296	2583040915_1_1182_+	393	5.8e-87	7	295	56	362	0.972972972973
GT2_Glycos_transf_2.hmm	170	2583040924_1_957_+	318	2.8e-33	1	168	4	167	0.982352941176
GH27.hmm	375	2583040941_1_1551_+	516	1.9e-28	126	341	235	435	0.573333333333
GH2.hmm	752	2583040942_1_2832_+	943	2.9e-71	22	394	19	506	0.494680851064
GH26.hmm	303	2583040975_1_2022_+	673	5.2e-16	128	275	123	301	0.485148514851
CBM4.hmm	126	2583040975_1_2022_+	673	1.1e-18	5	126	430	556	0.960317460317
GH3.hmm	216	2583040987_1_2202_+	733	1.4e-66	2	215	100	322	0.986111111111
GH3.hmm	216	2583041017_1_1632_+	543	3.3e-40	52	213	2	211	0.74537037037
GH43_12.hmm	289	2583041023_1_1689_+	562	8.2e-99	1	289	59	337	0.996539792388
GH42.hmm	371	2583041024_1_2046_+	681	4.1e-87	2	370	33	396	0.991913746631
GH2.hmm	752	2583041025_1_2469_+	822	3.7e-114	16	489	27	630	0.628989361702
GH29.hmm	346	2583041026_1_2082_+	693	4.7e-80	28	334	29	343	0.884393063584
CBM32.hmm	124	2583041026_1_2082_+	693	9.3e-18	11	110	366	467	0.798387096774
CBM32.hmm	124	2583041026_1_2082_+	693	6e-18	18	121	573	687	0.83064516129
GH5_4.hmm	268	2583041027_1_1407_+	468	7.5e-76	11	265	65	354	0.94776119403
GH44.hmm	514	2583041028_1_1893_+	630	2.9e-111	2	513	25	534	0.994163424125
GH51.hmm	630	2583041029_1_1923_+	640	1.8e-26	125	373	79	365	0.393650793651
GH105.hmm	332	2583041081_1_1119_+	372	1.2e-47	11	301	69	345	0.873493975904
CE1.hmm	227	2583041082_1_876_+	291	7.4e-60	1	224	32	286	0.982378854626
GT2_Glycos_transf_2.hmm	170	2583041124_1_744_+	247	9.6e-18	2	169	9	171	0.982352941176
GH43_10.hmm	262	2583041127_1_1572_+	523	3.9e-91	1	262	27	294	0.996183206107
GH67.hmm	669	2583041128_1_2079_+	692	3.6e-263	77	665	68	666	0.878923766816
GH43_2.hmm	211	2583041129_1_1347_+	448	1e-81	1	211	31	306	0.995260663507
CBM6.hmm	138	2583041129_1_1347_+	448	4.4e-17	46	137	359	448	0.659420289855
CBM57.hmm	147	2583041130_1_2922_+	973	1.6e-21	34	146	86	196	0.761904761905
GH10.hmm	303	2583041130_1_2922_+	973	3.2e-63	11	300	227	517	0.953795379538
GH51.hmm	630	2583041132_1_2163_+	720	1e-82	110	430	250	576	0.507936507937
GH95.hmm	722	2583041133_1_2451_+	816	0	4	714	22	754	0.983379501385
CE3.hmm	194	2583041140_1_693_+	230	1.7e-48	1	194	22	225	0.994845360825
GH8.hmm	320	2583041141_1_1410_+	469	1.7e-63	2	319	54	364	0.990625
GH3.hmm	216	2583041143_1_2412_+	803	2.6e-69	3	216	139	373	0.986111111111
GH151.hmm	131	2583041145_1_1995_+	664	2.2e-16	9	130	57	170	0.923664122137
GH30.hmm	417	2583041146_1_1368_+	455	2.5e-85	12	415	23	451	0.966426858513
GH42.hmm	371	2583041149_1_2088_+	695	9.1e-109	2	371	39	404	0.99460916442
GH140.hmm	412	2583041150_1_1470_+	489	5.2e-130	1	412	28	480	0.997572815534
GH92.hmm	491	2583041152_1_2340_+	779	4.7e-142	3	491	268	767	0.993890020367
GH43.hmm	248	2583041155_1_978_+	325	2e-56	1	243	36	308	0.975806451613
CE1.hmm	227	2583041210_1_936_+	311	1.6e-55	1	220	80	306	0.964757709251
GH5_38.hmm	312	2583041217_1_1101_+	366	6e-137	1	312	36	344	0.996794871795
GH116.hmm	363	2583041260_1_2073_+	690	2.5e-65	5	361	246	606	0.980716253444
GH43.hmm	248	2583041261_1_999_+	332	4.8e-29	13	241	40	322	0.91935483871
GH30.hmm	417	2583041262_1_1440_+	479	7.9e-76	14	416	20	389	0.964028776978
GH106.hmm	824	2583041263_1_3615_+	1204	3.3e-83	5	693	48	768	0.834951456311
GH29.hmm	346	2583041265_1_1554_+	517	7.2e-99	12	346	18	402	0.965317919075
CBM4.hmm	126	2583041269_1_561_+	186	3.2e-26	1	123	38	165	0.968253968254
GH5_2.hmm	197	2583041271_1_1026_+	341	3.2e-39	1	194	39	290	0.979695431472
GH3.hmm	216	2583041274_1_3249_+	1082	1.6e-73	3	215	64	296	0.981481481481
CBM6.hmm	138	2583041274_1_3249_+	1082	1.2e-32	17	136	430	550	0.86231884058
CBM6.hmm	138	2583041274_1_3249_+	1082	1e-21	10	138	851	986	0.927536231884
GH74.hmm	233	2583041281_1_2331_+	776	6.5e-22	4	126	85	208	0.523605150215
GH109.hmm	126	2583041282_1_1317_+	438	8.6e-21	1	112	38	145	0.880952380952
GH140.hmm	412	2583041320_1_1434_+	477	2.9e-156	1	412	46	463	0.997572815534
GH42.hmm	371	2583041324_1_2022_+	673	5.5e-17	204	370	191	365	0.4474393531
GH106.hmm	824	2583041326_1_3429_+	1142	5.2e-163	92	823	354	1137	0.88713592233
GH43.hmm	248	2583041327_1_1323_+	440	1.2e-55	2	247	21	297	0.987903225806
CBM6.hmm	138	2583041327_1_1323_+	440	9.9e-16	40	137	339	439	0.702898550725
GH16.hmm	189	2583041328_1_792_+	263	9e-49	2	189	28	260	0.989417989418
GH16.hmm	189	2583041329_1_1809_+	602	1e-47	2	188	28	259	0.984126984127
CBM57.hmm	147	2583041329_1_1809_+	602	3.1e-26	4	147	274	413	0.972789115646
GH106.hmm	824	2583041330_1_2412_+	803	3.6e-61	57	648	142	801	0.717233009709
GH32.hmm	293	2583041341_1_1611_+	536	4.9e-102	1	287	57	364	0.976109215017
GH32.hmm	293	2583041343_1_1551_+	516	3.2e-98	1	285	47	343	0.969283276451
CE1.hmm	227	2583041350_1_1917_+	638	1.6e-56	1	220	53	276	0.964757709251
GH10.hmm	303	2583041350_1_1917_+	638	8.5e-108	2	298	292	628	0.976897689769
CE1.hmm	227	2583041351_1_1116_+	371	1.4e-54	1	219	142	365	0.960352422907
GH43_28.hmm	258	2583041352_1_1734_+	577	7.1e-111	1	258	50	311	0.996124031008
CBM32.hmm	124	2583041352_1_1734_+	577	2.5e-25	10	109	356	468	0.798387096774
GH3.hmm	216	2583041353_1_1203_+	400	2.2e-68	3	215	57	301	0.981481481481
CE15.hmm	269	2583041382_1_1551_+	516	1.2e-83	1	268	79	508	0.992565055762
GH106.hmm	824	2583041383_1_3456_+	1151	1.6e-171	94	823	358	1143	0.884708737864
CE11.hmm	271	2583041411_1_1389_+	462	2.5e-73	1	233	5	237	0.856088560886
GH5_10.hmm	289	2583041430_1_1362_+	453	1.6e-43	2	285	35	330	0.979238754325
GH43_9.hmm	273	2583041492_1_699_+	232	7.9e-84	1	189	46	232	0.688644688645
CBM67.hmm	176	2583041494_1_2751_+	916	2e-32	1	171	137	313	0.965909090909
GH78.hmm	504	2583041494_1_2751_+	916	8.9e-146	3	504	338	871	0.994047619048
GH2.hmm	752	2583041497_1_2475_+	824	9.7e-118	14	556	35	701	0.720744680851
GH28.hmm	325	2583041528_1_1395_+	464	5.1e-45	60	309	171	446	0.766153846154
GH28.hmm	325	2583041530_1_1305_+	434	1.5e-31	6	277	47	317	0.833846153846
GH13_36.hmm	314	2583041533_1_1632_+	543	6.3e-60	1	313	55	386	0.993630573248
GH127.hmm	524	2583041534_1_1926_+	641	1.6e-29	49	500	101	548	0.860687022901
GH23.hmm	135	2583041537_1_927_+	308	1.5e-18	2	122	94	227	0.888888888889
GT83.hmm	540	2583041544_1_1554_+	517	1.3e-27	7	369	3	343	0.67037037037
CBM35.hmm	123	2583041613_1_1614_+	537	4.6e-16	1	122	22	133	0.983739837398
GH26.hmm	303	2583041613_1_1614_+	537	8.4e-104	1	303	149	445	0.996699669967
GH5_10.hmm	289	2583041615_1_1059_+	352	9.1e-118	1	288	29	328	0.993079584775
GH129.hmm	618	2583041616_1_2937_+	978	4.9e-23	4	255	176	419	0.406148867314
GH129.hmm	618	2583041616_1_2937_+	978	7.2e-54	321	609	451	768	0.466019417476
CBM6.hmm	138	2583041617_1_2388_+	795	2.6e-20	3	138	575	709	0.978260869565
GH5_2.hmm	197	2583041618_1_966_+	321	7.1e-59	1	193	39	273	0.97461928934
GH44.hmm	514	2583041620_1_1917_+	638	6.5e-119	4	513	25	540	0.990272373541
CE4.hmm	130	2583041631_1_876_+	291	2.3e-20	5	126	78	216	0.930769230769
GH109.hmm	126	2583041638_1_1437_+	478	8.4e-54	1	126	60	185	0.992063492063
GH9.hmm	418	2583041658_1_2532_+	843	3.5e-26	44	413	443	831	0.882775119617
GH139.hmm	777	2583041659_1_1929_+	642	6.4e-204	177	774	13	641	0.76833976834
GH51.hmm	630	2583041661_1_2106_+	701	1.9e-82	113	433	232	565	0.507936507937
GH51.hmm	630	2583041662_1_2166_+	721	3.5e-57	106	541	247	720	0.690476190476
CBM67.hmm	176	2583041663_1_2919_+	972	6.5e-40	11	169	191	364	0.897727272727
GH78.hmm	504	2583041663_1_2919_+	972	1e-134	3	503	390	920	0.992063492063
GH146.hmm	503	2583041664_1_1791_+	596	1.3e-21	289	501	320	535	0.421471172962
GH95.hmm	722	2583041682_1_2403_+	800	4.6e-283	4	719	23	787	0.990304709141
CE1.hmm	227	2583041684_1_1269_+	422	6.1e-42	1	210	31	312	0.920704845815
GT2_Glycos_transf_2.hmm	170	2583041731_1_1470_+	489	1.8e-20	1	128	244	373	0.747058823529
CE10.hmm	341	2583041734_1_885_+	294	1.9e-22	70	323	49	266	0.741935483871
GT2_Glycos_transf_2.hmm	170	2583041780_1_924_+	307	3.6e-33	1	137	3	142	0.8
GH109.hmm	126	2583041781_1_1314_+	437	1.1e-18	3	119	47	160	0.920634920635
GH109.hmm	126	2583041782_1_1353_+	450	6.5e-18	1	118	59	178	0.928571428571
GT27.hmm	295	2583041853_1_1029_+	342	6e-22	2	236	8	236	0.793220338983
CBM35.hmm	123	2583041884_1_2406_+	801	2.2e-22	1	122	72	191	0.983739837398
GH26.hmm	303	2583041884_1_2406_+	801	2.2e-59	2	282	364	686	0.924092409241
GH28.hmm	325	2583041885_1_1434_+	477	4.4e-47	44	307	153	457	0.809230769231
GH63.hmm	570	2583041886_1_1884_+	627	9.3e-27	299	553	205	603	0.445614035088
CE10.hmm	341	2583041888_1_930_+	309	1.2e-33	68	330	47	303	0.768328445748
GH28.hmm	325	2583041890_1_1524_+	507	8.5e-58	6	310	45	415	0.935384615385
CE1.hmm	227	2583041891_1_867_+	288	2.1e-59	1	224	34	282	0.982378854626
GH5_25.hmm	262	2583041893_1_1056_+	351	2.5e-90	1	261	60	325	0.992366412214
GH148.hmm	152	2583041897_1_2223_+	740	6.5e-21	2	152	71	220	0.986842105263
GH78.hmm	504	2583041907_1_1767_+	588	2.4e-102	5	500	93	586	0.982142857143
GH106.hmm	824	2583041911_1_3246_+	1081	6.8e-228	93	823	347	1077	0.885922330097
GH43.hmm	248	2583041912_1_1374_+	457	4.3e-30	3	246	37	315	0.979838709677
CBM6.hmm	138	2583041914_1_3975_+	1324	1.1e-25	2	137	947	1083	0.978260869565
GH106.hmm	824	2583041916_1_3138_+	1045	6.3e-204	92	823	248	1039	0.88713592233
CE10.hmm	341	2583041926_1_819_+	272	7e-36	66	315	29	267	0.730205278592
GH109.hmm	126	2583041933_1_1368_+	455	7.3e-18	2	114	35	144	0.888888888889
CE1.hmm	227	2583041940_1_1746_+	581	4.9e-18	5	215	57	278	0.925110132159
GH109.hmm	126	2583041945_1_1320_+	439	5.1e-25	2	120	38	152	0.936507936508
GH127.hmm	524	2583041946_1_1893_+	630	4.5e-62	49	521	77	536	0.900763358779
GH5.hmm	275	2583041956_1_1215_+	404	8.9e-37	1	233	41	371	0.843636363636
GH144.hmm	404	2583041987_1_1662_+	553	8.5e-178	3	403	149	549	0.990099009901
GH144.hmm	404	2583041988_1_1350_+	449	3.2e-188	2	403	37	448	0.992574257426
GH3.hmm	216	2583041989_1_2298_+	765	2.4e-72	2	216	100	322	0.990740740741
GH43_28.hmm	258	2583041990_1_2100_+	699	1.4e-103	2	257	171	435	0.988372093023
CBM32.hmm	124	2583041990_1_2100_+	699	5.9e-21	10	109	477	590	0.798387096774
GH8.hmm	320	2583041994_1_1320_+	439	3.6e-73	21	319	97	426	0.93125
CE1.hmm	227	2583042019_1_801_+	266	2.4e-27	7	217	31	221	0.925110132159
GH105.hmm	332	2583042030_1_1098_+	365	9.7e-81	6	331	46	362	0.978915662651
CE2.hmm	209	2583042040_1_1098_+	365	2.7e-64	1	209	144	352	0.995215311005
CE10.hmm	341	2583042045_1_903_+	300	3.7e-35	80	335	51	298	0.74780058651
GH16.hmm	189	2583042102_1_1110_+	369	1.1e-52	2	189	43	268	0.989417989418
GH29.hmm	346	2583042130_1_999_+	332	1.5e-67	36	335	23	327	0.864161849711
GH29.hmm	346	2583042131_1_1692_+	563	3.6e-105	28	346	27	335	0.919075144509
GH29.hmm	346	2583042133_1_2022_+	673	3.6e-105	33	346	31	349	0.904624277457
GH43_2.hmm	211	2583042134_1_1347_+	448	2.5e-51	2	211	32	298	0.990521327014
AA3.hmm	618	2583042155_1_1656_+	551	2.2e-48	86	396	2	540	0.501618122977
CE1.hmm	227	2583042162_1_1197_+	398	1.4e-55	4	221	161	394	0.955947136564
CBM67.hmm	176	2583042179_1_2412_+	803	9.4e-47	1	169	41	218	0.954545454545
GH78.hmm	504	2583042179_1_2412_+	803	3.1e-115	5	501	276	784	0.984126984127
CE10.hmm	341	2583042182_1_2040_+	679	8e-25	70	317	389	631	0.724340175953
GH1.hmm	429	2583042242_1_1368_+	455	7.3e-153	2	424	17	454	0.983682983683
CE4.hmm	130	2583042280_1_912_+	303	1.3e-18	8	109	30	153	0.776923076923
GH29.hmm	346	2583042281_1_1500_+	499	1.8e-111	13	346	15	387	0.962427745665
GT4.hmm	160	2583042372_1_1164_+	387	1.1e-20	2	153	194	346	0.94375
GH29.hmm	346	2583042424_1_1347_+	448	2e-110	19	346	16	357	0.945086705202
GH9.hmm	418	2583042425_1_2487_+	828	5.9e-26	12	382	378	780	0.885167464115
CE1.hmm	227	2583042437_1_1110_+	369	1.4e-21	3	208	52	257	0.903083700441
GT4.hmm	160	2583042458_1_1122_+	373	1.4e-30	9	157	198	342	0.925
GH28.hmm	325	2583042494_1_1560_+	519	1.3e-58	6	309	48	404	0.932307692308
GT28.hmm	157	2583042515_1_1128_+	375	6.3e-47	2	157	194	353	0.987261146497
GH16.hmm	189	2583042520_1_1872_+	623	3.6e-18	4	189	400	618	0.978835978836
GT4.hmm	160	2583042523_1_1005_+	334	6.6e-21	6	157	157	303	0.94375
CE1.hmm	227	2583042525_1_729_+	242	1e-21	38	217	41	239	0.788546255507
GH10.hmm	303	2583042532_1_1413_+	470	3.4e-78	35	302	1	288	0.881188118812
GH92.hmm	491	2583042571_1_1683_+	560	5.8e-115	5	330	242	559	0.661914460285
GT83.hmm	540	2583042585_1_1539_+	512	4.7e-18	59	360	60	368	0.557407407407
GT2_Glycos_transf_2.hmm	170	2583042586_1_1050_+	349	2.2e-32	1	145	10	156	0.847058823529
GT83.hmm	540	2583042588_1_1545_+	514	1.4e-24	10	360	8	382	0.648148148148
CE4.hmm	130	2583042590_1_1017_+	338	5.5e-22	25	128	54	166	0.792307692308
GH23.hmm	135	2583042627_1_1752_+	583	5.3e-26	2	120	143	277	0.874074074074
GT2_Glycos_transf_2.hmm	170	2583042650_1_1983_+	660	2.7e-22	1	169	18	203	0.988235294118
GT4.hmm	160	2583042669_1_1125_+	374	1.5e-20	10	156	193	341	0.9125
GT2_Glycos_transf_2.hmm	170	2583042670_1_921_+	306	2.4e-33	1	166	7	163	0.970588235294
GT11.hmm	276	2583042671_1_897_+	298	1.2e-61	3	274	5	296	0.981884057971
GH30.hmm	417	2583042697_1_1488_+	495	1.5e-133	12	416	58	495	0.968824940048
GH50.hmm	653	2583042698_1_1998_+	665	1.7e-92	110	650	143	634	0.826952526799
GH130.hmm	296	2583042732_1_1593_+	530	8.4e-56	50	296	279	523	0.831081081081
GH139.hmm	777	2583042808_1_2403_+	800	7e-238	12	773	18	788	0.979407979408
GH43_7.hmm	269	2583042823_1_1452_+	483	7.5e-144	1	269	30	300	0.996282527881
GH43_7.hmm	269	2583042823_1_1452_+	483	3.8e-17	43	144	368	450	0.375464684015
GT5.hmm	472	2583042843_1_825_+	274	5.2e-50	1	221	5	235	0.466101694915
GH9.hmm	418	2583042845_1_1779_+	592	1.8e-48	2	417	35	475	0.992822966507
GH109.hmm	126	2583042846_1_1284_+	427	9.1e-18	1	114	37	156	0.896825396825
GH3.hmm	216	2583042854_1_2457_+	818	1.1e-70	3	214	109	324	0.976851851852
CE10.hmm	341	2583042855_1_1668_+	555	5.1e-38	74	216	130	290	0.41642228739
GH3.hmm	216	2583042856_1_2271_+	756	1.8e-62	3	216	62	283	0.986111111111
CE1.hmm	227	2583042857_1_1170_+	389	6.6e-60	1	222	146	386	0.973568281938
CBM4.hmm	126	2583042867_1_1932_+	643	1e-25	1	126	64	191	0.992063492063
GT51.hmm	177	2583042879_1_696_+	231	3.2e-51	12	177	59	223	0.932203389831
GH2.hmm	752	2583042925_1_2763_+	920	4.6e-114	35	750	38	798	0.95079787234
CBM9.hmm	182	2583042974_1_2274_+	757	1.9e-21	1	182	35	232	0.994505494505
GH28.hmm	325	2583042975_1_2007_+	668	1.8e-45	58	322	177	473	0.812307692308
GH28.hmm	325	2583042976_1_1440_+	479	1.2e-49	62	307	189	451	0.753846153846
GH43_29.hmm	270	2583042977_1_954_+	317	3.2e-62	1	270	21	303	0.996296296296
GH92.hmm	491	2583042978_1_2325_+	774	5.3e-182	4	491	254	756	0.991853360489
GH9.hmm	418	2583043016_1_1770_+	589	7.7e-28	82	394	12	326	0.746411483254
