HMM Profile	Profile Length	Gene ID	Gene Length	E Value	Profile Start	Profile End	Gene Start	Gene End	Coverage
CE9.hmm	373	2582956304_1_975_+	324	1.7e-96	48	354	5	311	0.820375335121
GT4.hmm	160	2582956315_1_1227_+	408	4.5e-22	12	153	190	332	0.88125
GT4.hmm	160	2582956317_1_1131_+	376	1.8e-27	9	155	194	336	0.9125
GT2_Glycos_transf_2.hmm	170	2582956318_1_867_+	288	1.6e-25	1	124	5	123	0.723529411765
GT4.hmm	160	2582956322_1_1152_+	383	2.5e-26	8	157	203	351	0.93125
PL4.hmm	567	2582956329_1_2076_+	691	5.3e-115	8	560	31	652	0.973544973545
GH2.hmm	752	2582956330_1_2880_+	959	1.1e-119	25	553	25	709	0.702127659574
CBM9.hmm	182	2582956344_1_1086_+	361	2.8e-41	2	155	55	244	0.840659340659
GH2.hmm	752	2582956352_1_3273_+	1090	7e-237	15	749	51	968	0.976063829787
GH29.hmm	346	2582956378_1_5280_+	1759	1e-19	96	344	541	798	0.71676300578
GT26.hmm	171	2582956413_1_765_+	254	3.1e-65	2	171	57	229	0.988304093567
GT4.hmm	160	2582956414_1_1197_+	398	3.8e-21	12	153	219	370	0.88125
GT2_Glycos_transf_2.hmm	170	2582956416_1_837_+	278	6.7e-18	1	133	4	136	0.776470588235
GT4.hmm	160	2582956417_1_1269_+	422	4.6e-29	13	153	231	371	0.875
GH2.hmm	752	2582956473_1_2406_+	801	3.5e-108	25	474	21	564	0.597074468085
GH115.hmm	697	2582956474_1_2904_+	967	3.7e-234	3	697	32	945	0.995695839311
CE12.hmm	210	2582956475_1_1245_+	414	5.2e-52	1	209	187	369	0.990476190476
GH106.hmm	824	2582956476_1_2874_+	957	2.1e-206	6	723	30	804	0.870145631068
GH42.hmm	371	2582956523_1_2067_+	688	9.5e-126	1	370	6	392	0.99460916442
GH57.hmm	383	2582956527_1_1575_+	524	2.4e-82	2	305	7	420	0.791122715405
GH95.hmm	722	2582956534_1_2373_+	790	1.6e-295	5	715	25	774	0.983379501385
GH29.hmm	346	2582956535_1_1761_+	586	2.9e-101	14	346	11	349	0.959537572254
CBM57.hmm	147	2582956536_1_639_+	212	2.5e-33	3	147	66	206	0.979591836735
GH106.hmm	824	2582956548_1_2844_+	947	4.8e-233	94	823	219	941	0.884708737864
GH25.hmm	177	2582956556_1_2385_+	794	2.8e-38	2	171	44	240	0.954802259887
CE1.hmm	227	2582956567_1_1173_+	390	3.2e-32	7	222	90	380	0.947136563877
GH141.hmm	527	2582956572_1_1884_+	627	5.6e-183	2	527	29	589	0.996204933586
PL1_2.hmm	176	2582956575_1_2277_+	758	1.4e-49	2	176	359	552	0.988636363636
PL1_2.hmm	176	2582956576_1_1686_+	561	1.2e-50	2	176	130	320	0.988636363636
GH142.hmm	479	2582956578_1_1530_+	509	8.9e-195	2	478	43	502	0.993736951983
CE4.hmm	130	2582956583_1_786_+	261	2e-32	5	126	67	191	0.930769230769
GH29.hmm	346	2582956666_1_1593_+	530	7.1e-105	15	346	47	369	0.956647398844
GH13.hmm	299	2582956780_1_4407_+	1468	2.9e-26	12	259	178	441	0.826086956522
GH133.hmm	372	2582956780_1_4407_+	1468	8e-87	8	372	1057	1455	0.978494623656
GT9.hmm	225	2582956782_1_1065_+	354	3.3e-39	3	202	70	307	0.884444444444
GT19.hmm	354	2582956798_1_1122_+	373	1.3e-100	2	350	1	353	0.983050847458
GH3.hmm	216	2582956876_1_1812_+	603	8.2e-78	4	215	100	320	0.976851851852
GT2_Glycos_transf_2.hmm	170	2582956877_1_822_+	273	3.2e-18	3	169	9	176	0.976470588235
GH33.hmm	342	2582956895_1_3681_+	1226	1.7e-77	15	329	786	1123	0.918128654971
GH95.hmm	722	2582956908_1_2229_+	742	3.1e-242	4	713	21	720	0.981994459834
GH35.hmm	307	2582956909_1_2259_+	752	7.9e-89	1	305	63	408	0.990228013029
GH3.hmm	216	2582956962_1_2313_+	770	4.8e-70	3	216	104	338	0.986111111111
GH10.hmm	303	2582956964_1_1113_+	370	5.8e-105	2	301	26	365	0.986798679868
GH35.hmm	307	2582956965_1_2397_+	798	3.4e-113	1	306	62	370	0.99348534202
GH28.hmm	325	2582957005_1_1359_+	452	2.4e-71	6	294	69	418	0.886153846154
GH28.hmm	325	2582957006_1_2244_+	747	3.6e-72	6	308	79	410	0.929230769231
CE8.hmm	288	2582957007_1_1857_+	618	3e-101	2	286	23	304	0.986111111111
CE10.hmm	341	2582957007_1_1857_+	618	1.6e-43	35	309	291	566	0.803519061584
GT2_Glycos_transf_2.hmm	170	2582957020_1_1179_+	392	5.4e-24	1	145	8	144	0.847058823529
GT83.hmm	540	2582957027_1_2202_+	733	5.9e-48	8	358	217	553	0.648148148148
GT9.hmm	225	2582957029_1_705_+	234	3.8e-17	3	134	76	224	0.582222222222
GT9.hmm	225	2582957031_1_1077_+	358	1.1e-36	2	200	93	322	0.88
GT2_Glycos_transf_2.hmm	170	2582957032_1_789_+	262	9.9e-16	1	128	10	130	0.747058823529
GT10.hmm	347	2582957034_1_978_+	325	1.7e-48	95	315	38	268	0.634005763689
GT9.hmm	225	2582957035_1_996_+	331	1e-34	3	203	78	299	0.888888888889
GH30_4.hmm	478	2582957041_1_1536_+	511	2.6e-141	6	478	39	505	0.987447698745
CBM8.hmm	143	2582957042_1_2328_+	775	4e-36	2	142	46	188	0.979020979021
GH51.hmm	630	2582957042_1_2328_+	775	2.3e-31	141	541	237	700	0.634920634921
PL12.hmm	138	2582957045_1_3270_+	1089	2.4e-18	1	137	250	403	0.985507246377
GT9.hmm	225	2582957058_1_1191_+	396	2.8e-59	11	221	105	376	0.933333333333
GH43_10.hmm	262	2582957079_1_1545_+	514	2.8e-85	1	262	26	294	0.996183206107
GH28.hmm	325	2582957081_1_1509_+	502	2.1e-77	8	308	71	464	0.923076923077
GH109.hmm	126	2582957086_1_1323_+	440	1.6e-19	1	120	42	157	0.944444444444
GH139.hmm	777	2582957119_1_2928_+	975	1.6e-156	6	774	6	758	0.988416988417
CE1.hmm	227	2582957137_1_780_+	259	1.1e-21	7	143	36	189	0.599118942731
GH105.hmm	332	2582957139_1_1569_+	522	2.6e-113	5	331	167	519	0.981927710843
GH105.hmm	332	2582957140_1_2469_+	822	7e-92	9	332	81	396	0.972891566265
GH106.hmm	824	2582957249_1_2109_+	702	1.5e-106	257	655	2	392	0.483009708738
GH15.hmm	361	2582957253_1_2730_+	909	7.5e-22	17	353	24	380	0.930747922438
PL10.hmm	287	2582957277_1_1287_+	428	1.4e-107	1	287	111	412	0.996515679443
GH30_2.hmm	414	2582957326_1_1413_+	470	2e-171	4	413	51	453	0.987922705314
GH31.hmm	427	2582957327_1_2376_+	791	3.3e-127	2	426	300	716	0.992974238876
GH3.hmm	216	2582957328_1_2826_+	941	1.5e-65	2	215	63	284	0.986111111111
GH12.hmm	156	2582957328_1_2826_+	941	7e-30	1	143	787	930	0.910256410256
CE3.hmm	194	2582957329_1_1056_+	351	1.6e-47	2	194	28	219	0.989690721649
GH95.hmm	722	2582957330_1_2211_+	736	4.7e-239	91	716	72	721	0.865650969529
GH43_10.hmm	262	2582957332_1_1629_+	542	4e-67	1	262	40	313	0.996183206107
GH117.hmm	211	2582957333_1_1143_+	380	1.1e-21	39	144	108	224	0.497630331754
GH117.hmm	211	2582957333_1_1143_+	380	1.4e-19	55	207	202	356	0.720379146919
GH29.hmm	346	2582957334_1_1359_+	452	9.3e-84	13	345	25	364	0.959537572254
GH16.hmm	189	2582957335_1_759_+	252	2.2e-34	2	189	35	249	0.989417989418
CBM67.hmm	176	2582957347_1_2922_+	973	3e-38	16	168	167	339	0.863636363636
GH78.hmm	504	2582957347_1_2922_+	973	1.9e-170	2	504	399	925	0.996031746032
GH43_35.hmm	264	2582957364_1_4191_+	1396	2.1e-53	1	263	47	362	0.992424242424
GH29.hmm	346	2582957364_1_4191_+	1396	1.3e-75	22	346	873	1276	0.936416184971
GH78.hmm	504	2582957366_1_2289_+	762	1.3e-101	8	504	174	702	0.984126984127
GH79.hmm	455	2582957367_1_1491_+	496	3.5e-31	90	309	109	334	0.481318681319
GH146.hmm	503	2582957386_1_2340_+	779	4.8e-215	1	503	42	546	0.998011928429
PL1_2.hmm	176	2582957392_1_4680_+	1559	1.4e-26	9	176	85	247	0.948863636364
GH136.hmm	491	2582957415_1_2160_+	719	7.7e-108	2	489	34	536	0.991853360489
GH50.hmm	653	2582957416_1_1434_+	477	1.4e-80	291	652	115	453	0.552833078101
CE10.hmm	341	2582957418_1_990_+	329	7.5e-45	34	332	30	317	0.873900293255
CE10.hmm	341	2582957419_1_876_+	291	2.9e-45	47	316	15	275	0.788856304985
CE10.hmm	341	2582957420_1_4689_+	1562	3.1e-30	67	316	59	315	0.730205278592
GH2.hmm	752	2582957427_1_1929_+	642	1e-88	57	508	1	567	0.599734042553
CBM38.hmm	129	2582957519_1_3072_+	1023	3.5e-22	4	129	265	399	0.968992248062
GH116.hmm	363	2582957519_1_3072_+	1023	2.7e-58	96	362	622	907	0.732782369146
GT5.hmm	472	2582957546_1_1449_+	482	1e-175	1	471	2	478	0.995762711864
PL9_4.hmm	144	2582957555_1_4914_+	1637	9.3e-18	29	144	118	244	0.798611111111
GH149.hmm	1128	2582957568_1_3483_+	1160	0	3	1128	21	1139	0.997340425532
GH16.hmm	189	2582957569_1_1365_+	454	2.6e-52	2	188	213	445	0.984126984127
GH16.hmm	189	2582957570_1_1668_+	555	7.5e-48	2	189	255	486	0.989417989418
CE1.hmm	227	2582957574_1_771_+	256	5e-34	9	208	48	236	0.876651982379
GH141.hmm	527	2582957630_1_2172_+	723	1.6e-25	3	257	26	320	0.481973434535
GH141.hmm	527	2582957634_1_2109_+	702	3.7e-28	2	278	23	344	0.523719165085
GH43_11.hmm	292	2582957639_1_1611_+	536	3.8e-140	1	292	4	306	0.996575342466
GH43_12.hmm	289	2582957642_1_1530_+	509	7.1e-116	1	289	4	284	0.996539792388
CE10.hmm	341	2582957644_1_939_+	312	1.5e-39	70	314	30	265	0.715542521994
GH95.hmm	722	2582957645_1_2283_+	760	1.7e-84	93	713	103	695	0.858725761773
GH13.hmm	299	2582957651_1_3291_+	1096	4.9e-19	17	290	362	730	0.913043478261
GH77.hmm	494	2582957653_1_2706_+	901	1.3e-149	1	489	258	896	0.987854251012
GH29.hmm	346	2582957707_1_1134_+	377	1.1e-55	38	342	64	369	0.878612716763
GH29.hmm	346	2582957708_1_1977_+	658	1.5e-80	28	346	66	405	0.919075144509
GH38.hmm	269	2582957709_1_2601_+	866	7.7e-36	1	252	37	297	0.933085501859
GH141.hmm	527	2582957711_1_2394_+	797	2.5e-67	3	485	28	486	0.914611005693
AA7.hmm	458	2582957753_1_1383_+	460	1e-25	12	211	34	239	0.434497816594
GH28.hmm	325	2582957796_1_1536_+	511	1.8e-53	10	308	59	388	0.916923076923
GH16.hmm	189	2582957804_1_2217_+	738	3.2e-21	2	186	58	266	0.973544973545
GH106.hmm	824	2582957817_1_3687_+	1228	3.7e-172	95	655	344	895	0.679611650485
GH29.hmm	346	2582957819_1_3543_+	1180	5.9e-93	14	345	19	420	0.956647398844
GH59.hmm	631	2582957819_1_3543_+	1180	2e-172	3	629	557	1171	0.992076069731
PL17.hmm	139	2582957827_1_2181_+	726	4.9e-30	1	137	423	542	0.978417266187
GH28.hmm	325	2582957830_1_1548_+	515	2e-60	8	309	59	416	0.926153846154
PL4.hmm	567	2582957835_1_3588_+	1195	8.4e-86	5	555	18	652	0.970017636684
GH109.hmm	126	2582957880_1_1332_+	443	1.1e-22	1	121	44	160	0.952380952381
GH1.hmm	429	2582957898_1_1251_+	416	2.4e-101	2	428	6	413	0.993006993007
CBM67.hmm	176	2582957926_1_3240_+	1079	1.1e-33	14	170	335	501	0.886363636364
GH78.hmm	504	2582957926_1_3240_+	1079	2e-103	18	502	537	1030	0.960317460317
GH106.hmm	824	2582957927_1_2922_+	973	1.3e-218	94	823	234	971	0.884708737864
GH95.hmm	722	2582957964_1_1383_+	460	8.6e-139	4	406	32	459	0.556786703601
GH128.hmm	224	2582957968_1_3219_+	1072	4.6e-23	90	224	5	154	0.598214285714
CE10.hmm	341	2582957970_1_714_+	237	2.8e-22	81	207	11	156	0.369501466276
GH36.hmm	688	2582957973_1_2193_+	730	8.2e-192	51	686	74	711	0.922965116279
GH29.hmm	346	2582957983_1_2286_+	761	1.1e-100	29	346	18	336	0.916184971098
GH29.hmm	346	2582957983_1_2286_+	761	1.7e-53	38	338	446	747	0.867052023121
GH109.hmm	126	2582957985_1_1335_+	444	8.5e-25	1	117	45	157	0.920634920635
GT9.hmm	225	2582957994_1_981_+	326	2.3e-32	2	212	80	293	0.933333333333
GT4.hmm	160	2582958017_1_1206_+	401	2.2e-29	7	158	212	363	0.94375
GT2_Glycos_transf_2.hmm	170	2582958022_1_732_+	243	2.2e-28	2	169	6	170	0.982352941176
GH2.hmm	752	2582958045_1_1539_+	512	1e-119	29	364	85	512	0.445478723404
GH43.hmm	248	2582958062_1_1035_+	344	3.3e-28	13	226	48	317	0.858870967742
GH2.hmm	752	2582958063_1_1836_+	611	6.7e-96	345	751	1	491	0.539893617021
PL1.hmm	202	2582958074_1_3507_+	1168	4.9e-31	39	183	650	852	0.712871287129
GH109.hmm	126	2582958087_1_1329_+	442	4.7e-23	2	120	42	164	0.936507936508
GH5_25.hmm	262	2582958090_1_1164_+	387	2.4e-89	2	261	69	361	0.988549618321
GH2.hmm	752	2582958098_1_3345_+	1114	1.3e-60	27	535	21	696	0.675531914894
GH50.hmm	653	2582958101_1_1875_+	624	5.7e-136	3	543	67	590	0.826952526799
GH141.hmm	527	2582958107_1_2349_+	782	1.8e-68	2	500	34	577	0.944971537002
GH114.hmm	190	2582958109_1_939_+	312	5.2e-26	34	190	79	274	0.821052631579
GT2_Glycos_transf_2.hmm	170	2582958144_1_1011_+	336	9.3e-22	1	107	12	114	0.623529411765
GT2_Glycos_transf_2.hmm	170	2582958145_1_1074_+	357	8.6e-24	1	167	18	183	0.976470588235
GH120.hmm	91	2582958159_1_1788_+	595	1.9e-33	2	91	288	377	0.978021978022
GH35.hmm	307	2582958162_1_2331_+	776	1e-93	1	305	44	379	0.990228013029
CBM8.hmm	143	2582958165_1_2124_+	707	1.1e-25	2	142	31	163	0.979020979021
GH29.hmm	346	2582958168_1_1935_+	644	8.4e-91	22	346	25	387	0.936416184971
GH28.hmm	325	2582958172_1_1344_+	447	3.9e-63	5	309	46	367	0.935384615385
GH2.hmm	752	2582958281_1_3717_+	1238	4.5e-91	21	550	36	731	0.703457446809
GT30.hmm	177	2582958283_1_1329_+	442	1.3e-55	3	176	34	215	0.977401129944
GH2.hmm	752	2582958348_1_2808_+	935	2e-128	36	632	38	720	0.792553191489
GH117.hmm	211	2582958354_1_1071_+	356	6.5e-23	49	210	179	335	0.763033175355
GH106.hmm	824	2582958387_1_3039_+	1012	5.6e-144	94	822	195	1004	0.883495145631
CBM67.hmm	176	2582958388_1_2337_+	778	6.8e-35	1	170	63	232	0.960227272727
GH78.hmm	504	2582958388_1_2337_+	778	2e-80	58	504	299	749	0.884920634921
GH29.hmm	346	2582958389_1_855_+	284	9.7e-60	28	221	40	250	0.557803468208
GH20.hmm	337	2582958391_1_1395_+	464	4.8e-104	8	290	158	461	0.836795252226
GH29.hmm	346	2582958392_1_1407_+	468	2.8e-114	34	346	24	353	0.901734104046
GH109.hmm	126	2582958394_1_1449_+	482	2.1e-46	1	125	76	199	0.984126984127
GH109.hmm	126	2582958487_1_1398_+	465	3.8e-22	2	116	48	155	0.904761904762
GH29.hmm	346	2582958513_1_1599_+	532	2.1e-91	13	345	20	411	0.959537572254
CE10.hmm	341	2582958515_1_855_+	284	2.8e-39	82	315	39	260	0.683284457478
GH43_24.hmm	244	2582958516_1_981_+	326	1.8e-69	1	240	45	287	0.979508196721
GT83.hmm	540	2582958533_1_1449_+	482	1.7e-89	13	377	16	396	0.674074074074
PL1_2.hmm	176	2582958538_1_1131_+	376	3.7e-38	2	176	64	238	0.988636363636
GH43_5.hmm	276	2582958571_1_2025_+	674	2.6e-101	2	276	385	670	0.992753623188
GH16.hmm	189	2582958572_1_906_+	301	2.2e-43	2	189	56	297	0.989417989418
GH51.hmm	630	2582958582_1_2394_+	797	7.6e-114	115	629	204	796	0.815873015873
GH146.hmm	503	2582958583_1_2361_+	786	8.1e-221	1	503	42	546	0.998011928429
GH51.hmm	630	2582958584_1_1947_+	648	8.6e-103	108	454	192	559	0.549206349206
GH43_18.hmm	240	2582958587_1_954_+	317	6.7e-79	4	239	73	302	0.979166666667
GH29.hmm	346	2582958628_1_942_+	313	3.4e-65	33	256	59	303	0.64450867052
GH29.hmm	346	2582958629_1_1422_+	473	3.4e-89	28	346	47	349	0.919075144509
GH28.hmm	325	2582958630_1_1533_+	510	4.8e-60	6	306	98	426	0.923076923077
GH43_18.hmm	240	2582958634_1_477_+	158	6.3e-22	99	184	15	104	0.354166666667
GH43.hmm	248	2582958635_1_2298_+	765	2e-48	6	247	225	493	0.971774193548
CBM32.hmm	124	2582958635_1_2298_+	765	8.8e-17	16	122	546	649	0.854838709677
GH88.hmm	329	2582958636_1_585_+	194	2.7e-44	87	217	2	142	0.395136778116
PL4.hmm	567	2582958638_1_5736_+	1911	1.4e-104	7	561	1098	1722	0.977072310406
CE12.hmm	210	2582958640_1_1728_+	575	3.4e-53	1	210	39	236	0.995238095238
CE8.hmm	288	2582958640_1_1728_+	575	8.7e-98	2	286	265	559	0.986111111111
PL1_2.hmm	176	2582958641_1_3249_+	1082	7.3e-38	2	176	388	593	0.988636363636
CE12.hmm	210	2582958648_1_1713_+	570	6.2e-56	1	210	36	232	0.995238095238
CE8.hmm	288	2582958648_1_1713_+	570	1.6e-102	1	287	260	556	0.993055555556
GH28.hmm	325	2582958649_1_2298_+	765	1.2e-54	6	309	81	426	0.932307692308
GH138.hmm	907	2582958652_1_2670_+	889	0	16	895	20	887	0.969128996692
GH127.hmm	524	2582958653_1_2022_+	673	4.2e-172	2	524	42	579	0.996183206107
GH43_18.hmm	240	2582958654_1_951_+	316	2.4e-71	2	239	70	298	0.9875
GH33.hmm	342	2582958658_1_1089_+	362	7.6e-29	15	325	39	333	0.906432748538
CBM67.hmm	176	2582958659_1_3228_+	1075	5.1e-21	2	176	162	307	0.988636363636
CBM67.hmm	176	2582958659_1_3228_+	1075	1.4e-40	12	173	316	488	0.914772727273
GH78.hmm	504	2582958659_1_3228_+	1075	5.3e-178	1	503	509	1025	0.996031746032
GT35.hmm	674	2582958687_1_2181_+	726	1.3e-110	211	550	269	640	0.50296735905
PL22_2.hmm	158	2582958745_1_1302_+	433	2.4e-54	3	158	203	425	0.981012658228
GH33.hmm	342	2582958761_1_1173_+	390	2.2e-88	12	341	33	375	0.961988304094
GH20.hmm	337	2582958762_1_1983_+	660	1e-50	9	336	135	411	0.970326409496
GH5.hmm	275	2582958774_1_1503_+	500	8e-17	21	244	44	350	0.810909090909
GH44.hmm	514	2582958777_1_3159_+	1052	6.3e-125	4	513	420	920	0.990272373541
PL4.hmm	567	2582958779_1_2655_+	884	7.1e-76	14	557	82	702	0.957671957672
GH106.hmm	824	2582958790_1_3297_+	1098	2.5e-78	83	686	57	655	0.731796116505
GH29.hmm	346	2582958791_1_2007_+	668	5.3e-23	97	343	64	353	0.71098265896
GH139.hmm	777	2582958792_1_5595_+	1864	6.2e-166	27	775	380	1115	0.962676962677
GH29.hmm	346	2582958793_1_4209_+	1402	5.5e-23	97	249	432	601	0.439306358382
GH139.hmm	777	2582958795_1_2715_+	904	1.1e-203	9	775	8	767	0.985842985843
CBM32.hmm	124	2582958795_1_2715_+	904	4.5e-21	8	123	787	900	0.927419354839
CBM67.hmm	176	2582958798_1_2349_+	782	3.4e-38	2	176	37	227	0.988636363636
GH78.hmm	504	2582958798_1_2349_+	782	1.1e-78	87	504	327	735	0.827380952381
GH28.hmm	325	2582958852_1_1257_+	418	1.7e-57	6	302	49	372	0.910769230769
GH137.hmm	340	2582958868_1_1116_+	371	7.3e-133	4	336	39	368	0.976470588235
GH16.hmm	189	2582958897_1_3720_+	1239	1.4e-28	2	189	30	259	0.989417989418
GH2.hmm	752	2582958898_1_2307_+	768	7.2e-110	14	394	49	497	0.505319148936
GH146.hmm	503	2582958899_1_2364_+	787	6.3e-210	1	503	47	554	0.998011928429
GH2.hmm	752	2582958911_1_2808_+	935	1.9e-67	26	394	22	498	0.489361702128
GH106.hmm	824	2582958919_1_3111_+	1036	3.5e-197	94	822	215	997	0.883495145631
GT2_Glycos_transf_2.hmm	170	2582958934_1_1200_+	399	4.3e-25	1	168	8	172	0.982352941176
GH27.hmm	375	2582958940_1_1653_+	550	1.2e-17	141	341	294	469	0.533333333333
GT83.hmm	540	2582958946_1_1374_+	457	2.8e-20	63	363	28	339	0.555555555556
GH109.hmm	126	2582958948_1_1362_+	453	2.5e-16	1	123	51	169	0.968253968254
GH109.hmm	126	2582958950_1_1404_+	467	1.1e-20	2	121	48	164	0.944444444444
GH105.hmm	332	2582958958_127_1212_+	361	1e-70	15	330	62	358	0.948795180723
GH146.hmm	503	2582958987_1_2364_+	787	7.1e-205	1	503	47	555	0.998011928429
CE15.hmm	269	2582959039_1_1326_+	441	1.3e-99	1	268	36	426	0.992565055762
GH29.hmm	346	2582959048_1_1443_+	480	1.2e-106	23	346	30	368	0.933526011561
GH141.hmm	527	2582959050_1_5217_+	1738	4.3e-93	2	524	458	986	0.990512333966
GH20.hmm	337	2582959058_1_1650_+	549	8.1e-102	8	336	156	496	0.973293768546
GH109.hmm	126	2582959059_1_1053_+	350	2.5e-17	1	119	14	136	0.936507936508
GH84.hmm	295	2582959063_1_1338_+	445	2.2e-54	9	283	62	349	0.928813559322
CBM67.hmm	176	2582959077_1_2931_+	976	7.2e-40	15	175	171	351	0.909090909091
GH78.hmm	504	2582959077_1_2931_+	976	5.8e-172	2	504	404	930	0.996031746032
GH3.hmm	216	2582959081_1_2304_+	767	7.9e-70	3	213	114	333	0.972222222222
CBM67.hmm	176	2582959082_1_2832_+	943	1.1e-44	1	174	147	342	0.982954545455
GH78.hmm	504	2582959082_1_2832_+	943	4.5e-161	2	504	364	896	0.996031746032
CBM67.hmm	176	2582959083_1_2691_+	896	1.7e-42	1	172	135	317	0.971590909091
GH78.hmm	504	2582959083_1_2691_+	896	1.8e-170	2	502	340	843	0.992063492063
CE12.hmm	210	2582959084_1_1074_+	357	4e-16	1	164	169	327	0.77619047619
GH5.hmm	275	2582959085_1_1170_+	389	1.8e-25	5	248	42	368	0.883636363636
GT4.hmm	160	2582959107_1_1149_+	382	9.9e-35	7	157	197	348	0.9375
GT26.hmm	171	2582959108_1_1464_+	487	1.6e-65	4	171	69	239	0.976608187135
GT4.hmm	160	2582959111_1_1089_+	362	8.9e-18	65	156	239	331	0.56875
GT2_Glycos_transf_2.hmm	170	2582959114_1_870_+	289	1.9e-20	1	117	7	120	0.682352941176
GT4.hmm	160	2582959117_1_1269_+	422	4.8e-37	5	158	225	386	0.95625
GT4.hmm	160	2582959127_1_1194_+	397	5.8e-30	8	158	214	362	0.9375
GH13.hmm	299	2582959198_1_1398_+	465	1e-55	6	289	51	331	0.946488294314
GH13_1.hmm	304	2582959205_1_2463_+	820	8.5e-63	1	303	47	384	0.993421052632
GT2_Glycos_transf_2.hmm	170	2582959216_1_735_+	244	2e-35	1	168	9	172	0.982352941176
GT4.hmm	160	2582959236_1_1254_+	417	9.4e-21	13	149	235	370	0.85
AA3.hmm	618	2582959239_1_1842_+	613	1.5e-58	84	403	7	610	0.516181229773
GH2.hmm	752	2582959241_1_2385_+	794	3.8e-109	21	532	32	669	0.679521276596
GH25.hmm	177	2582959244_1_1734_+	577	6.7e-30	21	172	2	179	0.853107344633
PL8.hmm	259	2582959267_1_4617_+	1538	2.7e-84	3	257	386	645	0.980694980695
GH20.hmm	337	2582959269_1_1512_+	503	9e-104	8	336	133	460	0.973293768546
CBM51.hmm	134	2582959274_1_2031_+	676	1.2e-44	1	134	26	161	0.992537313433
CBM67.hmm	176	2582959280_1_2412_+	803	4.6e-32	2	173	35	219	0.971590909091
GH78.hmm	504	2582959280_1_2412_+	803	6.8e-66	55	504	292	765	0.890873015873
GH30.hmm	417	2582959281_1_2211_+	736	1.5e-30	15	416	225	658	0.961630695444
GH29.hmm	346	2582959290_1_1515_+	504	2.4e-104	11	346	31	395	0.968208092486
GH43_5.hmm	276	2582959299_1_4167_+	1388	8.2e-97	2	276	42	332	0.992753623188
GT4.hmm	160	2582959310_1_1344_+	447	5.9e-25	5	158	248	404	0.95625
GH51.hmm	630	2582959329_1_2091_+	696	2.8e-83	99	434	230	576	0.531746031746
GH105.hmm	332	2582959410_1_1752_+	583	1e-67	9	332	227	569	0.972891566265
GH127.hmm	524	2582959417_1_1926_+	641	9.2e-200	1	524	33	567	0.998091603053
GH20.hmm	337	2582959427_1_1785_+	594	7.3e-41	9	336	93	408	0.970326409496
GT28.hmm	157	2582959472_1_1170_+	389	1e-43	1	155	193	351	0.980891719745
GH2.hmm	752	2582959477_1_1845_+	614	2e-102	22	431	28	522	0.543882978723
GH128.hmm	224	2582959483_1_5100_+	1699	5e-45	12	224	239	442	0.946428571429
PL4.hmm	567	2582959492_1_3258_+	1085	5.7e-102	6	556	45	625	0.970017636684
GH35.hmm	307	2582959513_1_2406_+	801	8.7e-109	1	306	38	346	0.99348534202
GH27.hmm	375	2582959514_1_1401_+	466	2.3e-30	129	266	31	211	0.365333333333
GH23.hmm	135	2582959534_1_915_+	304	1e-27	14	125	172	297	0.822222222222
AA12.hmm	401	2582959537_1_1647_+	548	1.4e-18	89	399	99	410	0.773067331671
GH20.hmm	337	2582959546_1_414_-	138	1.7e-17	75	204	7	136	0.382789317507
CE12.hmm	210	2582959628_1_897_+	298	1.3e-52	2	210	56	279	0.990476190476
PL8.hmm	259	2582959662_1_6447_+	2148	3.6e-78	3	257	988	1251	0.980694980695
GT2_Glycos_transf_2.hmm	170	2582959675_1_1026_+	341	6.6e-36	1	126	6	126	0.735294117647
GT2_Glycos_transf_2.hmm	170	2582959676_1_1062_+	353	2.7e-19	2	142	4	143	0.823529411765
GT75.hmm	343	2582959677_1_1014_+	337	2.7e-19	69	306	74	306	0.690962099125
GT4.hmm	160	2582959681_1_1182_+	393	1.6e-20	11	156	232	368	0.90625
GT4.hmm	160	2582959683_1_1191_+	396	1.2e-29	8	148	186	334	0.875
GT4.hmm	160	2582959684_1_1176_+	391	3.7e-18	7	152	194	343	0.90625
GH105.hmm	332	2582959707_1_1422_+	473	2.7e-87	7	331	114	463	0.975903614458
PL7.hmm	231	2582959730_1_1602_+	533	1.3e-41	1	231	37	285	0.995670995671
CBM67.hmm	176	2582959750_1_2910_+	969	1.7e-41	16	173	161	338	0.892045454545
GH78.hmm	504	2582959750_1_2910_+	969	4.4e-172	1	504	392	919	0.998015873016
CE4.hmm	130	2582959751_1_888_+	295	7.1e-19	11	125	66	196	0.876923076923
GH59.hmm	631	2582959770_1_2304_+	767	1.7e-163	2	629	8	625	0.993660855784
CBM32.hmm	124	2582959770_1_2304_+	767	3.2e-24	6	121	640	757	0.927419354839
GH51.hmm	630	2582959772_1_2052_+	683	3.2e-54	128	539	261	679	0.652380952381
PL1_2.hmm	176	2582959782_1_6084_+	2027	3.3e-38	2	175	46	228	0.982954545455
CBM48.hmm	76	2582959827_1_2199_+	732	9e-18	2	67	126	208	0.855263157895
GH13_9.hmm	291	2582959827_1_2199_+	732	5.3e-144	1	290	279	579	0.993127147766
GT9.hmm	225	2582959846_1_1035_+	344	9.6e-63	4	219	74	321	0.955555555556
GH89.hmm	663	2582959851_1_2253_+	750	6.3e-195	2	663	62	730	0.996983408748
GH79.hmm	455	2582959858_1_4992_+	1663	4.4e-48	4	388	60	420	0.843956043956
PL12.hmm	138	2582959900_1_2847_+	948	2.6e-27	1	138	458	609	0.992753623188
GH53.hmm	342	2582959916_1_2130_+	709	2.2e-96	1	342	34	375	0.997076023392
GH26.hmm	303	2582959916_1_2130_+	709	2.7e-89	1	302	404	703	0.993399339934
GH28.hmm	325	2582959917_1_1488_+	495	2.7e-56	6	309	80	420	0.932307692308
GH106.hmm	824	2582959919_157_2964_+	935	2.6e-165	89	823	162	931	0.890776699029
GH146.hmm	503	2582959923_1_2013_+	670	2.5e-62	49	503	73	534	0.902584493042
GH35.hmm	307	2582959924_1_2796_+	931	2.5e-64	1	304	68	410	0.986970684039
GH30.hmm	417	2582959962_1_3357_+	1118	7.9e-60	11	416	200	597	0.971223021583
GH39.hmm	431	2582959963_1_1611_+	536	8.1e-149	4	431	39	481	0.990719257541
GH2.hmm	752	2582959980_1_3240_+	1079	1.9e-71	37	555	92	804	0.688829787234
GH141.hmm	527	2582959986_1_2079_+	692	1.1e-33	2	522	27	551	0.986717267552
GH79.hmm	455	2582959988_1_5088_+	1695	2.1e-45	3	409	638	1007	0.892307692308
GH29.hmm	346	2582959989_1_1623_+	540	1.3e-97	15	345	23	422	0.953757225434
GH95.hmm	722	2582960035_1_1077_+	358	4.1e-98	395	718	2	342	0.447368421053
