HMM Profile	Profile Length	Gene ID	Gene Length	E Value	Profile Start	Profile End	Gene Start	Gene End	Coverage
GT4.hmm	160	2582803181_1_1104_+	367	2.6e-24	4	150	185	331	0.9125
GT4.hmm	160	2582803182_1_1074_+	357	4.6e-18	21	150	190	320	0.80625
GT4.hmm	160	2582803183_1_1197_+	398	1.6e-27	3	157	219	369	0.9625
GT2_Glycos_transf_2.hmm	170	2582803184_1_927_+	308	1.1e-28	1	136	7	141	0.794117647059
GT2_Glycos_transf_2.hmm	170	2582803307_1_966_+	321	6.8e-33	2	168	5	167	0.976470588235
CE14.hmm	124	2582803345_1_717_+	238	3.5e-22	1	124	6	111	0.991935483871
GT2_Glycos_transf_2.hmm	170	2582803482_1_852_+	283	2.5e-33	1	166	8	165	0.970588235294
GT2_Glycos_transf_2.hmm	170	2582803483_1_999_+	332	9.3e-35	1	166	8	164	0.970588235294
GT4.hmm	160	2582803484_1_1173_+	390	5.1e-17	5	159	190	360	0.9625
GT11.hmm	276	2582803485_1_867_+	288	1.2e-72	1	275	1	286	0.992753623188
GT14.hmm	250	2582803486_1_873_+	290	1.1e-55	2	245	4	254	0.972
GT2_Glycos_transf_2.hmm	170	2582803487_1_1008_+	335	9.6e-34	1	163	8	160	0.952941176471
GT2_Glycos_transf_2.hmm	170	2582803592_1_1161_+	386	2.7e-20	1	163	49	212	0.952941176471
GT2_Glycos_transf_2.hmm	170	2582803595_1_750_+	249	3.9e-17	3	168	10	170	0.970588235294
GT2_Glycos_transf_2.hmm	170	2582803646_1_1104_+	367	1.5e-25	1	166	41	207	0.970588235294
GH92.hmm	491	2582803795_1_2934_+	977	3.8e-169	4	486	237	716	0.9816700611
GT4.hmm	160	2582803904_1_1125_+	374	1.1e-38	5	157	194	343	0.95
GT4.hmm	160	2582803939_1_1215_+	404	2.8e-18	2	156	219	372	0.9625
GT4.hmm	160	2582803967_1_1152_+	383	1.1e-24	11	150	213	345	0.86875
GT2_Glycos_transf_2.hmm	170	2582803978_1_750_+	249	3.4e-30	1	149	6	147	0.870588235294
GT4.hmm	160	2582803994_1_1062_+	353	1e-18	10	153	184	320	0.89375
GT30.hmm	177	2582804022_1_1251_+	416	1.7e-38	11	176	48	209	0.932203389831
GT83.hmm	540	2582804025_1_1743_+	580	4.7e-86	6	492	5	505	0.9
GT22.hmm	389	2582804055_1_1527_+	508	2e-30	1	343	23	376	0.879177377892
GT2_Glycos_transf_2.hmm	170	2582804059_1_1143_+	380	8.3e-22	1	117	55	174	0.682352941176
GT9.hmm	225	2582804144_1_975_+	324	5.9e-40	3	222	63	306	0.973333333333
GH2.hmm	752	2582804159_1_2487_+	828	2.6e-101	26	545	19	714	0.690159574468
GH20.hmm	337	2582804162_1_2253_+	750	1.1e-128	8	335	141	488	0.970326409496
GH18.hmm	296	2582804163_1_1785_+	594	1.2e-46	3	292	71	393	0.976351351351
GT4.hmm	160	2582804193_1_1134_+	377	4.8e-31	10	155	197	343	0.90625
GT2_Glycos_transf_2.hmm	170	2582804293_1_729_+	242	1.4e-22	1	170	5	172	0.994117647059
GT4.hmm	160	2582804304_1_1173_+	390	1.5e-19	5	150	208	353	0.90625
CE11.hmm	271	2582804350_1_1419_+	472	5.8e-72	1	217	5	222	0.79704797048
CE10.hmm	341	2582804364_1_1269_+	422	8.3e-22	76	216	50	233	0.410557184751
GT4.hmm	160	2582804399_1_1161_+	386	2.4e-26	5	153	202	349	0.925
GH23.hmm	135	2582804485_1_1470_+	489	1.3e-23	2	121	122	257	0.881481481481
GT4.hmm	160	2582804512_1_1185_+	394	1.2e-23	8	157	207	359	0.93125
GT83.hmm	540	2582804523_1_1527_+	508	1.3e-60	9	386	31	436	0.698148148148
GT4.hmm	160	2582804532_1_1164_+	387	7.7e-33	15	156	188	333	0.88125
GT5.hmm	472	2582804547_1_831_+	276	8.3e-46	1	212	5	228	0.447033898305
GH73.hmm	128	2582804610_1_726_+	241	3.3e-33	5	128	45	171	0.9609375
GT4.hmm	160	2582804644_1_1098_+	365	1e-27	6	150	176	327	0.9
GT2_Glycos_transf_2.hmm	170	2582804645_1_762_+	253	1.7e-20	1	127	4	133	0.741176470588
CE1.hmm	227	2582804663_1_750_+	249	3.7e-17	1	197	18	210	0.863436123348
GT22.hmm	389	2582804821_1_1356_+	451	1e-47	20	353	2	343	0.856041131105
GT51.hmm	177	2582804823_1_744_+	247	5.7e-53	12	176	57	220	0.926553672316
GT19.hmm	354	2582804917_1_1119_+	372	1e-109	2	350	4	352	0.983050847458
GT28.hmm	157	2582804953_1_1110_+	369	2.6e-48	1	156	193	352	0.987261146497
CE10.hmm	341	2582805009_1_2136_+	711	6.2e-18	61	311	454	692	0.733137829912
CE1.hmm	227	2582805029_1_1149_+	382	1.6e-23	7	137	33	173	0.57268722467
GH18.hmm	296	2582805097_1_1671_+	556	2.2e-38	6	295	104	421	0.976351351351
GT51.hmm	177	2582805196_1_2403_+	800	4e-45	19	175	76	232	0.881355932203
GT2_Glycos_transf_2.hmm	170	2582805349_1_780_+	259	2.6e-25	19	166	2	141	0.864705882353
GT2_Glycos_transf_2.hmm	170	2582805350_1_999_+	332	9.3e-35	1	166	8	164	0.970588235294
GT4.hmm	160	2582805351_1_1173_+	390	5.1e-17	5	159	190	360	0.9625
GT11.hmm	276	2582805352_1_867_+	288	1.2e-72	1	275	1	286	0.992753623188
GT14.hmm	250	2582805353_1_873_+	290	1.1e-55	2	245	4	254	0.972
GT2_Glycos_transf_2.hmm	170	2582805354_1_1008_+	335	9.6e-34	1	163	8	160	0.952941176471
GT27.hmm	295	2582805507_1_1023_+	340	1.1e-19	2	242	9	242	0.813559322034
GT2_Glycos_transf_2.hmm	170	2582805540_1_927_+	308	1.5e-28	1	167	6	166	0.976470588235
GT8.hmm	257	2582805541_1_918_+	305	4e-51	27	254	2	252	0.88326848249
CE1.hmm	227	2582805560_1_1146_+	381	1.8e-22	7	141	44	177	0.590308370044
CE4.hmm	130	2582805632_1_627_+	208	2.2e-25	5	126	25	142	0.930769230769
CE10.hmm	341	2582805657_1_1392_+	463	1.5e-28	81	209	62	203	0.375366568915
GT2_Glycos_transf_2.hmm	170	2582805667_1_753_+	250	2.1e-17	1	93	5	87	0.541176470588
GT9.hmm	225	2582805668_1_1005_+	334	7.6e-36	6	214	74	312	0.924444444444
GT4.hmm	160	2582805727_1_2088_+	695	9.4e-18	67	155	194	281	0.55
GT4.hmm	160	2582805731_1_1089_+	362	1.2e-22	9	158	189	335	0.93125
GT14.hmm	250	2582805732_1_867_+	288	1.2e-45	1	238	3	249	0.948
GT2_Glycos_transf_2.hmm	170	2582805733_1_831_+	276	5.7e-26	1	166	5	167	0.970588235294
GT11.hmm	276	2582805737_1_906_+	301	2.2e-63	1	276	1	301	0.996376811594
GT4.hmm	160	2582805933_1_1224_+	407	2.5e-18	2	157	219	378	0.96875
GH3.hmm	216	2582805934_1_2910_+	969	1e-55	6	215	99	323	0.967592592593
GT51.hmm	177	2582805966_1_2238_+	745	1.5e-53	3	177	59	235	0.983050847458
GT2_Glycos_transf_2.hmm	170	2582805995_1_942_+	313	1.8e-24	1	133	5	142	0.776470588235
GH109.hmm	126	2582805999_1_1008_+	335	1.7e-17	2	122	4	115	0.952380952381
GT4.hmm	160	2582806002_1_1212_+	403	2.6e-19	5	150	224	368	0.90625
GT2_Glycos_transf_2.hmm	170	2582806033_1_726_+	241	1.5e-32	1	169	8	178	0.988235294118
