HMM Profile	Profile Length	Gene ID	Gene Length	E Value	Profile Start	Profile End	Gene Start	Gene End	Coverage
CE10.hmm	341	2582742541_1_1236_+	411	5.5e-27	70	216	45	237	0.428152492669
GT4.hmm	160	2582742671_1_1143_+	380	1e-21	6	157	201	353	0.94375
GT4.hmm	160	2582742672_1_1155_+	384	1.2e-22	12	150	217	346	0.8625
CE4.hmm	130	2582742675_1_834_+	277	6.1e-19	9	118	77	213	0.838461538462
GT4.hmm	160	2582742677_1_1041_+	346	1.5e-18	8	153	176	316	0.90625
GH13.hmm	299	2582742705_1_1869_+	622	3.3e-58	12	297	171	493	0.953177257525
GT2_Glycos_transf_2.hmm	170	2582742716_1_1011_+	336	2.6e-28	1	169	11	176	0.988235294118
GT2_Glycos_transf_2.hmm	170	2582742720_1_450_+	149	2.7e-24	2	127	6	126	0.735294117647
GH13.hmm	299	2582742746_1_2367_+	788	2.1e-56	8	297	329	674	0.966555183946
GH13.hmm	299	2582742748_1_1404_+	467	2.5e-47	12	290	61	340	0.929765886288
GT9.hmm	225	2582742761_1_993_+	330	8e-42	6	217	69	304	0.937777777778
GT2_Glycos_transf_2.hmm	170	2582742789_1_747_+	248	3.9e-19	1	103	6	105	0.6
GT2_Glycos_transf_2.hmm	170	2582742804_1_828_+	275	7.4e-33	1	168	7	167	0.982352941176
CBM48.hmm	76	2582742813_1_2121_+	706	6.9e-16	3	67	94	176	0.842105263158
GH13_9.hmm	291	2582742813_1_2121_+	706	1.2e-136	1	290	248	548	0.993127147766
GT2_Glycos_transf_2.hmm	170	2582742940_1_750_+	249	5.1e-27	1	130	4	130	0.758823529412
GT2_Glycos_transf_2.hmm	170	2582742949_1_642_+	213	2.5e-33	1	129	3	128	0.752941176471
CE3.hmm	194	2582742998_1_714_+	237	3.5e-16	37	183	65	224	0.752577319588
GT2_Glycos_transf_2.hmm	170	2582743000_1_1941_+	646	2.4e-23	1	169	4	189	0.988235294118
GT2_Glycos_transf_2.hmm	170	2582743005_1_735_+	244	1.4e-26	1	163	7	161	0.952941176471
CE10.hmm	341	2582743048_1_2136_+	711	4.1e-17	76	310	468	689	0.686217008798
GT22.hmm	389	2582743076_1_1656_+	551	1.2e-31	1	359	31	424	0.92030848329
GT51.hmm	177	2582743170_1_846_+	281	2.5e-47	12	176	37	208	0.926553672316
CE14.hmm	124	2582743200_1_342_+	113	2.5e-26	1	124	8	113	0.991935483871
AA4.hmm	522	2582743273_1_969_+	322	4.4e-26	17	245	11	230	0.436781609195
CE1.hmm	227	2582743302_1_1401_+	466	1.2e-40	3	220	141	370	0.955947136564
GT83.hmm	540	2582743326_1_1410_+	469	1.8e-33	10	363	33	400	0.653703703704
GT2_Glycos_transf_2.hmm	170	2582743330_1_735_+	244	2.2e-31	1	169	7	177	0.988235294118
GT2_Glycos_transf_2.hmm	170	2582743345_1_930_+	309	7.8e-38	1	133	6	137	0.776470588235
GT2_Glycos_transf_2.hmm	170	2582743346_1_930_+	309	4.7e-26	1	114	7	122	0.664705882353
GT2_Glycos_transf_2.hmm	170	2582743383_1_741_+	246	1.1e-21	5	145	10	154	0.823529411765
GT51.hmm	177	2582743443_1_2388_+	795	6e-48	17	175	73	231	0.892655367232
GH2.hmm	752	2582743573_1_2418_+	805	6.9e-95	35	510	30	680	0.63164893617
GT2_Glycos_transf_2.hmm	170	2582743574_1_1044_+	347	3.2e-25	1	167	9	177	0.976470588235
GT2_Glycos_transf_2.hmm	170	2582743578_1_735_+	244	4.4e-19	1	133	5	135	0.776470588235
GT46.hmm	356	2582743581_1_1047_+	348	4.8e-20	8	264	8	254	0.719101123596
GT28.hmm	157	2582743593_1_1083_+	360	3.3e-49	1	157	190	348	0.993630573248
GT2_Glycos_transf_2.hmm	170	2582743652_1_1116_+	371	1.7e-21	1	131	43	174	0.764705882353
GH92.hmm	491	2582743668_1_2883_+	960	2.1e-150	7	424	259	676	0.849287169043
CE1.hmm	227	2582743684_1_858_+	285	1.9e-50	1	221	32	266	0.969162995595
GH65.hmm	372	2582743692_1_2232_+	743	8.4e-143	1	370	322	701	0.991935483871
GT2_Glycos_transf_2.hmm	170	2582743900_1_759_+	252	1.7e-21	1	98	4	91	0.570588235294
GT9.hmm	225	2582743901_1_1002_+	333	1.6e-35	5	206	72	309	0.893333333333
GT2_Glycos_transf_2.hmm	170	2582743933_1_939_+	312	2.2e-24	1	124	5	131	0.723529411765
GH109.hmm	126	2582743939_1_1005_+	334	2.2e-17	1	124	2	116	0.97619047619
CE4.hmm	130	2582743954_1_987_+	328	2e-25	7	126	85	290	0.915384615385
GT4.hmm	160	2582743981_1_1071_+	356	3.3e-26	12	152	180	320	0.875
CE10.hmm	341	2582744059_1_2196_+	731	1.3e-17	55	315	465	722	0.762463343109
GT4.hmm	160	2582744067_1_1191_+	396	2.9e-27	7	160	210	366	0.95625
GH3.hmm	216	2582744087_1_3045_+	1014	3.7e-58	4	215	105	331	0.976851851852
GH73.hmm	128	2582744117_1_978_+	325	3.8e-33	3	128	24	151	0.9765625
GH13_3.hmm	238	2582744124_1_1950_+	649	1e-99	7	237	212	443	0.966386554622
GH31.hmm	427	2582744125_1_2394_+	797	6.7e-168	1	427	229	672	0.997658079625
GH23.hmm	135	2582744172_1_1401_+	466	8.5e-24	14	105	307	423	0.674074074074
GT4.hmm	160	2582744184_1_1239_+	412	5.7e-21	8	157	235	382	0.93125
GT9.hmm	225	2582744272_1_996_+	331	4.2e-44	3	221	70	313	0.968888888889
GT83.hmm	540	2582744327_1_1557_+	518	3.2e-41	6	358	37	406	0.651851851852
GT83.hmm	540	2582744332_1_1647_+	548	1.4e-27	13	360	6	321	0.642592592593
CE4.hmm	130	2582744334_1_618_+	205	5e-24	5	117	22	130	0.861538461538
GT2_Glyco_tranf_2_3.hmm	230	2582744387_1_1503_+	500	7.4e-25	4	228	55	282	0.973913043478
GH23.hmm	135	2582744485_1_939_+	312	2.3e-22	7	126	107	238	0.881481481481
GT2_Glycos_transf_2.hmm	170	2582744574_1_951_+	316	7.7e-32	1	148	4	146	0.864705882353
GT19.hmm	354	2582744581_1_1155_+	384	3.3e-125	2	353	16	364	0.991525423729
GT83.hmm	540	2582744595_1_1437_+	478	2.3e-22	68	363	71	396	0.546296296296
GT83.hmm	540	2582744599_1_1437_+	478	1.4e-23	67	358	81	405	0.538888888889
GH18.hmm	296	2582744609_1_1482_+	493	2.2e-74	4	285	25	389	0.949324324324
GT4.hmm	160	2582744623_1_1131_+	376	1.9e-38	6	154	196	341	0.925
GH20.hmm	337	2582744649_1_2316_+	771	1.5e-121	8	335	173	499	0.970326409496
CE11.hmm	271	2582744662_1_1464_+	487	1.5e-75	1	220	15	237	0.808118081181
GT5.hmm	472	2582744818_1_831_+	276	1.2e-45	1	210	6	225	0.442796610169
GH23.hmm	135	2582744822_1_1632_+	543	9.7e-30	2	128	129	271	0.933333333333
GT4.hmm	160	2582744856_1_1131_+	376	1.4e-28	7	157	194	344	0.9375
GT4.hmm	160	2582744858_1_990_+	329	4.4e-22	22	136	210	324	0.7125
CE1.hmm	227	2582744991_1_891_+	296	1.4e-39	7	221	31	290	0.942731277533
GH13.hmm	299	2582745025_1_2832_+	943	9.8e-39	14	289	398	709	0.919732441472
GT51.hmm	177	2582745036_1_2469_+	822	5.5e-56	1	177	59	237	0.994350282486
