HMM Profile	Profile Length	Gene ID	Gene Length	E Value	Profile Start	Profile End	Gene Start	Gene End	Coverage
CBM9.hmm	182	2582722711_1_903_+	300	1.7e-32	1	168	55	281	0.917582417582
GH33.hmm	342	2582722793_1_1206_+	401	3.8e-81	7	330	32	373	0.944444444444
CE1.hmm	227	2582722810_40_1824_+	594	1.8e-39	1	214	41	292	0.938325991189
CE1.hmm	227	2582722810_40_1824_+	594	2.7e-19	7	210	329	564	0.894273127753
CE1.hmm	227	2582722811_1_1032_+	343	1.4e-24	7	143	58	236	0.599118942731
GT2_Glycos_transf_2.hmm	170	2582722990_1_948_+	315	1.4e-29	1	121	4	123	0.705882352941
GT4.hmm	160	2582722993_1_1104_+	367	4.7e-24	10	154	190	332	0.9
GT2_Glycos_transf_2.hmm	170	2582723002_1_747_+	248	1.4e-24	1	111	4	111	0.647058823529
GH77.hmm	494	2582723050_1_1626_+	541	3e-166	10	491	42	535	0.973684210526
GT2_Glycos_transf_2.hmm	170	2582723161_1_957_+	318	1.1e-38	1	169	5	165	0.988235294118
GT4.hmm	160	2582723257_1_1182_+	393	1.3e-31	6	157	210	361	0.94375
CBM47.hmm	128	2582723280_1_3684_+	1227	8.1e-22	2	103	605	703	0.7890625
GT2_Glycos_transf_2.hmm	170	2582723316_1_831_+	276	1.7e-32	1	166	4	175	0.970588235294
CBM51.hmm	134	2582723337_1_3246_+	1081	2.1e-18	3	82	613	699	0.589552238806
GT4.hmm	160	2582723368_1_1131_+	376	6.1e-31	6	157	195	344	0.94375
CE1.hmm	227	2582723374_1_903_+	300	7.5e-33	5	208	79	277	0.894273127753
CBM48.hmm	76	2582723466_1_1935_+	644	4e-20	2	69	33	117	0.881578947368
GH13_9.hmm	291	2582723466_1_1935_+	644	4.1e-144	1	290	187	487	0.993127147766
CE10.hmm	341	2582723487_1_912_+	303	2.5e-16	47	307	53	283	0.762463343109
CBM20.hmm	90	2582723511_1_1302_+	433	4.3e-16	4	83	59	139	0.877777777778
CE1.hmm	227	2582723511_1_1302_+	433	7.9e-38	1	221	174	421	0.969162995595
CE9.hmm	373	2582723549_1_1215_+	404	1.3e-99	4	371	20	400	0.983914209115
GH109.hmm	126	2582723575_1_1131_+	376	1.6e-16	1	122	4	123	0.960317460317
GH9.hmm	418	2582723599_1_1785_+	594	1.5e-112	6	418	142	584	0.985645933014
GT84.hmm	215	2582723600_1_8841_+	2946	1.7e-98	1	215	1380	1594	0.995348837209
GH94.hmm	1036	2582723600_1_8841_+	2946	0	2	1036	1835	2926	0.998069498069
GH13.hmm	299	2582723645_1_2145_+	714	6.6e-56	8	297	215	555	0.966555183946
CE11.hmm	271	2582723650_1_897_+	298	7.5e-81	1	269	13	283	0.988929889299
CE9.hmm	373	2582723680_1_939_+	312	8.6e-74	50	343	6	310	0.785522788204
CE1.hmm	227	2582723681_1_1344_+	447	1.6e-17	10	216	259	435	0.907488986784
GT5.hmm	472	2582723684_1_1506_+	501	5.4e-177	1	471	2	489	0.995762711864
GT9.hmm	225	2582723778_1_1056_+	351	8.4e-48	3	222	65	319	0.973333333333
PL10.hmm	287	2582723785_1_1038_+	345	2.8e-102	1	287	50	332	0.996515679443
CE15.hmm	269	2582723805_1_1116_+	371	1.6e-21	13	267	42	363	0.944237918216
CE10.hmm	341	2582723819_1_957_+	318	5.5e-32	94	316	83	296	0.651026392962
CBM38.hmm	129	2582723885_1_2160_+	719	7.1e-30	4	129	31	158	0.968992248062
GH32.hmm	293	2582723885_1_2160_+	719	6.2e-78	1	286	284	567	0.972696245734
GH16.hmm	189	2582723895_1_879_+	292	2.9e-56	2	188	54	288	0.984126984127
CBM32.hmm	124	2582723906_1_4335_+	1444	9.5e-23	6	123	290	409	0.943548387097
CE14.hmm	124	2582723916_1_804_+	267	8.1e-19	1	117	5	109	0.935483870968
GH109.hmm	126	2582724001_1_1362_+	453	1.5e-20	5	114	43	146	0.865079365079
CE10.hmm	341	2582724109_1_1023_+	340	1.2e-49	46	316	62	321	0.791788856305
GT4.hmm	160	2582724167_1_1389_+	462	1.2e-20	10	147	272	409	0.85625
GH33.hmm	342	2582724198_1_1155_+	384	4.7e-18	15	326	60	368	0.909356725146
GH109.hmm	126	2582724248_1_1788_+	595	3.9e-16	1	121	56	192	0.952380952381
CE14.hmm	124	2582724270_1_741_+	246	9.6e-20	1	124	22	127	0.991935483871
CBM38.hmm	129	2582724338_1_2160_+	719	6.6e-30	4	129	31	158	0.968992248062
GH32.hmm	293	2582724338_1_2160_+	719	2.5e-77	1	286	284	567	0.972696245734
GH29.hmm	346	2582724406_1_1146_+	381	1.2e-55	33	339	48	359	0.884393063584
GH13.hmm	299	2582724482_1_1512_+	503	2.6e-29	22	291	37	351	0.899665551839
CBM9.hmm	182	2582724546_1_2931_+	976	1.1e-29	1	158	46	232	0.862637362637
GH13_11.hmm	346	2582724554_1_2130_+	709	4.4e-148	1	346	172	524	0.99710982659
GT2_Glycos_transf_2.hmm	170	2582724578_1_759_+	252	5.3e-28	3	169	7	166	0.976470588235
GH5_13.hmm	275	2582724666_1_1158_+	385	4.7e-108	1	275	61	339	0.996363636364
GT9.hmm	225	2582724678_1_1176_+	391	1.2e-50	2	214	101	342	0.942222222222
GT19.hmm	354	2582724724_1_1329_+	442	5.3e-105	1	350	17	378	0.985875706215
GT2_Glycos_transf_2.hmm	170	2582724730_1_759_+	252	5.3e-28	3	169	7	166	0.976470588235
GH142.hmm	479	2582724740_1_2721_+	906	3.5e-159	13	476	65	548	0.966597077244
GT2_Glycos_transf_2.hmm	170	2582724763_1_1158_+	385	2.8e-19	1	126	47	175	0.735294117647
GH109.hmm	126	2582724783_1_1335_+	444	1.4e-18	3	124	62	177	0.960317460317
GH109.hmm	126	2582724846_1_1482_+	493	1.2e-17	1	122	86	200	0.960317460317
GH109.hmm	126	2582724941_1_1335_+	444	2.7e-17	2	111	42	144	0.865079365079
GH109.hmm	126	2582725065_1_1446_+	481	2.7e-16	1	125	36	151	0.984126984127
GT4.hmm	160	2582725067_1_1293_+	430	1.1e-24	9	153	247	393	0.9
CBM67.hmm	176	2582725115_1_4101_+	1366	1.9e-22	12	172	93	227	0.909090909091
AA6.hmm	195	2582725146_1_576_+	191	2.1e-49	2	193	4	185	0.979487179487
CE1.hmm	227	2582725225_1_1125_+	374	3e-27	6	175	91	304	0.74449339207
GT2_Glycos_transf_2.hmm	170	2582725403_1_1086_+	361	1e-34	1	166	18	178	0.970588235294
GT83.hmm	540	2582725404_1_1821_+	606	9.7e-104	6	491	15	559	0.898148148148
CBM67.hmm	176	2582725478_1_2502_+	833	8.2e-19	3	143	539	670	0.795454545455
CE10.hmm	341	2582725608_1_909_+	302	1.7e-20	73	234	64	244	0.472140762463
GH146.hmm	503	2582725634_1_2346_+	781	4.8e-130	4	502	43	536	0.990059642147
GH109.hmm	126	2582725640_1_1320_+	439	7e-23	1	123	47	166	0.968253968254
GH109.hmm	126	2582725644_1_1371_+	456	3.2e-22	2	117	39	152	0.912698412698
GT2_Glycos_transf_2.hmm	170	2582725667_1_1176_+	391	1.5e-19	2	167	53	216	0.970588235294
GT2_Glycos_transf_2.hmm	170	2582725668_1_1158_+	385	2.7e-21	1	167	52	216	0.976470588235
GT4.hmm	160	2582725669_1_1020_+	339	8.7e-25	7	156	158	308	0.93125
GT4.hmm	160	2582725672_1_1194_+	397	1.5e-27	7	151	217	363	0.9
GT4.hmm	160	2582725673_1_1200_+	399	2.4e-25	8	157	206	356	0.93125
GT4.hmm	160	2582725679_1_1182_+	393	2.5e-26	6	153	205	355	0.91875
CE1.hmm	227	2582725726_1_2598_+	865	1.4e-24	7	210	311	516	0.894273127753
