HMM Profile	Profile Length	Gene ID	Gene Length	E Value	Profile Start	Profile End	Gene Start	Gene End	Coverage
CBM67.hmm	176	2595258654_1_3303_+	1100	2.5e-17	3	176	180	324	0.982954545455
CBM67.hmm	176	2595258654_1_3303_+	1100	6.1e-34	16	165	337	496	0.846590909091
GH78.hmm	504	2595258654_1_3303_+	1100	3.6e-163	2	503	547	1051	0.994047619048
GH109.hmm	126	2595258655_1_1326_+	441	6.7e-29	1	121	53	177	0.952380952381
GT30.hmm	177	2595258665_1_1305_+	434	3.7e-46	2	176	33	217	0.983050847458
GT4.hmm	160	2595258669_1_1152_+	383	2.3e-35	4	158	197	345	0.9625
GH43_24.hmm	244	2595258704_1_1050_+	349	4.6e-48	1	238	54	318	0.97131147541
GH141.hmm	527	2595258708_1_2193_+	730	8.6e-21	2	244	30	318	0.459203036053
GH28.hmm	325	2595258709_1_1359_+	452	2.2e-66	4	307	24	356	0.932307692308
GH29.hmm	346	2595258710_1_1653_+	550	7.7e-90	23	345	25	330	0.93063583815
GH28.hmm	325	2595258717_1_1305_+	434	9.1e-78	8	320	65	412	0.96
GH28.hmm	325	2595258718_1_1452_+	483	1.1e-75	5	307	72	446	0.929230769231
CE12.hmm	210	2595258727_1_828_+	275	1.6e-55	2	209	31	242	0.985714285714
GH105.hmm	332	2595258734_1_1188_+	395	1.2e-59	57	331	125	394	0.825301204819
CE1.hmm	227	2595258742_1_1635_+	544	4.8e-23	10	213	205	516	0.894273127753
GT2_Glycos_transf_2.hmm	170	2595258754_1_933_+	310	4.6e-24	1	133	4	141	0.776470588235
GT2_Glycos_transf_2.hmm	170	2595258755_1_933_+	310	3.7e-27	1	158	7	163	0.923529411765
GT4.hmm	160	2595258760_360_1640_+	426	8.3e-18	15	159	230	396	0.9
GT4.hmm	160	2595258764_1_1167_+	388	8e-24	8	154	206	354	0.9125
GT4.hmm	160	2595258766_1_1020_+	339	5.3e-16	5	153	158	308	0.925
GT4.hmm	160	2595258767_1_1212_+	403	3.4e-26	12	157	220	371	0.90625
GH28.hmm	325	2595258822_1_1560_+	519	2.3e-84	6	305	49	416	0.92
CBM48.hmm	76	2595258885_1_2220_+	739	4.8e-21	2	71	130	216	0.907894736842
GH13_9.hmm	291	2595258885_1_2220_+	739	1e-137	2	290	286	586	0.989690721649
PL22_2.hmm	158	2595258927_1_1298_+	432	1.8e-42	3	144	211	369	0.892405063291
GT2_Glycos_transf_2.hmm	170	2595258964_1_786_+	261	7e-16	1	117	9	115	0.682352941176
GT2_Glycos_transf_2.hmm	170	2595258965_1_954_+	317	2.6e-27	1	169	13	180	0.988235294118
GT2_Glycos_transf_2.hmm	170	2595258966_1_879_+	292	4.2e-20	3	129	9	132	0.741176470588
GT9.hmm	225	2595258967_1_1032_+	343	8.1e-47	3	215	70	310	0.942222222222
GT2_Glycos_transf_2.hmm	170	2595258968_1_213_+	70	8.4e-17	1	63	8	69	0.364705882353
GH109.hmm	126	2595259072_1_1377_+	458	2.6e-19	1	121	40	163	0.952380952381
GH88.hmm	329	2595259085_1_1413_+	470	1.6e-64	2	325	50	454	0.981762917933
GT83.hmm	540	2595259105_1_1677_+	558	1.8e-120	4	518	8	525	0.951851851852
GT2_Glycos_transf_2.hmm	170	2595259107_1_951_+	316	1.2e-26	1	166	9	169	0.970588235294
GH20.hmm	337	2595259156_1_2028_+	675	1.1e-108	8	336	155	467	0.973293768546
CE10.hmm	341	2595259166_1_1611_+	536	7.2e-37	49	257	87	318	0.609970674487
CE14.hmm	124	2595259194_1_2385_+	794	9.5e-21	1	122	7	130	0.975806451613
CE14.hmm	124	2595259198_1_735_+	244	2.5e-16	1	124	14	120	0.991935483871
GT4.hmm	160	2595259199_1_1119_+	372	1.5e-25	8	156	196	340	0.925
CE1.hmm	227	2595259271_1_840_+	279	2.6e-26	9	207	41	254	0.872246696035
GH109.hmm	126	2595259288_1_1350_+	449	1.9e-24	2	123	49	166	0.960317460317
GT83.hmm	540	2595259290_1_1419_+	472	2.1e-24	5	353	12	384	0.644444444444
GT2_Glycos_transf_2.hmm	170	2595259304_1_708_+	235	1.4e-25	2	159	12	162	0.923529411765
GT9.hmm	225	2595259359_1_966_+	321	3.2e-45	3	206	69	298	0.902222222222
GT9.hmm	225	2595259361_1_669_+	222	1.6e-40	28	199	7	192	0.76
GH23.hmm	135	2595259403_1_939_+	312	2.5e-25	14	123	177	300	0.807407407407
CE10.hmm	341	2595259407_287_928_+	213	1.4e-31	120	336	5	210	0.633431085044
CE10.hmm	341	2595259408_1_927_+	308	3e-40	81	331	62	301	0.733137829912
GH1.hmm	429	2595259420_1_1485_+	494	5.4e-156	3	428	42	492	0.990675990676
AA3.hmm	618	2595259421_1_1800_+	599	8.7e-56	84	403	7	596	0.516181229773
AA7.hmm	458	2595259468_1_1437_+	478	4.6e-19	10	195	36	230	0.403930131004
CE10.hmm	341	2595259572_1_882_+	293	7.2e-43	63	335	25	290	0.797653958944
GH109.hmm	126	2595259577_1_1485_+	494	6.4e-20	1	120	37	148	0.944444444444
GH109.hmm	126	2595259599_1_1128_+	375	7.4e-22	2	126	6	120	0.984126984127
CE12.hmm	210	2595259612_1_1314_+	437	4e-62	1	210	196	392	0.995238095238
GH2.hmm	752	2595259613_1_2385_+	794	9.3e-119	20	466	23	561	0.593085106383
GH28.hmm	325	2595259614_1_1455_+	484	7.1e-69	7	322	74	460	0.969230769231
GH28.hmm	325	2595259616_1_1341_+	446	2.4e-64	10	312	54	373	0.929230769231
GH106.hmm	824	2595259617_1_2838_+	945	8.6e-245	4	823	40	936	0.993932038835
GH92.hmm	491	2595259618_1_2088_+	695	3.7e-112	2	466	245	694	0.945010183299
GH2.hmm	752	2595259620_1_1851_+	616	7.3e-101	21	489	25	608	0.622340425532
GH2.hmm	752	2595259636_1_1746_+	581	2.9e-78	27	404	36	512	0.501329787234
GT2_Glycos_transf_2.hmm	170	2595259714_1_2148_+	715	9.7e-17	2	168	103	285	0.976470588235
GT2_Glyco_trans_2_3.hmm	197	2595259714_1_2148_+	715	2e-16	1	190	198	390	0.959390862944
AA3.hmm	618	2595259724_1_1680_+	559	7.1e-51	87	396	3	549	0.5
CE12.hmm	210	2595259739_1_759_+	252	1.6e-72	1	210	30	240	0.995238095238
GH2.hmm	752	2595259759_1_1776_+	591	7.5e-98	26	442	36	525	0.553191489362
GH29.hmm	346	2595259760_1_1557_+	518	1.1e-100	23	346	32	403	0.933526011561
GH109.hmm	126	2595259762_1_1356_+	451	2.6e-18	3	120	55	165	0.928571428571
GH109.hmm	126	2595259763_1_381_+	126	2.6e-16	1	98	37	126	0.769841269841
GH77.hmm	494	2595259770_1_1047_+	348	1.9e-125	149	486	3	339	0.682186234818
GT28.hmm	157	2595259785_1_1029_+	342	3.8e-39	3	148	170	320	0.923566878981
GH13_11.hmm	346	2595259794_1_2448_+	815	4.5e-46	12	345	379	667	0.962427745665
CBM48.hmm	76	2595259800_1_1983_+	660	1.3e-20	2	69	52	137	0.881578947368
GH13_9.hmm	291	2595259800_1_1983_+	660	4.4e-122	1	289	210	509	0.989690721649
CE10.hmm	341	2595259804_277_2820_+	847	1.5e-16	173	313	1	145	0.410557184751
GH2.hmm	752	2595259804_277_2820_+	847	6.8e-108	20	491	178	757	0.626329787234
GT19.hmm	354	2595259839_1_1173_+	390	1.9e-86	2	352	20	372	0.988700564972
CE9.hmm	373	2595259850_1_918_+	305	5.8e-89	50	342	3	301	0.782841823056
GH33.hmm	342	2595259869_1_1176_+	391	3.4e-88	14	330	35	374	0.923976608187
GH105.hmm	332	2595259887_1_1098_+	365	3.6e-87	12	331	50	359	0.960843373494
GH109.hmm	126	2595259888_1_1407_+	468	4e-20	2	122	43	166	0.952380952381
GH20.hmm	337	2595259906_1_1002_+	333	1.1e-29	14	255	8	256	0.715133531157
GH92.hmm	491	2595259965_1_2235_+	744	2.3e-146	6	486	251	742	0.977596741344
CBM67.hmm	176	2595259968_1_2298_+	765	4.4e-33	1	168	61	228	0.948863636364
GH78.hmm	504	2595259968_1_2298_+	765	3.5e-74	83	504	325	747	0.835317460317
GH28.hmm	325	2595259969_1_1488_+	495	1.6e-60	6	309	79	410	0.932307692308
PL25.hmm	434	2595259970_270_1478_+	402	8.7e-111	74	432	10	358	0.824884792627
GH95.hmm	722	2595259971_1_1098_+	365	1.4e-151	375	715	1	357	0.470914127424
GH95.hmm	722	2595259972_1_1278_+	425	6.3e-122	6	368	40	424	0.501385041551
CE15.hmm	269	2595259999_1_1302_+	433	1.9e-86	1	268	59	433	0.992565055762
GH78.hmm	504	2595260038_1_660_+	219	2.1e-46	325	503	2	170	0.353174603175
GH35.hmm	307	2595260048_1_618_+	205	9.4e-73	1	175	30	205	0.5667752443
GT35.hmm	674	2595260070_1_2493_+	830	1e-279	1	672	108	823	0.995548961424
GH109.hmm	126	2595260252_1_1356_+	451	4.7e-16	3	114	42	149	0.880952380952
CE11.hmm	271	2595260292_1_1338_+	445	1.1e-96	1	270	3	271	0.992619926199
GH29.hmm	346	2595260363_1_1389_+	462	4e-107	16	346	12	349	0.953757225434
GH106.hmm	824	2595260367_1_3396_+	1131	1.8e-233	94	823	401	1126	0.884708737864
GH28.hmm	325	2595260424_1_1323_+	440	2.5e-92	8	321	65	418	0.963076923077
GH29.hmm	346	2595260449_1_1941_+	646	1.2e-111	25	346	232	563	0.92774566474
GH78.hmm	504	2595260451_1_1086_+	361	1.5e-72	209	503	2	312	0.583333333333
GH29.hmm	346	2595260457_1_768_+	255	5.9e-60	17	171	62	223	0.445086705202
GH29.hmm	346	2595260457_789_1619_+	276	3.5e-37	193	345	3	172	0.439306358382
CE14.hmm	124	2595260461_1_546_+	181	4.2e-22	1	122	49	172	0.975806451613
GH67.hmm	669	2595260479_1186_2076_+	296	5.2e-107	401	666	1	269	0.396113602392
GH3.hmm	216	2595260480_1_1410_+	469	1.1e-71	3	215	40	280	0.981481481481
CE8.hmm	288	2595260525_1_1164_+	387	1.9e-43	2	196	155	366	0.673611111111
PL4.hmm	567	2595260536_1_1521_+	506	7.3e-89	5	443	22	503	0.772486772487
GH42.hmm	371	2595260551_1_1800_+	599	1.9e-94	64	370	1	318	0.824797843666
