HMM Profile	Profile Length	Gene ID	Gene Length	E Value	Profile Start	Profile End	Gene Start	Gene End	Coverage
GT19.hmm	354	2595238733_1_1155_+	384	4.7e-124	1	352	10	364	0.991525423729
CE4.hmm	130	2595238852_1_861_+	286	4.9e-24	22	127	40	150	0.807692307692
GH23.hmm	135	2595239072_1_1020_+	339	2.8e-18	11	120	200	327	0.807407407407
GT2_Glycos_transf_2.hmm	170	2595239162_1_786_+	261	3.1e-31	1	113	4	111	0.658823529412
GH73.hmm	128	2595239214_1_981_+	326	1.6e-37	4	126	187	323	0.953125
GT4.hmm	160	2595239229_1_1149_+	382	2.1e-33	7	153	198	349	0.9125
GT4.hmm	160	2595239231_1_1368_+	455	3.6e-31	11	158	215	364	0.91875
GT2_Glycos_transf_2.hmm	170	2595239234_1_1035_+	344	8.5e-23	2	133	17	152	0.770588235294
GT32.hmm	90	2595239235_1_825_+	274	6.7e-20	4	87	21	95	0.922222222222
GT9.hmm	225	2595239372_1_1092_+	363	7.4e-45	10	219	80	333	0.928888888889
GT4.hmm	160	2595239374_1_393_+	130	6.7e-17	58	157	2	100	0.61875
GT2_Glycos_transf_2.hmm	170	2595239376_1_744_+	247	2.6e-18	1	106	3	97	0.617647058824
GT2_Glycos_transf_2.hmm	170	2595239377_1_816_+	271	7.7e-23	1	104	5	109	0.605882352941
GT28.hmm	157	2595239411_1_1077_+	358	1.5e-49	2	150	183	340	0.942675159236
GT5.hmm	472	2595239441_1_1434_+	477	1.8e-176	1	471	3	475	0.995762711864
CBM48.hmm	76	2595239442_1_2445_+	814	2.7e-17	2	69	213	298	0.881578947368
GH13_9.hmm	291	2595239442_1_2445_+	814	3.7e-141	2	290	368	667	0.989690721649
GT2_Glycos_transf_2.hmm	170	2595239538_1_1044_+	347	9.7e-27	1	132	14	142	0.770588235294
GT30.hmm	177	2595239539_1_1266_+	421	1.2e-70	2	176	33	210	0.983050847458
GH13_11.hmm	346	2595239563_1_2103_+	700	2.8e-140	1	346	176	531	0.99710982659
GH3.hmm	216	2595239732_1_990_+	329	3e-55	10	216	52	268	0.953703703704
GT4.hmm	160	2595239770_1_1137_+	378	4.7e-25	7	154	194	341	0.91875
GT2_Glycos_transf_2.hmm	170	2595239773_1_1056_+	351	1.1e-25	1	143	9	155	0.835294117647
GT11.hmm	276	2595239774_1_882_+	293	3.7e-77	1	276	1	292	0.996376811594
GT2_Glycos_transf_2.hmm	170	2595239777_1_1020_+	339	3.5e-23	2	131	8	134	0.758823529412
GH77.hmm	494	2595239843_1_1476_+	491	1.3e-162	1	480	14	477	0.96963562753
GT2_Glyco_tranf_2_3.hmm	230	2595239939_1_2604_+	867	1.8e-32	4	230	423	650	0.982608695652
CE11.hmm	271	2595239990_1_924_+	307	3.3e-117	1	270	4	275	0.992619926199
GT2_Glycos_transf_2.hmm	170	2595240081_1_963_+	320	1.3e-32	1	124	13	136	0.723529411765
GT83.hmm	540	2595240083_1_1809_+	602	9.1e-97	11	363	138	503	0.651851851852
GT2_Glycos_transf_2.hmm	170	2595240116_1_963_+	320	1e-22	2	160	14	168	0.929411764706
AA3.hmm	618	2595240118_1_1587_+	528	4.1e-19	86	397	1	522	0.503236245955
GT2_Glycos_transf_2.hmm	170	2595240122_1_1050_+	349	8.8e-22	2	166	22	183	0.964705882353
GH57.hmm	383	2595240166_1_1599_+	532	1.8e-79	2	303	8	420	0.78590078329
GH23.hmm	135	2595240267_1_1908_+	635	1e-26	15	121	485	611	0.785185185185
GT4.hmm	160	2595240298_1_1215_+	404	7e-16	6	159	220	375	0.95625
PL12_3.hmm	143	2595240299_1_1287_+	428	2.5e-23	9	136	235	355	0.888111888112
GT4.hmm	160	2595240303_1_1140_+	379	2.3e-26	5	153	184	331	0.925
GT4.hmm	160	2595240304_1_1119_+	372	9.9e-22	5	146	173	317	0.88125
GT2_Glyco_tranf_2_3.hmm	230	2595240325_1_1329_+	442	9.6e-38	1	228	74	296	0.986956521739
CE4.hmm	130	2595240326_1_1749_+	582	6.3e-29	4	125	70	232	0.930769230769
GH153.hmm	349	2595240326_1_1749_+	582	6.7e-130	2	309	275	580	0.879656160458
CE7.hmm	313	2595240327_1_963_+	320	5.1e-51	7	308	18	306	0.961661341853
CE1.hmm	227	2595240328_1_729_+	242	2.1e-18	67	214	69	236	0.647577092511
GT35.hmm	674	2595240383_1_2511_+	836	2.9e-279	1	673	112	828	0.99703264095
GT41.hmm	705	2595240429_1_1968_+	655	5.5e-122	123	524	118	634	0.568794326241
GT9.hmm	225	2595240455_1_1122_+	373	6.6e-53	2	221	55	354	0.973333333333
GT9.hmm	225	2595240456_1_999_+	332	3.3e-42	7	205	75	299	0.88
GH73.hmm	128	2595240489_1_3549_+	1182	1.2e-22	11	127	886	1009	0.90625
GT2_Glycos_transf_2.hmm	170	2595240633_1_945_+	314	9e-32	1	109	4	107	0.635294117647
GT4.hmm	160	2595240634_1_1224_+	407	1.1e-28	13	155	228	374	0.8875
GH23.hmm	135	2595240663_1_597_+	198	2.9e-31	14	122	89	197	0.8
GH23.hmm	135	2595240671_1_1566_+	521	8e-24	3	124	241	380	0.896296296296
GT4.hmm	160	2595240759_1_1209_+	402	1.7e-32	8	159	215	371	0.94375
GT2_Glycos_transf_2.hmm	170	2595240769_1_921_+	306	2.9e-21	1	167	4	171	0.976470588235
GT4.hmm	160	2595240798_1_1035_+	344	1.7e-18	9	157	182	315	0.925
AA6.hmm	195	2595240970_1_591_+	196	6.5e-65	1	193	3	190	0.984615384615
GT4.hmm	160	2595241018_1_1161_+	386	3.9e-36	12	153	203	346	0.88125
GH23.hmm	135	2595241022_1_1689_+	562	7.5e-25	2	129	113	258	0.940740740741
GH3.hmm	216	2595241049_1_2232_+	743	1.1e-65	3	216	113	341	0.986111111111
GH5_45.hmm	300	2595241078_1_1122_+	373	3.8e-154	3	300	55	352	0.99
GH103.hmm	295	2595241141_1_1071_+	356	1.5e-69	8	207	85	291	0.674576271186
GH17.hmm	311	2595241189_1_1935_+	644	7.2e-29	23	309	82	317	0.91961414791
GT41.hmm	705	2595241241_1_2709_+	902	6e-124	120	530	373	899	0.581560283688
GT51.hmm	177	2595241503_1_2259_+	752	2.8e-60	9	176	138	309	0.943502824859
