2582580615 IHPI 548 611509
2582580615 IHPP 4461 2412328
2582580615 IHPS 8225 7146678
2582580615 IHPT 11526 7798863
2582580615 IHPW 4682 6944310
2582580615 IHPX 4428 6653197
2582580615 IHPZ 897 3703616
2582580615 IHSC 0 0
2582580615 IHSF 4945 6011592
2582580615 IHSG 2917 7133513
2582580615 IHSH 1061 6320628
2582580615 IHSI 6056 4369945
2582580615 IHSN 4239 7505818
2582580615 IHSO 341402 9531420
2582580615 IHSP 14530 7113079
2582580615 IHSS 453 642834
2582580615 IHSU 12305 12942806
2582580615 IHSW 15336 10167506
2582580615 IHSX 115812 5396041
2582580615 IHSY 31374 30817664
2582580615 IHSZ 6576 7277550
2582580615 IHTA 11628 6477913
2582580615 IHTB 141 286129
2582580615 IHTC 8730 7292233
2582580615 IHTF 10279 6825155
2582580615 IHTG 13672 10264750
2582580615 IHTH 1733 4266471
2582580615 IHTI 7447 2455241
2582580615 IHTN 7054 5393395
2582580615 IHTO 8872 4337884
2582580615 IHTP 35244 1183351
2582580615 IHTS 3902 690898
2582580615 IHTT 24 1593632
2582580615 IHTU 164681 5668497
2582580615 IHTW 91110 8037527
2582580615 IHTX 1028298 12654254
2582580615 IHTY 3673 8594072
2582580615 IHUT 2122 3102335
2582580615 IHUW 10910 6638796
2582580615 IHUX 8444 10515386
2582580615 IHUY 42079 10740970
2582580615 IHWC 5332 9804658
2582580615 IHWZ 25694 9589080
2582580615 IHXB 13604 6721234
2582580615 IHXC 9693 8206195
2582580616 IHPI 1145 611509
2582580616 IHPP 2960 2412328
2582580616 IHPS 1721 7146678
2582580616 IHPT 1277 7798863
2582580616 IHPW 40632 6944310
2582580616 IHPX 49181 6653197
2582580616 IHPZ 5217 3703616
2582580616 IHSC 0 0
2582580616 IHSF 1348 6011592
2582580616 IHSG 5420 7133513
2582580616 IHSH 95467 6320628
2582580616 IHSI 55360 4369945
2582580616 IHSN 5276 7505818
2582580616 IHSO 1560 9531420
2582580616 IHSP 6499 7113079
2582580616 IHSS 1 642834
2582580616 IHSU 48 12942806
2582580616 IHSW 5 10167506
2582580616 IHSX 18531 5396041
2582580616 IHSY 69883 30817664
2582580616 IHSZ 25084 7277550
2582580616 IHTA 8896 6477913
2582580616 IHTB 619 286129
2582580616 IHTC 14116 7292233
2582580616 IHTF 5125 6825155
2582580616 IHTG 12865 10264750
2582580616 IHTH 1853 4266471
2582580616 IHTI 194 2455241
2582580616 IHTN 59062 5393395
2582580616 IHTO 48204 4337884
2582580616 IHTP 45 1183351
2582580616 IHTS 117 690898
2582580616 IHTT 13 1593632
2582580616 IHTU 5490 5668497
2582580616 IHTW 19855 8037527
2582580616 IHTX 3574 12654254
2582580616 IHTY 8995 8594072
2582580616 IHUT 6249 3102335
2582580616 IHUW 2459 6638796
2582580616 IHUX 431369 10515386
2582580616 IHUY 215647 10740970
2582580616 IHWC 312985 9804658
2582580616 IHWZ 2461 9589080
2582580616 IHXB 16800 6721234
2582580616 IHXC 10939 8206195
2582580617 IHPI 3346 611509
2582580617 IHPP 10221 2412328
2582580617 IHPS 33600 7146678
2582580617 IHPT 10802 7798863
2582580617 IHPW 72713 6944310
2582580617 IHPX 32223 6653197
2582580617 IHPZ 5398 3703616
2582580617 IHSC 0 0
2582580617 IHSF 10123 6011592
2582580617 IHSG 4119 7133513
2582580617 IHSH 6157 6320628
2582580617 IHSI 83518 4369945
2582580617 IHSN 40286 7505818
2582580617 IHSO 22517 9531420
2582580617 IHSP 3865 7113079
2582580617 IHSS 53 642834
2582580617 IHSU 3845 12942806
2582580617 IHSW 1370 10167506
2582580617 IHSX 8922 5396041
2582580617 IHSY 167843 30817664
2582580617 IHSZ 25354 7277550
2582580617 IHTA 45274 6477913
2582580617 IHTB 2690 286129
2582580617 IHTC 8094 7292233
2582580617 IHTF 1380 6825155
2582580617 IHTG 2088 10264750
2582580617 IHTH 2239 4266471
2582580617 IHTI 4077 2455241
2582580617 IHTN 119627 5393395
2582580617 IHTO 39654 4337884
2582580617 IHTP 148 1183351
2582580617 IHTS 101 690898
2582580617 IHTT 25 1593632
2582580617 IHTU 19495 5668497
2582580617 IHTW 59455 8037527
2582580617 IHTX 9606 12654254
2582580617 IHTY 28369 8594072
2582580617 IHUT 53923 3102335
2582580617 IHUW 30264 6638796
2582580617 IHUX 544766 10515386
2582580617 IHUY 272453 10740970
2582580617 IHWC 366416 9804658
2582580617 IHWZ 7348 9589080
2582580617 IHXB 80209 6721234
2582580617 IHXC 73452 8206195
2582580620 IHPI 1333 611509
2582580620 IHPP 3925 2412328
2582580620 IHPS 8409 7146678
2582580620 IHPT 2991 7798863
2582580620 IHPW 1661 6944310
2582580620 IHPX 116 6653197
2582580620 IHPZ 93 3703616
2582580620 IHSC 0 0
2582580620 IHSF 1876 6011592
2582580620 IHSG 2301 7133513
2582580620 IHSH 424 6320628
2582580620 IHSI 3665 4369945
2582580620 IHSN 7726 7505818
2582580620 IHSO 27843 9531420
2582580620 IHSP 11318 7113079
2582580620 IHSS 98 642834
2582580620 IHSU 19467 12942806
2582580620 IHSW 9879 10167506
2582580620 IHSX 2521 5396041
2582580620 IHSY 7977 30817664
2582580620 IHSZ 529 7277550
2582580620 IHTA 15348 6477913
2582580620 IHTB 446 286129
2582580620 IHTC 9266 7292233
2582580620 IHTF 13859 6825155
2582580620 IHTG 25663 10264750
2582580620 IHTH 2373 4266471
2582580620 IHTI 16933 2455241
2582580620 IHTN 21443 5393395
2582580620 IHTO 14450 4337884
2582580620 IHTP 4306 1183351
2582580620 IHTS 5489 690898
2582580620 IHTT 913 1593632
2582580620 IHTU 7923 5668497
2582580620 IHTW 2017 8037527
2582580620 IHTX 59918 12654254
2582580620 IHTY 63 8594072
2582580620 IHUT 145 3102335
2582580620 IHUW 1678 6638796
2582580620 IHUX 183 10515386
2582580620 IHUY 612 10740970
2582580620 IHWC 154 9804658
2582580620 IHWZ 45611 9589080
2582580620 IHXB 6950 6721234
2582580620 IHXC 11834 8206195
2582580621 IHPI 2880 611509
2582580621 IHPP 1999 2412328
2582580621 IHPS 4758 7146678
2582580621 IHPT 1846 7798863
2582580621 IHPW 993 6944310
2582580621 IHPX 170 6653197
2582580621 IHPZ 142 3703616
2582580621 IHSC 0 0
2582580621 IHSF 2322 6011592
2582580621 IHSG 3077 7133513
2582580621 IHSH 682 6320628
2582580621 IHSI 1704 4369945
2582580621 IHSN 2969 7505818
2582580621 IHSO 73243 9531420
2582580621 IHSP 25981 7113079
2582580621 IHSS 134 642834
2582580621 IHSU 8961 12942806
2582580621 IHSW 6147 10167506
2582580621 IHSX 5397 5396041
2582580621 IHSY 17424 30817664
2582580621 IHSZ 1349 7277550
2582580621 IHTA 36473 6477913
2582580621 IHTB 938 286129
2582580621 IHTC 20635 7292233
2582580621 IHTF 29490 6825155
2582580621 IHTG 65532 10264750
2582580621 IHTH 5429 4266471
2582580621 IHTI 21740 2455241
2582580621 IHTN 30012 5393395
2582580621 IHTO 24871 4337884
2582580621 IHTP 14038 1183351
2582580621 IHTS 6779 690898
2582580621 IHTT 91 1593632
2582580621 IHTU 15541 5668497
2582580621 IHTW 3121 8037527
2582580621 IHTX 169633 12654254
2582580621 IHTY 140 8594072
2582580621 IHUT 242 3102335
2582580621 IHUW 1707 6638796
2582580621 IHUX 417 10515386
2582580621 IHUY 1061 10740970
2582580621 IHWC 410 9804658
2582580621 IHWZ 125637 9589080
2582580621 IHXB 4149 6721234
2582580621 IHXC 6119 8206195
2582580622 IHPI 4770 611509
2582580622 IHPP 219445 2412328
2582580622 IHPS 122337 7146678
2582580622 IHPT 41832 7798863
2582580622 IHPW 49457 6944310
2582580622 IHPX 23649 6653197
2582580622 IHPZ 39781 3703616
2582580622 IHSC 0 0
2582580622 IHSF 82336 6011592
2582580622 IHSG 330357 7133513
2582580622 IHSH 126549 6320628
2582580622 IHSI 17524 4369945
2582580622 IHSN 15235 7505818
2582580622 IHSO 55394 9531420
2582580622 IHSP 486340 7113079
2582580622 IHSS 476 642834
2582580622 IHSU 15068 12942806
2582580622 IHSW 2577 10167506
2582580622 IHSX 29059 5396041
2582580622 IHSY 8966 30817664
2582580622 IHSZ 3923 7277550
2582580622 IHTA 802567 6477913
2582580622 IHTB 7008 286129
2582580622 IHTC 276008 7292233
2582580622 IHTF 336431 6825155
2582580622 IHTG 686167 10264750
2582580622 IHTH 102657 4266471
2582580622 IHTI 68731 2455241
2582580622 IHTN 189285 5393395
2582580622 IHTO 147347 4337884
2582580622 IHTP 2576 1183351
2582580622 IHTS 10814 690898
2582580622 IHTT 785 1593632
2582580622 IHTU 10899 5668497
2582580622 IHTW 472366 8037527
2582580622 IHTX 7366 12654254
2582580622 IHTY 1263 8594072
2582580622 IHUT 975 3102335
2582580622 IHUW 95673 6638796
2582580622 IHUX 390 10515386
2582580622 IHUY 167516 10740970
2582580622 IHWC 648 9804658
2582580622 IHWZ 1204264 9589080
2582580622 IHXB 219590 6721234
2582580622 IHXC 790559 8206195
2582580623 IHPI 670 611509
2582580623 IHPP 2379 2412328
2582580623 IHPS 2320 7146678
2582580623 IHPT 564 7798863
2582580623 IHPW 1474 6944310
2582580623 IHPX 134 6653197
2582580623 IHPZ 1525 3703616
2582580623 IHSC 0 0
2582580623 IHSF 35611 6011592
2582580623 IHSG 34920 7133513
2582580623 IHSH 2534 6320628
2582580623 IHSI 1659 4369945
2582580623 IHSN 783 7505818
2582580623 IHSO 31826 9531420
2582580623 IHSP 9317 7113079
2582580623 IHSS 134 642834
2582580623 IHSU 9301 12942806
2582580623 IHSW 3757 10167506
2582580623 IHSX 6746 5396041
2582580623 IHSY 10462 30817664
2582580623 IHSZ 881 7277550
2582580623 IHTA 22482 6477913
2582580623 IHTB 548 286129
2582580623 IHTC 9894 7292233
2582580623 IHTF 11690 6825155
2582580623 IHTG 23327 10264750
2582580623 IHTH 2142 4266471
2582580623 IHTI 5228 2455241
2582580623 IHTN 12678 5393395
2582580623 IHTO 12223 4337884
2582580623 IHTP 4446 1183351
2582580623 IHTS 3361 690898
2582580623 IHTT 102 1593632
2582580623 IHTU 59557 5668497
2582580623 IHTW 54323 8037527
2582580623 IHTX 277148 12654254
2582580623 IHTY 975 8594072
2582580623 IHUT 688 3102335
2582580623 IHUW 8750 6638796
2582580623 IHUX 2198 10515386
2582580623 IHUY 14417 10740970
2582580623 IHWC 1512 9804658
2582580623 IHWZ 88340 9589080
2582580623 IHXB 4459 6721234
2582580623 IHXC 7698 8206195
2582580624 IHPI 370 611509
2582580624 IHPP 633 2412328
2582580624 IHPS 3355 7146678
2582580624 IHPT 5241 7798863
2582580624 IHPW 787 6944310
2582580624 IHPX 142 6653197
2582580624 IHPZ 11167 3703616
2582580624 IHSC 0 0
2582580624 IHSF 38983 6011592
2582580624 IHSG 33880 7133513
2582580624 IHSH 8878 6320628
2582580624 IHSI 1427 4369945
2582580624 IHSN 7825 7505818
2582580624 IHSO 603 9531420
2582580624 IHSP 28456 7113079
2582580624 IHSS 3604 642834
2582580624 IHSU 47962 12942806
2582580624 IHSW 13718 10167506
2582580624 IHSX 35220 5396041
2582580624 IHSY 40230 30817664
2582580624 IHSZ 20745 7277550
2582580624 IHTA 1800 6477913
2582580624 IHTB 203 286129
2582580624 IHTC 38091 7292233
2582580624 IHTF 24215 6825155
2582580624 IHTG 40944 10264750
2582580624 IHTH 21004 4266471
2582580624 IHTI 173 2455241
2582580624 IHTN 595 5393395
2582580624 IHTO 430 4337884
2582580624 IHTP 57 1183351
2582580624 IHTS 242 690898
2582580624 IHTT 590 1593632
2582580624 IHTU 31 5668497
2582580624 IHTW 53 8037527
2582580624 IHTX 8 12654254
2582580624 IHTY 24 8594072
2582580624 IHUT 127 3102335
2582580624 IHUW 265 6638796
2582580624 IHUX 2097 10515386
2582580624 IHUY 5375 10740970
2582580624 IHWC 2861 9804658
2582580624 IHWZ 289 9589080
2582580624 IHXB 2749 6721234
2582580624 IHXC 3571 8206195
2582580625 IHPI 535 611509
2582580625 IHPP 3841 2412328
2582580625 IHPS 7299 7146678
2582580625 IHPT 2652 7798863
2582580625 IHPW 1857 6944310
2582580625 IHPX 1208 6653197
2582580625 IHPZ 3426 3703616
2582580625 IHSC 0 0
2582580625 IHSF 15225 6011592
2582580625 IHSG 45008 7133513
2582580625 IHSH 20470 6320628
2582580625 IHSI 357 4369945
2582580625 IHSN 354 7505818
2582580625 IHSO 9512 9531420
2582580625 IHSP 223274 7113079
2582580625 IHSS 14 642834
2582580625 IHSU 376 12942806
2582580625 IHSW 138 10167506
2582580625 IHSX 34578 5396041
2582580625 IHSY 186827 30817664
2582580625 IHSZ 16653 7277550
2582580625 IHTA 19547 6477913
2582580625 IHTB 985 286129
2582580625 IHTC 42749 7292233
2582580625 IHTF 63761 6825155
2582580625 IHTG 168582 10264750
2582580625 IHTH 36310 4266471
2582580625 IHTI 2115 2455241
2582580625 IHTN 5512 5393395
2582580625 IHTO 6106 4337884
2582580625 IHTP 356 1183351
2582580625 IHTS 1444 690898
2582580625 IHTT 136 1593632
2582580625 IHTU 2794 5668497
2582580625 IHTW 39226 8037527
2582580625 IHTX 2239 12654254
2582580625 IHTY 232 8594072
2582580625 IHUT 55 3102335
2582580625 IHUW 2161 6638796
2582580625 IHUX 40 10515386
2582580625 IHUY 14518 10740970
2582580625 IHWC 63 9804658
2582580625 IHWZ 15446 9589080
2582580625 IHXB 6451 6721234
2582580625 IHXC 17709 8206195
2582580627 IHPI 2250 611509
2582580627 IHPP 9542 2412328
2582580627 IHPS 12773 7146678
2582580627 IHPT 6087 7798863
2582580627 IHPW 2773 6944310
2582580627 IHPX 1872 6653197
2582580627 IHPZ 672 3703616
2582580627 IHSC 0 0
2582580627 IHSF 9912 6011592
2582580627 IHSG 11348 7133513
2582580627 IHSH 2519 6320628
2582580627 IHSI 6017 4369945
2582580627 IHSN 9013 7505818
2582580627 IHSO 22042 9531420
2582580627 IHSP 16220 7113079
2582580627 IHSS 257 642834
2582580627 IHSU 26502 12942806
2582580627 IHSW 6912 10167506
2582580627 IHSX 7355 5396041
2582580627 IHSY 24090 30817664
2582580627 IHSZ 2744 7277550
2582580627 IHTA 30144 6477913
2582580627 IHTB 1364 286129
2582580627 IHTC 14052 7292233
2582580627 IHTF 22488 6825155
2582580627 IHTG 26451 10264750
2582580627 IHTH 6083 4266471
2582580627 IHTI 8587 2455241
2582580627 IHTN 54249 5393395
2582580627 IHTO 31964 4337884
2582580627 IHTP 908 1183351
2582580627 IHTS 2920 690898
2582580627 IHTT 28 1593632
2582580627 IHTU 35116 5668497
2582580627 IHTW 32192 8037527
2582580627 IHTX 30468 12654254
2582580627 IHTY 1992 8594072
2582580627 IHUT 2111 3102335
2582580627 IHUW 2173 6638796
2582580627 IHUX 3978 10515386
2582580627 IHUY 4563 10740970
2582580627 IHWC 4487 9804658
2582580627 IHWZ 77637 9589080
2582580627 IHXB 12251 6721234
2582580627 IHXC 16983 8206195
2582580628 IHPI 182 611509
2582580628 IHPP 2677 2412328
2582580628 IHPS 3777 7146678
2582580628 IHPT 5897 7798863
2582580628 IHPW 4655 6944310
2582580628 IHPX 3597 6653197
2582580628 IHPZ 130 3703616
2582580628 IHSC 0 0
2582580628 IHSF 1842 6011592
2582580628 IHSG 955 7133513
2582580628 IHSH 193 6320628
2582580628 IHSI 8688 4369945
2582580628 IHSN 21309 7505818
2582580628 IHSO 10872 9531420
2582580628 IHSP 2387 7113079
2582580628 IHSS 2759 642834
2582580628 IHSU 142219 12942806
2582580628 IHSW 98045 10167506
2582580628 IHSX 839 5396041
2582580628 IHSY 7069 30817664
2582580628 IHSZ 1926 7277550
2582580628 IHTA 1844 6477913
2582580628 IHTB 72 286129
2582580628 IHTC 1798 7292233
2582580628 IHTF 1180 6825155
2582580628 IHTG 1949 10264750
2582580628 IHTH 600 4266471
2582580628 IHTI 1267 2455241
2582580628 IHTN 3157 5393395
2582580628 IHTO 1735 4337884
2582580628 IHTP 63 1183351
2582580628 IHTS 158 690898
2582580628 IHTT 6 1593632
2582580628 IHTU 6917 5668497
2582580628 IHTW 9207 8037527
2582580628 IHTX 2603 12654254
2582580628 IHTY 2146 8594072
2582580628 IHUT 746 3102335
2582580628 IHUW 407 6638796
2582580628 IHUX 4262 10515386
2582580628 IHUY 1853 10740970
2582580628 IHWC 3078 9804658
2582580628 IHWZ 2449 9589080
2582580628 IHXB 4405 6721234
2582580628 IHXC 4611 8206195
2582580629 IHPI 619 611509
2582580629 IHPP 1299 2412328
2582580629 IHPS 3268 7146678
2582580629 IHPT 3814 7798863
2582580629 IHPW 938 6944310
2582580629 IHPX 136 6653197
2582580629 IHPZ 10994 3703616
2582580629 IHSC 0 0
2582580629 IHSF 44036 6011592
2582580629 IHSG 33370 7133513
2582580629 IHSH 9437 6320628
2582580629 IHSI 1210 4369945
2582580629 IHSN 5781 7505818
2582580629 IHSO 2464 9531420
2582580629 IHSP 18463 7113079
2582580629 IHSS 2922 642834
2582580629 IHSU 41126 12942806
2582580629 IHSW 12491 10167506
2582580629 IHSX 42482 5396041
2582580629 IHSY 40263 30817664
2582580629 IHSZ 15896 7277550
2582580629 IHTA 2450 6477913
2582580629 IHTB 220 286129
2582580629 IHTC 30376 7292233
2582580629 IHTF 19425 6825155
2582580629 IHTG 30539 10264750
2582580629 IHTH 13898 4266471
2582580629 IHTI 263 2455241
2582580629 IHTN 1032 5393395
2582580629 IHTO 1398 4337884
2582580629 IHTP 60 1183351
2582580629 IHTS 229 690898
2582580629 IHTT 221 1593632
2582580629 IHTU 162 5668497
2582580629 IHTW 1902 8037527
2582580629 IHTX 542 12654254
2582580629 IHTY 131 8594072
2582580629 IHUT 93 3102335
2582580629 IHUW 244 6638796
2582580629 IHUX 2040 10515386
2582580629 IHUY 5492 10740970
2582580629 IHWC 2199 9804658
2582580629 IHWZ 437 9589080
2582580629 IHXB 3064 6721234
2582580629 IHXC 4857 8206195
2582580630 IHPI 490 611509
2582580630 IHPP 1369 2412328
2582580630 IHPS 3143 7146678
2582580630 IHPT 4040 7798863
2582580630 IHPW 9156 6944310
2582580630 IHPX 11062 6653197
2582580630 IHPZ 1911 3703616
2582580630 IHSC 0 0
2582580630 IHSF 5841 6011592
2582580630 IHSG 5147 7133513
2582580630 IHSH 2268 6320628
2582580630 IHSI 13029 4369945
2582580630 IHSN 28137 7505818
2582580630 IHSO 13362 9531420
2582580630 IHSP 6043 7113079
2582580630 IHSS 3341 642834
2582580630 IHSU 70646 12942806
2582580630 IHSW 71544 10167506
2582580630 IHSX 1698 5396041
2582580630 IHSY 19486 30817664
2582580630 IHSZ 4911 7277550
2582580630 IHTA 2519 6477913
2582580630 IHTB 255 286129
2582580630 IHTC 4754 7292233
2582580630 IHTF 5103 6825155
2582580630 IHTG 8968 10264750
2582580630 IHTH 2211 4266471
2582580630 IHTI 280 2455241
2582580630 IHTN 1139 5393395
2582580630 IHTO 1749 4337884
2582580630 IHTP 130 1183351
2582580630 IHTS 189 690898
2582580630 IHTT 13 1593632
2582580630 IHTU 3746 5668497
2582580630 IHTW 8498 8037527
2582580630 IHTX 3873 12654254
2582580630 IHTY 3009 8594072
2582580630 IHUT 1525 3102335
2582580630 IHUW 1796 6638796
2582580630 IHUX 6786 10515386
2582580630 IHUY 9333 10740970
2582580630 IHWC 6032 9804658
2582580630 IHWZ 4383 9589080
2582580630 IHXB 3898 6721234
2582580630 IHXC 3242 8206195
2582580631 IHPI 419 611509
2582580631 IHPP 2685 2412328
2582580631 IHPS 5994 7146678
2582580631 IHPT 2393 7798863
2582580631 IHPW 21592 6944310
2582580631 IHPX 1359 6653197
2582580631 IHPZ 15980 3703616
2582580631 IHSC 0 0
2582580631 IHSF 12843 6011592
2582580631 IHSG 23518 7133513
2582580631 IHSH 54748 6320628
2582580631 IHSI 1180 4369945
2582580631 IHSN 945 7505818
2582580631 IHSO 12477 9531420
2582580631 IHSP 9326 7113079
2582580631 IHSS 1653 642834
2582580631 IHSU 59695 12942806
2582580631 IHSW 23062 10167506
2582580631 IHSX 12275 5396041
2582580631 IHSY 146284 30817664
2582580631 IHSZ 48685 7277550
2582580631 IHTA 5994 6477913
2582580631 IHTB 746 286129
2582580631 IHTC 12998 7292233
2582580631 IHTF 15313 6825155
2582580631 IHTG 12426 10264750
2582580631 IHTH 19580 4266471
2582580631 IHTI 409 2455241
2582580631 IHTN 2233 5393395
2582580631 IHTO 6311 4337884
2582580631 IHTP 47 1183351
2582580631 IHTS 113 690898
2582580631 IHTT 7 1593632
2582580631 IHTU 64 5668497
2582580631 IHTW 411 8037527
2582580631 IHTX 127 12654254
2582580631 IHTY 25 8594072
2582580631 IHUT 27 3102335
2582580631 IHUW 19 6638796
2582580631 IHUX 3208 10515386
2582580631 IHUY 13789 10740970
2582580631 IHWC 1081 9804658
2582580631 IHWZ 337 9589080
2582580631 IHXB 10610 6721234
2582580631 IHXC 6871 8206195
2582580632 IHPI 397 611509
2582580632 IHPP 2509 2412328
2582580632 IHPS 1334 7146678
2582580632 IHPT 8516 7798863
2582580632 IHPW 29348 6944310
2582580632 IHPX 22746 6653197
2582580632 IHPZ 41 3703616
2582580632 IHSC 0 0
2582580632 IHSF 635 6011592
2582580632 IHSG 216 7133513
2582580632 IHSH 70 6320628
2582580632 IHSI 40906 4369945
2582580632 IHSN 40673 7505818
2582580632 IHSO 17917 9531420
2582580632 IHSP 4995 7113079
2582580632 IHSS 2858 642834
2582580632 IHSU 30073 12942806
2582580632 IHSW 36996 10167506
2582580632 IHSX 3108 5396041
2582580632 IHSY 3174 30817664
2582580632 IHSZ 1150 7277550
2582580632 IHTA 1373 6477913
2582580632 IHTB 60 286129
2582580632 IHTC 7097 7292233
2582580632 IHTF 2142 6825155
2582580632 IHTG 4684 10264750
2582580632 IHTH 673 4266471
2582580632 IHTI 170 2455241
2582580632 IHTN 5247 5393395
2582580632 IHTO 2960 4337884
2582580632 IHTP 35 1183351
2582580632 IHTS 72 690898
2582580632 IHTT 5 1593632
2582580632 IHTU 4177 5668497
2582580632 IHTW 4603 8037527
2582580632 IHTX 2366 12654254
2582580632 IHTY 636 8594072
2582580632 IHUT 37 3102335
2582580632 IHUW 13 6638796
2582580632 IHUX 58 10515386
2582580632 IHUY 50 10740970
2582580632 IHWC 68 9804658
2582580632 IHWZ 3482 9589080
2582580632 IHXB 2818 6721234
2582580632 IHXC 1574 8206195
2582580633 IHPI 46 611509
2582580633 IHPP 1353 2412328
2582580633 IHPS 3661 7146678
2582580633 IHPT 8878 7798863
2582580633 IHPW 85729 6944310
2582580633 IHPX 2244 6653197
2582580633 IHPZ 21 3703616
2582580633 IHSC 0 0
2582580633 IHSF 262 6011592
2582580633 IHSG 298 7133513
2582580633 IHSH 203 6320628
2582580633 IHSI 7396 4369945
2582580633 IHSN 8388 7505818
2582580633 IHSO 2479 9531420
2582580633 IHSP 12968 7113079
2582580633 IHSS 5728 642834
2582580633 IHSU 44229 12942806
2582580633 IHSW 107256 10167506
2582580633 IHSX 1156 5396041
2582580633 IHSY 1148 30817664
2582580633 IHSZ 349 7277550
2582580633 IHTA 404 6477913
2582580633 IHTB 21 286129
2582580633 IHTC 16113 7292233
2582580633 IHTF 875 6825155
2582580633 IHTG 2667 10264750
2582580633 IHTH 164 4266471
2582580633 IHTI 238 2455241
2582580633 IHTN 415 5393395
2582580633 IHTO 468 4337884
2582580633 IHTP 147 1183351
2582580633 IHTS 108 690898
2582580633 IHTT 23 1593632
2582580633 IHTU 517 5668497
2582580633 IHTW 201 8037527
2582580633 IHTX 2078 12654254
2582580633 IHTY 85 8594072
2582580633 IHUT 308 3102335
2582580633 IHUW 425 6638796
2582580633 IHUX 671 10515386
2582580633 IHUY 589 10740970
2582580633 IHWC 434 9804658
2582580633 IHWZ 1049 9589080
2582580633 IHXB 12369 6721234
2582580633 IHXC 5224 8206195
2582580634 IHPI 519 611509
2582580634 IHPP 1379 2412328
2582580634 IHPS 2698 7146678
2582580634 IHPT 7119 7798863
2582580634 IHPW 5513 6944310
2582580634 IHPX 11471 6653197
2582580634 IHPZ 1014 3703616
2582580634 IHSC 0 0
2582580634 IHSF 7958 6011592
2582580634 IHSG 4549 7133513
2582580634 IHSH 1832 6320628
2582580634 IHSI 5262 4369945
2582580634 IHSN 8991 7505818
2582580634 IHSO 29145 9531420
2582580634 IHSP 1843 7113079
2582580634 IHSS 1852 642834
2582580634 IHSU 26392 12942806
2582580634 IHSW 30139 10167506
2582580634 IHSX 972 5396041
2582580634 IHSY 4897 30817664
2582580634 IHSZ 1084 7277550
2582580634 IHTA 3278 6477913
2582580634 IHTB 69 286129
2582580634 IHTC 2512 7292233
2582580634 IHTF 2159 6825155
2582580634 IHTG 3586 10264750
2582580634 IHTH 735 4266471
2582580634 IHTI 6211 2455241
2582580634 IHTN 4218 5393395
2582580634 IHTO 5073 4337884
2582580634 IHTP 6220 1183351
2582580634 IHTS 1997 690898
2582580634 IHTT 23 1593632
2582580634 IHTU 19970 5668497
2582580634 IHTW 13374 8037527
2582580634 IHTX 31659 12654254
2582580634 IHTY 11490 8594072
2582580634 IHUT 2685 3102335
2582580634 IHUW 12768 6638796
2582580634 IHUX 9209 10515386
2582580634 IHUY 6433 10740970
2582580634 IHWC 3880 9804658
2582580634 IHWZ 10422 9589080
2582580634 IHXB 1535 6721234
2582580634 IHXC 1921 8206195
2582580635 IHPI 219 611509
2582580635 IHPP 2053 2412328
2582580635 IHPS 4266 7146678
2582580635 IHPT 2540 7798863
2582580635 IHPW 15350 6944310
2582580635 IHPX 9203 6653197
2582580635 IHPZ 38 3703616
2582580635 IHSC 0 0
2582580635 IHSF 2044 6011592
2582580635 IHSG 841 7133513
2582580635 IHSH 148 6320628
2582580635 IHSI 7659 4369945
2582580635 IHSN 19652 7505818
2582580635 IHSO 19723 9531420
2582580635 IHSP 1351 7113079
2582580635 IHSS 3479 642834
2582580635 IHSU 29910 12942806
2582580635 IHSW 42549 10167506
2582580635 IHSX 2710 5396041
2582580635 IHSY 16414 30817664
2582580635 IHSZ 3299 7277550
2582580635 IHTA 2144 6477913
2582580635 IHTB 273 286129
2582580635 IHTC 2866 7292233
2582580635 IHTF 1028 6825155
2582580635 IHTG 1189 10264750
2582580635 IHTH 696 4266471
2582580635 IHTI 229 2455241
2582580635 IHTN 1263 5393395
2582580635 IHTO 1413 4337884
2582580635 IHTP 88 1183351
2582580635 IHTS 88 690898
2582580635 IHTT 8 1593632
2582580635 IHTU 4301 5668497
2582580635 IHTW 3715 8037527
2582580635 IHTX 3408 12654254
2582580635 IHTY 1666 8594072
2582580635 IHUT 16 3102335
2582580635 IHUW 11 6638796
2582580635 IHUX 33 10515386
2582580635 IHUY 21 10740970
2582580635 IHWC 42 9804658
2582580635 IHWZ 2947 9589080
2582580635 IHXB 12727 6721234
2582580635 IHXC 6039 8206195
2582580637 IHPI 1820 611509
2582580637 IHPP 22260 2412328
2582580637 IHPS 24552 7146678
2582580637 IHPT 6744 7798863
2582580637 IHPW 3101 6944310
2582580637 IHPX 1822 6653197
2582580637 IHPZ 1444 3703616
2582580637 IHSC 0 0
2582580637 IHSF 23248 6011592
2582580637 IHSG 15988 7133513
2582580637 IHSH 3315 6320628
2582580637 IHSI 3277 4369945
2582580637 IHSN 5804 7505818
2582580637 IHSO 5698 9531420
2582580637 IHSP 47070 7113079
2582580637 IHSS 133 642834
2582580637 IHSU 19278 12942806
2582580637 IHSW 7853 10167506
2582580637 IHSX 20239 5396041
2582580637 IHSY 38420 30817664
2582580637 IHSZ 2268 7277550
2582580637 IHTA 14138 6477913
2582580637 IHTB 887 286129
2582580637 IHTC 32670 7292233
2582580637 IHTF 33929 6825155
2582580637 IHTG 67471 10264750
2582580637 IHTH 9459 4266471
2582580637 IHTI 7025 2455241
2582580637 IHTN 16457 5393395
2582580637 IHTO 12891 4337884
2582580637 IHTP 1284 1183351
2582580637 IHTS 2933 690898
2582580637 IHTT 61 1593632
2582580637 IHTU 6396 5668497
2582580637 IHTW 8705 8037527
2582580637 IHTX 4188 12654254
2582580637 IHTY 84 8594072
2582580637 IHUT 358 3102335
2582580637 IHUW 10164 6638796
2582580637 IHUX 217 10515386
2582580637 IHUY 12125 10740970
2582580637 IHWC 197 9804658
2582580637 IHWZ 19008 9589080
2582580637 IHXB 10782 6721234
2582580637 IHXC 18923 8206195
2582580638 IHPI 7800 611509
2582580638 IHPP 812 2412328
2582580638 IHPS 2972 7146678
2582580638 IHPT 1608 7798863
2582580638 IHPW 18799 6944310
2582580638 IHPX 8724 6653197
2582580638 IHPZ 559 3703616
2582580638 IHSC 0 0
2582580638 IHSF 3895 6011592
2582580638 IHSG 6674 7133513
2582580638 IHSH 4167 6320628
2582580638 IHSI 725 4369945
2582580638 IHSN 1669 7505818
2582580638 IHSO 700 9531420
2582580638 IHSP 5634 7113079
2582580638 IHSS 499 642834
2582580638 IHSU 9413 12942806
2582580638 IHSW 9037 10167506
2582580638 IHSX 1693 5396041
2582580638 IHSY 110180 30817664
2582580638 IHSZ 14433 7277550
2582580638 IHTA 31245 6477913
2582580638 IHTB 1846 286129
2582580638 IHTC 7619 7292233
2582580638 IHTF 3824 6825155
2582580638 IHTG 16020 10264750
2582580638 IHTH 2235 4266471
2582580638 IHTI 13160 2455241
2582580638 IHTN 93491 5393395
2582580638 IHTO 168597 4337884
2582580638 IHTP 20 1183351
2582580638 IHTS 197 690898
2582580638 IHTT 59 1593632
2582580638 IHTU 2484 5668497
2582580638 IHTW 20398 8037527
2582580638 IHTX 1698 12654254
2582580638 IHTY 9894 8594072
2582580638 IHUT 1359 3102335
2582580638 IHUW 506 6638796
2582580638 IHUX 153946 10515386
2582580638 IHUY 57417 10740970
2582580638 IHWC 81980 9804658
2582580638 IHWZ 8809 9589080
2582580638 IHXB 42810 6721234
2582580638 IHXC 38046 8206195
2582580639 IHPI 10782 611509
2582580639 IHPP 2753 2412328
2582580639 IHPS 1834 7146678
2582580639 IHPT 1166 7798863
2582580639 IHPW 627 6944310
2582580639 IHPX 158 6653197
2582580639 IHPZ 3926 3703616
2582580639 IHSC 0 0
2582580639 IHSF 20628 6011592
2582580639 IHSG 16504 7133513
2582580639 IHSH 2402 6320628
2582580639 IHSI 986 4369945
2582580639 IHSN 756 7505818
2582580639 IHSO 15970 9531420
2582580639 IHSP 10006 7113079
2582580639 IHSS 33 642834
2582580639 IHSU 4141 12942806
2582580639 IHSW 640 10167506
2582580639 IHSX 1552 5396041
2582580639 IHSY 14505 30817664
2582580639 IHSZ 1759 7277550
2582580639 IHTA 28658 6477913
2582580639 IHTB 770 286129
2582580639 IHTC 6394 7292233
2582580639 IHTF 14236 6825155
2582580639 IHTG 30499 10264750
2582580639 IHTH 2081 4266471
2582580639 IHTI 66851 2455241
2582580639 IHTN 118815 5393395
2582580639 IHTO 94130 4337884
2582580639 IHTP 44146 1183351
2582580639 IHTS 16662 690898
2582580639 IHTT 112 1593632
2582580639 IHTU 3443 5668497
2582580639 IHTW 8370 8037527
2582580639 IHTX 17236 12654254
2582580639 IHTY 91 8594072
2582580639 IHUT 151 3102335
2582580639 IHUW 50193 6638796
2582580639 IHUX 70 10515386
2582580639 IHUY 15553 10740970
2582580639 IHWC 140 9804658
2582580639 IHWZ 83933 9589080
2582580639 IHXB 5046 6721234
2582580639 IHXC 5600 8206195
2582580640 IHPI 7 611509
2582580640 IHPP 481 2412328
2582580640 IHPS 1462 7146678
2582580640 IHPT 1922 7798863
2582580640 IHPW 9056 6944310
2582580640 IHPX 55939 6653197
2582580640 IHPZ 849 3703616
2582580640 IHSC 0 0
2582580640 IHSF 16877 6011592
2582580640 IHSG 3250 7133513
2582580640 IHSH 1080 6320628
2582580640 IHSI 1912 4369945
2582580640 IHSN 1747 7505818
2582580640 IHSO 67116 9531420
2582580640 IHSP 700 7113079
2582580640 IHSS 3878 642834
2582580640 IHSU 21307 12942806
2582580640 IHSW 52515 10167506
2582580640 IHSX 13606 5396041
2582580640 IHSY 1155 30817664
2582580640 IHSZ 1792 7277550
2582580640 IHTA 116 6477913
2582580640 IHTB 9 286129
2582580640 IHTC 9614 7292233
2582580640 IHTF 118 6825155
2582580640 IHTG 256 10264750
2582580640 IHTH 99 4266471
2582580640 IHTI 38 2455241
2582580640 IHTN 53 5393395
2582580640 IHTO 171 4337884
2582580640 IHTP 33 1183351
2582580640 IHTS 47 690898
2582580640 IHTT 5 1593632
2582580640 IHTU 747 5668497
2582580640 IHTW 1061 8037527
2582580640 IHTX 1419 12654254
2582580640 IHTY 843 8594072
2582580640 IHUT 22882 3102335
2582580640 IHUW 3163 6638796
2582580640 IHUX 26623 10515386
2582580640 IHUY 22260 10740970
2582580640 IHWC 50002 9804658
2582580640 IHWZ 364 9589080
2582580640 IHXB 18746 6721234
2582580640 IHXC 17703 8206195
2582580641 IHPI 155 611509
2582580641 IHPP 35 2412328
2582580641 IHPS 260 7146678
2582580641 IHPT 45 7798863
2582580641 IHPW 3948 6944310
2582580641 IHPX 9 6653197
2582580641 IHPZ 23 3703616
2582580641 IHSC 0 0
2582580641 IHSF 15598 6011592
2582580641 IHSG 23028 7133513
2582580641 IHSH 861 6320628
2582580641 IHSI 788 4369945
2582580641 IHSN 107 7505818
2582580641 IHSO 1569 9531420
2582580641 IHSP 24469 7113079
2582580641 IHSS 22 642834
2582580641 IHSU 71 12942806
2582580641 IHSW 76 10167506
2582580641 IHSX 10006 5396041
2582580641 IHSY 134295 30817664
2582580641 IHSZ 30206 7277550
2582580641 IHTA 1087 6477913
2582580641 IHTB 430 286129
2582580641 IHTC 25564 7292233
2582580641 IHTF 24318 6825155
2582580641 IHTG 51519 10264750
2582580641 IHTH 5777 4266471
2582580641 IHTI 152 2455241
2582580641 IHTN 335 5393395
2582580641 IHTO 611 4337884
2582580641 IHTP 48 1183351
2582580641 IHTS 305 690898
2582580641 IHTT 20 1593632
2582580641 IHTU 11725 5668497
2582580641 IHTW 21708 8037527
2582580641 IHTX 7406 12654254
2582580641 IHTY 4626 8594072
2582580641 IHUT 23 3102335
2582580641 IHUW 29 6638796
2582580641 IHUX 4 10515386
2582580641 IHUY 4 10740970
2582580641 IHWC 5 9804658
2582580641 IHWZ 450 9589080
2582580641 IHXB 2315 6721234
2582580641 IHXC 128 8206195
2582580642 IHPI 4883 611509
2582580642 IHPP 1295 2412328
2582580642 IHPS 3424 7146678
2582580642 IHPT 5649 7798863
2582580642 IHPW 6435 6944310
2582580642 IHPX 1945 6653197
2582580642 IHPZ 1826 3703616
2582580642 IHSC 0 0
2582580642 IHSF 5919 6011592
2582580642 IHSG 11130 7133513
2582580642 IHSH 10162 6320628
2582580642 IHSI 7170 4369945
2582580642 IHSN 10600 7505818
2582580642 IHSO 208510 9531420
2582580642 IHSP 88240 7113079
2582580642 IHSS 543 642834
2582580642 IHSU 10421 12942806
2582580642 IHSW 12658 10167506
2582580642 IHSX 17902 5396041
2582580642 IHSY 50212 30817664
2582580642 IHSZ 5627 7277550
2582580642 IHTA 89441 6477913
2582580642 IHTB 2297 286129
2582580642 IHTC 69359 7292233
2582580642 IHTF 77307 6825155
2582580642 IHTG 161502 10264750
2582580642 IHTH 14599 4266471
2582580642 IHTI 32114 2455241
2582580642 IHTN 58417 5393395
2582580642 IHTO 57503 4337884
2582580642 IHTP 32090 1183351
2582580642 IHTS 6885 690898
2582580642 IHTT 247 1593632
2582580642 IHTU 183675 5668497
2582580642 IHTW 53308 8037527
2582580642 IHTX 704999 12654254
2582580642 IHTY 19872 8594072
2582580642 IHUT 28186 3102335
2582580642 IHUW 19270 6638796
2582580642 IHUX 43815 10515386
2582580642 IHUY 22480 10740970
2582580642 IHWC 41154 9804658
2582580642 IHWZ 328171 9589080
2582580642 IHXB 6792 6721234
2582580642 IHXC 4516 8206195
2582580643 IHPI 558 611509
2582580643 IHPP 373 2412328
2582580643 IHPS 350 7146678
2582580643 IHPT 949 7798863
2582580643 IHPW 6173 6944310
2582580643 IHPX 219 6653197
2582580643 IHPZ 490 3703616
2582580643 IHSC 0 0
2582580643 IHSF 3152 6011592
2582580643 IHSG 10640 7133513
2582580643 IHSH 798 6320628
2582580643 IHSI 91 4369945
2582580643 IHSN 53 7505818
2582580643 IHSO 37384 9531420
2582580643 IHSP 1004 7113079
2582580643 IHSS 8 642834
2582580643 IHSU 3364 12942806
2582580643 IHSW 754 10167506
2582580643 IHSX 18031 5396041
2582580643 IHSY 53393 30817664
2582580643 IHSZ 9328 7277550
2582580643 IHTA 1687 6477913
2582580643 IHTB 580 286129
2582580643 IHTC 5478 7292233
2582580643 IHTF 2872 6825155
2582580643 IHTG 1432 10264750
2582580643 IHTH 1990 4266471
2582580643 IHTI 56 2455241
2582580643 IHTN 10107 5393395
2582580643 IHTO 5681 4337884
2582580643 IHTP 43 1183351
2582580643 IHTS 27 690898
2582580643 IHTT 2187 1593632
2582580643 IHTU 1140 5668497
2582580643 IHTW 461 8037527
2582580643 IHTX 5924 12654254
2582580643 IHTY 178 8594072
2582580643 IHUT 83 3102335
2582580643 IHUW 635 6638796
2582580643 IHUX 15386 10515386
2582580643 IHUY 5923 10740970
2582580643 IHWC 43766 9804658
2582580643 IHWZ 462 9589080
2582580643 IHXB 910 6721234
2582580643 IHXC 5308 8206195
2582580644 IHPI 11865 611509
2582580644 IHPP 6635 2412328
2582580644 IHPS 25168 7146678
2582580644 IHPT 32716 7798863
2582580644 IHPW 2715 6944310
2582580644 IHPX 3561 6653197
2582580644 IHPZ 7561 3703616
2582580644 IHSC 0 0
2582580644 IHSF 17421 6011592
2582580644 IHSG 8880 7133513
2582580644 IHSH 4941 6320628
2582580644 IHSI 12073 4369945
2582580644 IHSN 14060 7505818
2582580644 IHSO 16516 9531420
2582580644 IHSP 16580 7113079
2582580644 IHSS 872 642834
2582580644 IHSU 71377 12942806
2582580644 IHSW 58193 10167506
2582580644 IHSX 3867 5396041
2582580644 IHSY 843640 30817664
2582580644 IHSZ 103282 7277550
2582580644 IHTA 18800 6477913
2582580644 IHTB 2313 286129
2582580644 IHTC 9018 7292233
2582580644 IHTF 52234 6825155
2582580644 IHTG 70925 10264750
2582580644 IHTH 17668 4266471
2582580644 IHTI 9347 2455241
2582580644 IHTN 15481 5393395
2582580644 IHTO 14263 4337884
2582580644 IHTP 138 1183351
2582580644 IHTS 532 690898
2582580644 IHTT 35 1593632
2582580644 IHTU 3113 5668497
2582580644 IHTW 1968 8037527
2582580644 IHTX 2980 12654254
2582580644 IHTY 1133 8594072
2582580644 IHUT 419 3102335
2582580644 IHUW 10401 6638796
2582580644 IHUX 1188 10515386
2582580644 IHUY 20588 10740970
2582580644 IHWC 3010 9804658
2582580644 IHWZ 2261 9589080
2582580644 IHXB 15924 6721234
2582580644 IHXC 17274 8206195
2582580646 IHPI 9 611509
2582580646 IHPP 21 2412328
2582580646 IHPS 62 7146678
2582580646 IHPT 34 7798863
2582580646 IHPW 16 6944310
2582580646 IHPX 63 6653197
2582580646 IHPZ 1331 3703616
2582580646 IHSC 0 0
2582580646 IHSF 1381 6011592
2582580646 IHSG 4468 7133513
2582580646 IHSH 2481 6320628
2582580646 IHSI 6 4369945
2582580646 IHSN 12 7505818
2582580646 IHSO 111836 9531420
2582580646 IHSP 4030 7113079
2582580646 IHSS 4 642834
2582580646 IHSU 87 12942806
2582580646 IHSW 189 10167506
2582580646 IHSX 2101 5396041
2582580646 IHSY 63964 30817664
2582580646 IHSZ 3189 7277550
2582580646 IHTA 123 6477913
2582580646 IHTB 77 286129
2582580646 IHTC 521 7292233
2582580646 IHTF 8129 6825155
2582580646 IHTG 7230 10264750
2582580646 IHTH 1214 4266471
2582580646 IHTI 11 2455241
2582580646 IHTN 4 5393395
2582580646 IHTO 69 4337884
2582580646 IHTP 11 1183351
2582580646 IHTS 44 690898
2582580646 IHTT 6 1593632
2582580646 IHTU 26 5668497
2582580646 IHTW 53 8037527
2582580646 IHTX 25 12654254
2582580646 IHTY 1 8594072
2582580646 IHUT 1 3102335
2582580646 IHUW 2 6638796
2582580646 IHUX 11 10515386
2582580646 IHUY 18 10740970
2582580646 IHWC 13 9804658
2582580646 IHWZ 36 9589080
2582580646 IHXB 1202 6721234
2582580646 IHXC 422 8206195
2582580647 IHPI 5 611509
2582580647 IHPP 865 2412328
2582580647 IHPS 1907 7146678
2582580647 IHPT 288 7798863
2582580647 IHPW 6397 6944310
2582580647 IHPX 314 6653197
2582580647 IHPZ 173 3703616
2582580647 IHSC 0 0
2582580647 IHSF 1395 6011592
2582580647 IHSG 2537 7133513
2582580647 IHSH 4885 6320628
2582580647 IHSI 14001 4369945
2582580647 IHSN 3434 7505818
2582580647 IHSO 30408 9531420
2582580647 IHSP 39412 7113079
2582580647 IHSS 220 642834
2582580647 IHSU 197 12942806
2582580647 IHSW 1120 10167506
2582580647 IHSX 15077 5396041
2582580647 IHSY 18407 30817664
2582580647 IHSZ 10320 7277550
2582580647 IHTA 1191 6477913
2582580647 IHTB 166 286129
2582580647 IHTC 35862 7292233
2582580647 IHTF 1616 6825155
2582580647 IHTG 4798 10264750
2582580647 IHTH 925 4266471
2582580647 IHTI 25 2455241
2582580647 IHTN 35 5393395
2582580647 IHTO 56 4337884
2582580647 IHTP 6 1183351
2582580647 IHTS 31 690898
2582580647 IHTT 17 1593632
2582580647 IHTU 24 5668497
2582580647 IHTW 97 8037527
2582580647 IHTX 31 12654254
2582580647 IHTY 23 8594072
2582580647 IHUT 1652 3102335
2582580647 IHUW 2019 6638796
2582580647 IHUX 18119 10515386
2582580647 IHUY 22391 10740970
2582580647 IHWC 24790 9804658
2582580647 IHWZ 28 9589080
2582580647 IHXB 21535 6721234
2582580647 IHXC 10457 8206195
2582580648 IHPI 5375 611509
2582580648 IHPP 179981 2412328
2582580648 IHPS 290885 7146678
2582580648 IHPT 28519 7798863
2582580648 IHPW 15320 6944310
2582580648 IHPX 139 6653197
2582580648 IHPZ 4335 3703616
2582580648 IHSC 0 0
2582580648 IHSF 210505 6011592
2582580648 IHSG 103094 7133513
2582580648 IHSH 8014 6320628
2582580648 IHSI 17283 4369945
2582580648 IHSN 18323 7505818
2582580648 IHSO 64575 9531420
2582580648 IHSP 162241 7113079
2582580648 IHSS 377 642834
2582580648 IHSU 23070 12942806
2582580648 IHSW 7509 10167506
2582580648 IHSX 61774 5396041
2582580648 IHSY 47605 30817664
2582580648 IHSZ 3014 7277550
2582580648 IHTA 100535 6477913
2582580648 IHTB 3326 286129
2582580648 IHTC 165429 7292233
2582580648 IHTF 119401 6825155
2582580648 IHTG 202233 10264750
2582580648 IHTH 26526 4266471
2582580648 IHTI 16013 2455241
2582580648 IHTN 45150 5393395
2582580648 IHTO 41518 4337884
2582580648 IHTP 2121 1183351
2582580648 IHTS 4443 690898
2582580648 IHTT 233 1593632
2582580648 IHTU 39677 5668497
2582580648 IHTW 138582 8037527
2582580648 IHTX 14788 12654254
2582580648 IHTY 1032 8594072
2582580648 IHUT 656 3102335
2582580648 IHUW 10121 6638796
2582580648 IHUX 334 10515386
2582580648 IHUY 14961 10740970
2582580648 IHWC 346 9804658
2582580648 IHWZ 136993 9589080
2582580648 IHXB 419748 6721234
2582580648 IHXC 321563 8206195
2582580649 IHPI 4746 611509
2582580649 IHPP 3523 2412328
2582580649 IHPS 11746 7146678
2582580649 IHPT 4407 7798863
2582580649 IHPW 18824 6944310
2582580649 IHPX 20510 6653197
2582580649 IHPZ 7785 3703616
2582580649 IHSC 0 0
2582580649 IHSF 15137 6011592
2582580649 IHSG 15144 7133513
2582580649 IHSH 11137 6320628
2582580649 IHSI 19626 4369945
2582580649 IHSN 15134 7505818
2582580649 IHSO 126723 9531420
2582580649 IHSP 10011 7113079
2582580649 IHSS 1116 642834
2582580649 IHSU 9945 12942806
2582580649 IHSW 14094 10167506
2582580649 IHSX 17781 5396041
2582580649 IHSY 60636 30817664
2582580649 IHSZ 12411 7277550
2582580649 IHTA 20400 6477913
2582580649 IHTB 1084 286129
2582580649 IHTC 9524 7292233
2582580649 IHTF 10122 6825155
2582580649 IHTG 15584 10264750
2582580649 IHTH 4027 4266471
2582580649 IHTI 19139 2455241
2582580649 IHTN 23523 5393395
2582580649 IHTO 22675 4337884
2582580649 IHTP 3569 1183351
2582580649 IHTS 1055 690898
2582580649 IHTT 27 1593632
2582580649 IHTU 10469 5668497
2582580649 IHTW 10161 8037527
2582580649 IHTX 35922 12654254
2582580649 IHTY 9719 8594072
2582580649 IHUT 21760 3102335
2582580649 IHUW 26611 6638796
2582580649 IHUX 56408 10515386
2582580649 IHUY 51728 10740970
2582580649 IHWC 40914 9804658
2582580649 IHWZ 13250 9589080
2582580649 IHXB 27177 6721234
2582580649 IHXC 15011 8206195
2582580650 IHPI 4 611509
2582580650 IHPP 137 2412328
2582580650 IHPS 445 7146678
2582580650 IHPT 108 7798863
2582580650 IHPW 417 6944310
2582580650 IHPX 31146 6653197
2582580650 IHPZ 4 3703616
2582580650 IHSC 0 0
2582580650 IHSF 139 6011592
2582580650 IHSG 61 7133513
2582580650 IHSH 17 6320628
2582580650 IHSI 146 4369945
2582580650 IHSN 116 7505818
2582580650 IHSO 37811 9531420
2582580650 IHSP 3563 7113079
2582580650 IHSS 4 642834
2582580650 IHSU 153 12942806
2582580650 IHSW 100 10167506
2582580650 IHSX 14195 5396041
2582580650 IHSY 512 30817664
2582580650 IHSZ 344 7277550
2582580650 IHTA 26 6477913
2582580650 IHTB 7 286129
2582580650 IHTC 5393 7292233
2582580650 IHTF 1034 6825155
2582580650 IHTG 3021 10264750
2582580650 IHTH 304 4266471
2582580650 IHTI 8 2455241
2582580650 IHTN 20 5393395
2582580650 IHTO 59 4337884
2582580650 IHTP 11 1183351
2582580650 IHTS 20 690898
2582580650 IHTT 0 1593632
2582580650 IHTU 58 5668497
2582580650 IHTW 139 8037527
2582580650 IHTX 90 12654254
2582580650 IHTY 136 8594072
2582580650 IHUT 8 3102335
2582580650 IHUW 3 6638796
2582580650 IHUX 5 10515386
2582580650 IHUY 9 10740970
2582580650 IHWC 16 9804658
2582580650 IHWZ 53 9589080
2582580650 IHXB 6598 6721234
2582580650 IHXC 2516 8206195