2582580651 IHPN 435547 9232161
2582580651 IHPO 129085 3302507
2582580651 IHPY 41969 6990840
2582580651 IHSA 374559 6834363
2582580651 IHSB 244909 5422624
2582580651 IHTZ 491535 14080581
2582580651 IHUA 513979 10939925
2582580651 IHUB 112753 4407018
2582580651 IHUC 611931 9714025
2582580651 IHUF 256878 10084366
2582580651 IHUH 425360 7410276
2582580651 IHUI 734508 5489435
2582580651 IHUN 820109 11495928
2582580651 IHUO 311009 8365964
2582580651 IHUP 905220 11981263
2582580651 IHUS 6870 3511992
2582580651 IHUZ 305530 10125002
2582580651 IHWA 244779 6241863
2582580651 IHWB 355017 5241353
2582580651 IHWF 39089 3708198
2582580651 IHWG 64488 7400745
2582580651 IHWH 371187 9958688
2582580651 IHWI 246778 8371360
2582580651 IHWN 111666 7116839
2582580651 IHWP 402539 11182694
2582580651 IHWS 160722 2433752
2582580651 IHWT 9918 9220427
2582580651 IHWU 326915 6177609
2582580651 IHWW 132866 4149315
2582580651 IHWX 1138811 9589080
2582580651 IHWY 104098 5310084
2582580651 IHXA 866809 7836070
2582580651 IHXF 352095 5095520
2582580651 IHXG 556419 5779147
2582580651 IHXH 558621 8498462
2582580651 IHXI 4406 1612380
2582580651 IHXN 39827 6434372
2582580651 IHXO 238163 6100129
2582580651 IHXP 519091 14530892
2582580651 IHXS 198857 7213339
2582580651 IHXT 929588 9560844
2582580651 IHXU 305539 6258676
2582580651 IHXW 2982 4291617
2582580651 IHXX 352920 9324966
2582580651 IHXY 392808 8169605
2582580652 IHPN 17040 9232161
2582580652 IHPO 9625 3302507
2582580652 IHPY 19724 6990840
2582580652 IHSA 30849 6834363
2582580652 IHSB 18203 5422624
2582580652 IHTZ 4004 14080581
2582580652 IHUA 3607 10939925
2582580652 IHUB 1602 4407018
2582580652 IHUC 3838 9714025
2582580652 IHUF 8023 10084366
2582580652 IHUH 2511 7410276
2582580652 IHUI 2135 5489435
2582580652 IHUN 3373 11495928
2582580652 IHUO 4307 8365964
2582580652 IHUP 624 11981263
2582580652 IHUS 24099 3511992
2582580652 IHUZ 26989 10125002
2582580652 IHWA 27963 6241863
2582580652 IHWB 12606 5241353
2582580652 IHWF 20688 3708198
2582580652 IHWG 33142 7400745
2582580652 IHWH 26249 9958688
2582580652 IHWI 18572 8371360
2582580652 IHWN 23380 7116839
2582580652 IHWP 39071 11182694
2582580652 IHWS 4076 2433752
2582580652 IHWT 100 9220427
2582580652 IHWU 23331 6177609
2582580652 IHWW 19622 4149315
2582580652 IHWX 14085 9589080
2582580652 IHWY 97572 5310084
2582580652 IHXA 12516 7836070
2582580652 IHXF 12386 5095520
2582580652 IHXG 8808 5779147
2582580652 IHXH 14144 8498462
2582580652 IHXI 17650 1612380
2582580652 IHXN 50160 6434372
2582580652 IHXO 33268 6100129
2582580652 IHXP 59779 14530892
2582580652 IHXS 43246 7213339
2582580652 IHXT 19438 9560844
2582580652 IHXU 18701 6258676
2582580652 IHXW 3731 4291617
2582580652 IHXX 27050 9324966
2582580652 IHXY 3066 8169605
2582580653 IHPN 8352 9232161
2582580653 IHPO 2361 3302507
2582580653 IHPY 11492 6990840
2582580653 IHSA 47905 6834363
2582580653 IHSB 7105 5422624
2582580653 IHTZ 196722 14080581
2582580653 IHUA 237457 10939925
2582580653 IHUB 84153 4407018
2582580653 IHUC 176067 9714025
2582580653 IHUF 150136 10084366
2582580653 IHUH 124654 7410276
2582580653 IHUI 52491 5489435
2582580653 IHUN 221030 11495928
2582580653 IHUO 191999 8365964
2582580653 IHUP 110628 11981263
2582580653 IHUS 17760 3511992
2582580653 IHUZ 89633 10125002
2582580653 IHWA 32126 6241863
2582580653 IHWB 35052 5241353
2582580653 IHWF 71360 3708198
2582580653 IHWG 88262 7400745
2582580653 IHWH 58898 9958688
2582580653 IHWI 88913 8371360
2582580653 IHWN 122031 7116839
2582580653 IHWP 17298 11182694
2582580653 IHWS 3941 2433752
2582580653 IHWT 9967 9220427
2582580653 IHWU 38322 6177609
2582580653 IHWW 9458 4149315
2582580653 IHWX 23707 9589080
2582580653 IHWY 49821 5310084
2582580653 IHXA 13250 7836070
2582580653 IHXF 7158 5095520
2582580653 IHXG 22517 5779147
2582580653 IHXH 7391 8498462
2582580653 IHXI 14533 1612380
2582580653 IHXN 50051 6434372
2582580653 IHXO 22066 6100129
2582580653 IHXP 12126 14530892
2582580653 IHXS 5535 7213339
2582580653 IHXT 17048 9560844
2582580653 IHXU 6078 6258676
2582580653 IHXW 1785 4291617
2582580653 IHXX 9728 9324966
2582580653 IHXY 126177 8169605
2582580654 IHPN 6583 9232161
2582580654 IHPO 5351 3302507
2582580654 IHPY 133718 6990840
2582580654 IHSA 18246 6834363
2582580654 IHSB 69777 5422624
2582580654 IHTZ 139753 14080581
2582580654 IHUA 4578 10939925
2582580654 IHUB 460 4407018
2582580654 IHUC 6080 9714025
2582580654 IHUF 712 10084366
2582580654 IHUH 4824 7410276
2582580654 IHUI 6140 5489435
2582580654 IHUN 16649 11495928
2582580654 IHUO 3301 8365964
2582580654 IHUP 12087 11981263
2582580654 IHUS 494 3511992
2582580654 IHUZ 11522 10125002
2582580654 IHWA 15158 6241863
2582580654 IHWB 4393 5241353
2582580654 IHWF 10387 3708198
2582580654 IHWG 2172 7400745
2582580654 IHWH 21401 9958688
2582580654 IHWI 39634 8371360
2582580654 IHWN 7146 7116839
2582580654 IHWP 7812 11182694
2582580654 IHWS 37454 2433752
2582580654 IHWT 4386 9220427
2582580654 IHWU 7269 6177609
2582580654 IHWW 43964 4149315
2582580654 IHWX 112100 9589080
2582580654 IHWY 2967 5310084
2582580654 IHXA 13016 7836070
2582580654 IHXF 11816 5095520
2582580654 IHXG 1800 5779147
2582580654 IHXH 29203 8498462
2582580654 IHXI 676 1612380
2582580654 IHXN 3034 6434372
2582580654 IHXO 3956 6100129
2582580654 IHXP 188516 14530892
2582580654 IHXS 33442 7213339
2582580654 IHXT 46334 9560844
2582580654 IHXU 13608 6258676
2582580654 IHXW 11048 4291617
2582580654 IHXX 13550 9324966
2582580654 IHXY 13752 8169605
2582580657 IHPN 5585 9232161
2582580657 IHPO 1028 3302507
2582580657 IHPY 8775 6990840
2582580657 IHSA 12364 6834363
2582580657 IHSB 1745 5422624
2582580657 IHTZ 16936 14080581
2582580657 IHUA 9690 10939925
2582580657 IHUB 3381 4407018
2582580657 IHUC 4284 9714025
2582580657 IHUF 6904 10084366
2582580657 IHUH 3038 7410276
2582580657 IHUI 1759 5489435
2582580657 IHUN 11265 11495928
2582580657 IHUO 11973 8365964
2582580657 IHUP 44278 11981263
2582580657 IHUS 16119 3511992
2582580657 IHUZ 9490 10125002
2582580657 IHWA 10005 6241863
2582580657 IHWB 6052 5241353
2582580657 IHWF 11223 3708198
2582580657 IHWG 29427 7400745
2582580657 IHWH 10736 9958688
2582580657 IHWI 13227 8371360
2582580657 IHWN 19553 7116839
2582580657 IHWP 3397 11182694
2582580657 IHWS 2931 2433752
2582580657 IHWT 35612 9220427
2582580657 IHWU 4481 6177609
2582580657 IHWW 3356 4149315
2582580657 IHWX 9817 9589080
2582580657 IHWY 3715 5310084
2582580657 IHXA 4858 7836070
2582580657 IHXF 2737 5095520
2582580657 IHXG 13295 5779147
2582580657 IHXH 4970 8498462
2582580657 IHXI 2808 1612380
2582580657 IHXN 2291 6434372
2582580657 IHXO 2408 6100129
2582580657 IHXP 11572 14530892
2582580657 IHXS 2210 7213339
2582580657 IHXT 6931 9560844
2582580657 IHXU 2867 6258676
2582580657 IHXW 3868 4291617
2582580657 IHXX 3219 9324966
2582580657 IHXY 7105 8169605
2582580658 IHPN 10590 9232161
2582580658 IHPO 2703 3302507
2582580658 IHPY 24918 6990840
2582580658 IHSA 17332 6834363
2582580658 IHSB 20264 5422624
2582580658 IHTZ 182768 14080581
2582580658 IHUA 85154 10939925
2582580658 IHUB 24784 4407018
2582580658 IHUC 84990 9714025
2582580658 IHUF 55297 10084366
2582580658 IHUH 71937 7410276
2582580658 IHUI 28831 5489435
2582580658 IHUN 121616 11495928
2582580658 IHUO 67701 8365964
2582580658 IHUP 62846 11981263
2582580658 IHUS 4252 3511992
2582580658 IHUZ 30177 10125002
2582580658 IHWA 17534 6241863
2582580658 IHWB 9508 5241353
2582580658 IHWF 16253 3708198
2582580658 IHWG 13140 7400745
2582580658 IHWH 20004 9958688
2582580658 IHWI 26780 8371360
2582580658 IHWN 30174 7116839
2582580658 IHWP 7660 11182694
2582580658 IHWS 6679 2433752
2582580658 IHWT 8642 9220427
2582580658 IHWU 12564 6177609
2582580658 IHWW 15335 4149315
2582580658 IHWX 21838 9589080
2582580658 IHWY 9656 5310084
2582580658 IHXA 6560 7836070
2582580658 IHXF 4154 5095520
2582580658 IHXG 4039 5779147
2582580658 IHXH 8090 8498462
2582580658 IHXI 973 1612380
2582580658 IHXN 13676 6434372
2582580658 IHXO 7596 6100129
2582580658 IHXP 31457 14530892
2582580658 IHXS 11198 7213339
2582580658 IHXT 15772 9560844
2582580658 IHXU 8959 6258676
2582580658 IHXW 3687 4291617
2582580658 IHXX 6764 9324966
2582580658 IHXY 89824 8169605
2582580659 IHPN 8295 9232161
2582580659 IHPO 2314 3302507
2582580659 IHPY 22196 6990840
2582580659 IHSA 16760 6834363
2582580659 IHSB 17605 5422624
2582580659 IHTZ 76455 14080581
2582580659 IHUA 33113 10939925
2582580659 IHUB 9570 4407018
2582580659 IHUC 27125 9714025
2582580659 IHUF 21081 10084366
2582580659 IHUH 23072 7410276
2582580659 IHUI 8776 5489435
2582580659 IHUN 45281 11495928
2582580659 IHUO 29190 8365964
2582580659 IHUP 20573 11981263
2582580659 IHUS 5374 3511992
2582580659 IHUZ 27005 10125002
2582580659 IHWA 16697 6241863
2582580659 IHWB 8030 5241353
2582580659 IHWF 21253 3708198
2582580659 IHWG 18167 7400745
2582580659 IHWH 17982 9958688
2582580659 IHWI 25208 8371360
2582580659 IHWN 31484 7116839
2582580659 IHWP 5835 11182694
2582580659 IHWS 5303 2433752
2582580659 IHWT 2496 9220427
2582580659 IHWU 13596 6177609
2582580659 IHWW 12692 4149315
2582580659 IHWX 16830 9589080
2582580659 IHWY 12403 5310084
2582580659 IHXA 5109 7836070
2582580659 IHXF 3172 5095520
2582580659 IHXG 3377 5779147
2582580659 IHXH 6343 8498462
2582580659 IHXI 1184 1612380
2582580659 IHXN 16154 6434372
2582580659 IHXO 8102 6100129
2582580659 IHXP 30326 14530892
2582580659 IHXS 9967 7213339
2582580659 IHXT 12451 9560844
2582580659 IHXU 7509 6258676
2582580659 IHXW 10331 4291617
2582580659 IHXX 5614 9324966
2582580659 IHXY 35014 8169605
2582580662 IHPN 64776 9232161
2582580662 IHPO 22091 3302507
2582580662 IHPY 54473 6990840
2582580662 IHSA 212197 6834363
2582580662 IHSB 38421 5422624
2582580662 IHTZ 383817 14080581
2582580662 IHUA 790404 10939925
2582580662 IHUB 307136 4407018
2582580662 IHUC 644250 9714025
2582580662 IHUF 578954 10084366
2582580662 IHUH 408607 7410276
2582580662 IHUI 112801 5489435
2582580662 IHUN 654115 11495928
2582580662 IHUO 471780 8365964
2582580662 IHUP 543152 11981263
2582580662 IHUS 55248 3511992
2582580662 IHUZ 317785 10125002
2582580662 IHWA 210748 6241863
2582580662 IHWB 211548 5241353
2582580662 IHWF 83525 3708198
2582580662 IHWG 208606 7400745
2582580662 IHWH 182509 9958688
2582580662 IHWI 133942 8371360
2582580662 IHWN 235499 7116839
2582580662 IHWP 101981 11182694
2582580662 IHWS 27751 2433752
2582580662 IHWT 8986 9220427
2582580662 IHWU 138551 6177609
2582580662 IHWW 73453 4149315
2582580662 IHWX 134532 9589080
2582580662 IHWY 88593 5310084
2582580662 IHXA 85028 7836070
2582580662 IHXF 61645 5095520
2582580662 IHXG 149826 5779147
2582580662 IHXH 65020 8498462
2582580662 IHXI 7048 1612380
2582580662 IHXN 131520 6434372
2582580662 IHXO 81051 6100129
2582580662 IHXP 125262 14530892
2582580662 IHXS 57085 7213339
2582580662 IHXT 145411 9560844
2582580662 IHXU 53273 6258676
2582580662 IHXW 4668 4291617
2582580662 IHXX 67840 9324966
2582580662 IHXY 337723 8169605
2582580663 IHPN 13126 9232161
2582580663 IHPO 3124 3302507
2582580663 IHPY 1979 6990840
2582580663 IHSA 12267 6834363
2582580663 IHSB 405 5422624
2582580663 IHTZ 4485 14080581
2582580663 IHUA 3409 10939925
2582580663 IHUB 1243 4407018
2582580663 IHUC 3203 9714025
2582580663 IHUF 2478 10084366
2582580663 IHUH 1980 7410276
2582580663 IHUI 1057 5489435
2582580663 IHUN 2923 11495928
2582580663 IHUO 2678 8365964
2582580663 IHUP 1296 11981263
2582580663 IHUS 655 3511992
2582580663 IHUZ 15713 10125002
2582580663 IHWA 11862 6241863
2582580663 IHWB 13054 5241353
2582580663 IHWF 1559 3708198
2582580663 IHWG 14294 7400745
2582580663 IHWH 13499 9958688
2582580663 IHWI 36002 8371360
2582580663 IHWN 16542 7116839
2582580663 IHWP 6993 11182694
2582580663 IHWS 1077 2433752
2582580663 IHWT 108 9220427
2582580663 IHWU 19550 6177609
2582580663 IHWW 494 4149315
2582580663 IHWX 5998 9589080
2582580663 IHWY 1246 5310084
2582580663 IHXA 5750 7836070
2582580663 IHXF 3727 5095520
2582580663 IHXG 5382 5779147
2582580663 IHXH 4744 8498462
2582580663 IHXI 573 1612380
2582580663 IHXN 11641 6434372
2582580663 IHXO 14989 6100129
2582580663 IHXP 2508 14530892
2582580663 IHXS 1909 7213339
2582580663 IHXT 7481 9560844
2582580663 IHXU 2819 6258676
2582580663 IHXW 350 4291617
2582580663 IHXX 5629 9324966
2582580663 IHXY 2372 8169605
2582580664 IHPN 27188 9232161
2582580664 IHPO 7887 3302507
2582580664 IHPY 26604 6990840
2582580664 IHSA 57149 6834363
2582580664 IHSB 24709 5422624
2582580664 IHTZ 17343 14080581
2582580664 IHUA 21469 10939925
2582580664 IHUB 12318 4407018
2582580664 IHUC 30172 9714025
2582580664 IHUF 68119 10084366
2582580664 IHUH 21423 7410276
2582580664 IHUI 13369 5489435
2582580664 IHUN 17965 11495928
2582580664 IHUO 21992 8365964
2582580664 IHUP 5452 11981263
2582580664 IHUS 33982 3511992
2582580664 IHUZ 68251 10125002
2582580664 IHWA 59012 6241863
2582580664 IHWB 32636 5241353
2582580664 IHWF 38658 3708198
2582580664 IHWG 70091 7400745
2582580664 IHWH 55667 9958688
2582580664 IHWI 36482 8371360
2582580664 IHWN 56324 7116839
2582580664 IHWP 24254 11182694
2582580664 IHWS 7950 2433752
2582580664 IHWT 205 9220427
2582580664 IHWU 49510 6177609
2582580664 IHWW 15585 4149315
2582580664 IHWX 29156 9589080
2582580664 IHWY 103133 5310084
2582580664 IHXA 16768 7836070
2582580664 IHXF 11825 5095520
2582580664 IHXG 20504 5779147
2582580664 IHXH 19255 8498462
2582580664 IHXI 23766 1612380
2582580664 IHXN 48399 6434372
2582580664 IHXO 34536 6100129
2582580664 IHXP 57565 14530892
2582580664 IHXS 18387 7213339
2582580664 IHXT 30882 9560844
2582580664 IHXU 16096 6258676
2582580664 IHXW 528 4291617
2582580664 IHXX 15281 9324966
2582580664 IHXY 13004 8169605
2582580665 IHPN 101784 9232161
2582580665 IHPO 22634 3302507
2582580665 IHPY 6079 6990840
2582580665 IHSA 13364 6834363
2582580665 IHSB 1706 5422624
2582580665 IHTZ 17032 14080581
2582580665 IHUA 27880 10939925
2582580665 IHUB 16686 4407018
2582580665 IHUC 40608 9714025
2582580665 IHUF 13847 10084366
2582580665 IHUH 35141 7410276
2582580665 IHUI 36587 5489435
2582580665 IHUN 20715 11495928
2582580665 IHUO 6718 8365964
2582580665 IHUP 34202 11981263
2582580665 IHUS 169 3511992
2582580665 IHUZ 14505 10125002
2582580665 IHWA 14781 6241863
2582580665 IHWB 18001 5241353
2582580665 IHWF 273 3708198
2582580665 IHWG 876 7400745
2582580665 IHWH 13132 9958688
2582580665 IHWI 2436 8371360
2582580665 IHWN 1517 7116839
2582580665 IHWP 64816 11182694
2582580665 IHWS 1628 2433752
2582580665 IHWT 1136 9220427
2582580665 IHWU 22170 6177609
2582580665 IHWW 2513 4149315
2582580665 IHWX 8134 9589080
2582580665 IHWY 4955 5310084
2582580665 IHXA 15376 7836070
2582580665 IHXF 12146 5095520
2582580665 IHXG 9397 5779147
2582580665 IHXH 12241 8498462
2582580665 IHXI 163 1612380
2582580665 IHXN 25135 6434372
2582580665 IHXO 23167 6100129
2582580665 IHXP 9693 14530892
2582580665 IHXS 26812 7213339
2582580665 IHXT 13002 9560844
2582580665 IHXU 16741 6258676
2582580665 IHXW 225 4291617
2582580665 IHXX 34706 9324966
2582580665 IHXY 11379 8169605
2582580668 IHPN 31741 9232161
2582580668 IHPO 7666 3302507
2582580668 IHPY 4418 6990840
2582580668 IHSA 116885 6834363
2582580668 IHSB 1684 5422624
2582580668 IHTZ 6620 14080581
2582580668 IHUA 7407 10939925
2582580668 IHUB 4079 4407018
2582580668 IHUC 12609 9714025
2582580668 IHUF 4693 10084366
2582580668 IHUH 10218 7410276
2582580668 IHUI 8093 5489435
2582580668 IHUN 7194 11495928
2582580668 IHUO 2552 8365964
2582580668 IHUP 7203 11981263
2582580668 IHUS 2290 3511992
2582580668 IHUZ 155713 10125002
2582580668 IHWA 111048 6241863
2582580668 IHWB 79751 5241353
2582580668 IHWF 4298 3708198
2582580668 IHWG 18980 7400745
2582580668 IHWH 136146 9958688
2582580668 IHWI 37581 8371360
2582580668 IHWN 31584 7116839
2582580668 IHWP 24010 11182694
2582580668 IHWS 1334 2433752
2582580668 IHWT 716 9220427
2582580668 IHWU 103926 6177609
2582580668 IHWW 3393 4149315
2582580668 IHWX 6463 9589080
2582580668 IHWY 27520 5310084
2582580668 IHXA 13326 7836070
2582580668 IHXF 8314 5095520
2582580668 IHXG 45791 5779147
2582580668 IHXH 10167 8498462
2582580668 IHXI 512 1612380
2582580668 IHXN 83694 6434372
2582580668 IHXO 80388 6100129
2582580668 IHXP 10398 14530892
2582580668 IHXS 12986 7213339
2582580668 IHXT 15646 9560844
2582580668 IHXU 9537 6258676
2582580668 IHXW 471 4291617
2582580668 IHXX 17902 9324966
2582580668 IHXY 4606 8169605
2582580669 IHPN 17047 9232161
2582580669 IHPO 4084 3302507
2582580669 IHPY 27019 6990840
2582580669 IHSA 598 6834363
2582580669 IHSB 12512 5422624
2582580669 IHTZ 9069 14080581
2582580669 IHUA 4308 10939925
2582580669 IHUB 1787 4407018
2582580669 IHUC 3939 9714025
2582580669 IHUF 2549 10084366
2582580669 IHUH 3104 7410276
2582580669 IHUI 2654 5489435
2582580669 IHUN 5610 11495928
2582580669 IHUO 5187 8365964
2582580669 IHUP 1909 11981263
2582580669 IHUS 230 3511992
2582580669 IHUZ 574 10125002
2582580669 IHWA 644 6241863
2582580669 IHWB 448 5241353
2582580669 IHWF 314 3708198
2582580669 IHWG 387 7400745
2582580669 IHWH 484 9958688
2582580669 IHWI 670 8371360
2582580669 IHWN 616 7116839
2582580669 IHWP 10650 11182694
2582580669 IHWS 12392 2433752
2582580669 IHWT 588 9220427
2582580669 IHWU 700 6177609
2582580669 IHWW 8889 4149315
2582580669 IHWX 37066 9589080
2582580669 IHWY 300 5310084
2582580669 IHXA 18190 7836070
2582580669 IHXF 8175 5095520
2582580669 IHXG 1503 5779147
2582580669 IHXH 22392 8498462
2582580669 IHXI 98 1612380
2582580669 IHXN 1354 6434372
2582580669 IHXO 791 6100129
2582580669 IHXP 42379 14530892
2582580669 IHXS 11937 7213339
2582580669 IHXT 27414 9560844
2582580669 IHXU 14740 6258676
2582580669 IHXW 20702 4291617
2582580669 IHXX 17157 9324966
2582580669 IHXY 4830 8169605
2582580670 IHPN 1034 9232161
2582580670 IHPO 127 3302507
2582580670 IHPY 1647 6990840
2582580670 IHSA 571 6834363
2582580670 IHSB 243 5422624
2582580670 IHTZ 51750 14080581
2582580670 IHUA 27205 10939925
2582580670 IHUB 10860 4407018
2582580670 IHUC 14439 9714025
2582580670 IHUF 14995 10084366
2582580670 IHUH 7670 7410276
2582580670 IHUI 4000 5489435
2582580670 IHUN 31362 11495928
2582580670 IHUO 34363 8365964
2582580670 IHUP 21933 11981263
2582580670 IHUS 360 3511992
2582580670 IHUZ 1070 10125002
2582580670 IHWA 372 6241863
2582580670 IHWB 498 5241353
2582580670 IHWF 290 3708198
2582580670 IHWG 1839 7400745
2582580670 IHWH 1274 9958688
2582580670 IHWI 1423 8371360
2582580670 IHWN 1671 7116839
2582580670 IHWP 515 11182694
2582580670 IHWS 552 2433752
2582580670 IHWT 61827 9220427
2582580670 IHWU 369 6177609
2582580670 IHWW 392 4149315
2582580670 IHWX 2678 9589080
2582580670 IHWY 44 5310084
2582580670 IHXA 1390 7836070
2582580670 IHXF 601 5095520
2582580670 IHXG 4050 5779147
2582580670 IHXH 1330 8498462
2582580670 IHXI 229 1612380
2582580670 IHXN 521 6434372
2582580670 IHXO 180 6100129
2582580670 IHXP 1454 14530892
2582580670 IHXS 133 7213339
2582580670 IHXT 1930 9560844
2582580670 IHXU 301 6258676
2582580670 IHXW 1403 4291617
2582580670 IHXX 455 9324966
2582580670 IHXY 21840 8169605
2582580671 IHPN 3707 9232161
2582580671 IHPO 366 3302507
2582580671 IHPY 4813 6990840
2582580671 IHSA 1801 6834363
2582580671 IHSB 1645 5422624
2582580671 IHTZ 6661 14080581
2582580671 IHUA 5885 10939925
2582580671 IHUB 2195 4407018
2582580671 IHUC 3408 9714025
2582580671 IHUF 9554 10084366
2582580671 IHUH 2047 7410276
2582580671 IHUI 1055 5489435
2582580671 IHUN 5483 11495928
2582580671 IHUO 4652 8365964
2582580671 IHUP 149847 11981263
2582580671 IHUS 812 3511992
2582580671 IHUZ 5945 10125002
2582580671 IHWA 872 6241863
2582580671 IHWB 4219 5241353
2582580671 IHWF 858 3708198
2582580671 IHWG 6714 7400745
2582580671 IHWH 4419 9958688
2582580671 IHWI 11281 8371360
2582580671 IHWN 5666 7116839
2582580671 IHWP 3347 11182694
2582580671 IHWS 2211 2433752
2582580671 IHWT 3201 9220427
2582580671 IHWU 3272 6177609
2582580671 IHWW 814 4149315
2582580671 IHWX 11092 9589080
2582580671 IHWY 230 5310084
2582580671 IHXA 3720 7836070
2582580671 IHXF 1378 5095520
2582580671 IHXG 45259 5779147
2582580671 IHXH 4166 8498462
2582580671 IHXI 665 1612380
2582580671 IHXN 1808 6434372
2582580671 IHXO 1634 6100129
2582580671 IHXP 4226 14530892
2582580671 IHXS 495 7213339
2582580671 IHXT 5559 9560844
2582580671 IHXU 876 6258676
2582580671 IHXW 5907 4291617
2582580671 IHXX 1112 9324966
2582580671 IHXY 3401 8169605
2582580672 IHPN 3770 9232161
2582580672 IHPO 1067 3302507
2582580672 IHPY 3772 6990840
2582580672 IHSA 1226 6834363
2582580672 IHSB 2563 5422624
2582580672 IHTZ 131990 14080581
2582580672 IHUA 123520 10939925
2582580672 IHUB 46869 4407018
2582580672 IHUC 114865 9714025
2582580672 IHUF 61887 10084366
2582580672 IHUH 70952 7410276
2582580672 IHUI 27898 5489435
2582580672 IHUN 143343 11495928
2582580672 IHUO 81714 8365964
2582580672 IHUP 104080 11981263
2582580672 IHUS 192 3511992
2582580672 IHUZ 2264 10125002
2582580672 IHWA 1292 6241863
2582580672 IHWB 1520 5241353
2582580672 IHWF 473 3708198
2582580672 IHWG 790 7400745
2582580672 IHWH 1407 9958688
2582580672 IHWI 1012 8371360
2582580672 IHWN 1332 7116839
2582580672 IHWP 4227 11182694
2582580672 IHWS 1519 2433752
2582580672 IHWT 3624 9220427
2582580672 IHWU 1001 6177609
2582580672 IHWW 2751 4149315
2582580672 IHWX 6876 9589080
2582580672 IHWY 361 5310084
2582580672 IHXA 4103 7836070
2582580672 IHXF 2269 5095520
2582580672 IHXG 861 5779147
2582580672 IHXH 3151 8498462
2582580672 IHXI 140 1612380
2582580672 IHXN 897 6434372
2582580672 IHXO 531 6100129
2582580672 IHXP 5014 14530892
2582580672 IHXS 2484 7213339
2582580672 IHXT 6236 9560844
2582580672 IHXU 2536 6258676
2582580672 IHXW 45 4291617
2582580672 IHXX 3038 9324966
2582580672 IHXY 88366 8169605
2582580673 IHPN 1346 9232161
2582580673 IHPO 324 3302507
2582580673 IHPY 1181 6990840
2582580673 IHSA 89825 6834363
2582580673 IHSB 732 5422624
2582580673 IHTZ 13987 14080581
2582580673 IHUA 4080 10939925
2582580673 IHUB 1260 4407018
2582580673 IHUC 7514 9714025
2582580673 IHUF 950 10084366
2582580673 IHUH 5913 7410276
2582580673 IHUI 3796 5489435
2582580673 IHUN 8678 11495928
2582580673 IHUO 2126 8365964
2582580673 IHUP 5194 11981263
2582580673 IHUS 8335 3511992
2582580673 IHUZ 98462 10125002
2582580673 IHWA 117688 6241863
2582580673 IHWB 60357 5241353
2582580673 IHWF 18148 3708198
2582580673 IHWG 34848 7400745
2582580673 IHWH 129175 9958688
2582580673 IHWI 136484 8371360
2582580673 IHWN 67972 7116839
2582580673 IHWP 1107 11182694
2582580673 IHWS 598 2433752
2582580673 IHWT 323 9220427
2582580673 IHWU 137173 6177609
2582580673 IHWW 302 4149315
2582580673 IHWX 2053 9589080
2582580673 IHWY 12646 5310084
2582580673 IHXA 1022 7836070
2582580673 IHXF 555 5095520
2582580673 IHXG 46326 5779147
2582580673 IHXH 1055 8498462
2582580673 IHXI 819 1612380
2582580673 IHXN 67776 6434372
2582580673 IHXO 113608 6100129
2582580673 IHXP 1188 14530892
2582580673 IHXS 842 7213339
2582580673 IHXT 1272 9560844
2582580673 IHXU 759 6258676
2582580673 IHXW 1266 4291617
2582580673 IHXX 1099 9324966
2582580673 IHXY 6648 8169605
2582580674 IHPN 4279 9232161
2582580674 IHPO 1272 3302507
2582580674 IHPY 6544 6990840
2582580674 IHSA 532 6834363
2582580674 IHSB 7204 5422624
2582580674 IHTZ 239457 14080581
2582580674 IHUA 44724 10939925
2582580674 IHUB 11117 4407018
2582580674 IHUC 61907 9714025
2582580674 IHUF 17144 10084366
2582580674 IHUH 61103 7410276
2582580674 IHUI 42439 5489435
2582580674 IHUN 136483 11495928
2582580674 IHUO 43541 8365964
2582580674 IHUP 92109 11981263
2582580674 IHUS 87 3511992
2582580674 IHUZ 471 10125002
2582580674 IHWA 494 6241863
2582580674 IHWB 149 5241353
2582580674 IHWF 353 3708198
2582580674 IHWG 239 7400745
2582580674 IHWH 578 9958688
2582580674 IHWI 757 8371360
2582580674 IHWN 541 7116839
2582580674 IHWP 3364 11182694
2582580674 IHWS 2016 2433752
2582580674 IHWT 6567 9220427
2582580674 IHWU 276 6177609
2582580674 IHWW 5072 4149315
2582580674 IHWX 8628 9589080
2582580674 IHWY 387 5310084
2582580674 IHXA 2227 7836070
2582580674 IHXF 2070 5095520
2582580674 IHXG 57 5779147
2582580674 IHXH 3094 8498462
2582580674 IHXI 98 1612380
2582580674 IHXN 447 6434372
2582580674 IHXO 213 6100129
2582580674 IHXP 12484 14530892
2582580674 IHXS 5094 7213339
2582580674 IHXT 5767 9560844
2582580674 IHXU 3607 6258676
2582580674 IHXW 228 4291617
2582580674 IHXX 3255 9324966
2582580674 IHXY 86919 8169605
2582580675 IHPN 1598 9232161
2582580675 IHPO 348 3302507
2582580675 IHPY 4331 6990840
2582580675 IHSA 4631 6834363
2582580675 IHSB 855 5422624
2582580675 IHTZ 15579 14080581
2582580675 IHUA 10250 10939925
2582580675 IHUB 3666 4407018
2582580675 IHUC 3863 9714025
2582580675 IHUF 4736 10084366
2582580675 IHUH 2354 7410276
2582580675 IHUI 1035 5489435
2582580675 IHUN 10534 11495928
2582580675 IHUO 11592 8365964
2582580675 IHUP 12937 11981263
2582580675 IHUS 3436 3511992
2582580675 IHUZ 6474 10125002
2582580675 IHWA 3927 6241863
2582580675 IHWB 3449 5241353
2582580675 IHWF 2192 3708198
2582580675 IHWG 13657 7400745
2582580675 IHWH 6592 9958688
2582580675 IHWI 8606 8371360
2582580675 IHWN 11696 7116839
2582580675 IHWP 860 11182694
2582580675 IHWS 1619 2433752
2582580675 IHWT 30569 9220427
2582580675 IHWU 1784 6177609
2582580675 IHWW 1206 4149315
2582580675 IHWX 4495 9589080
2582580675 IHWY 623 5310084
2582580675 IHXA 2090 7836070
2582580675 IHXF 1014 5095520
2582580675 IHXG 9008 5779147
2582580675 IHXH 1804 8498462
2582580675 IHXI 667 1612380
2582580675 IHXN 708 6434372
2582580675 IHXO 595 6100129
2582580675 IHXP 4731 14530892
2582580675 IHXS 730 7213339
2582580675 IHXT 2958 9560844
2582580675 IHXU 1005 6258676
2582580675 IHXW 1411 4291617
2582580675 IHXX 1120 9324966
2582580675 IHXY 6696 8169605
2582580677 IHPN 9273 9232161
2582580677 IHPO 2751 3302507
2582580677 IHPY 15019 6990840
2582580677 IHSA 4065 6834363
2582580677 IHSB 20479 5422624
2582580677 IHTZ 20449 14080581
2582580677 IHUA 7702 10939925
2582580677 IHUB 2931 4407018
2582580677 IHUC 8993 9714025
2582580677 IHUF 4373 10084366
2582580677 IHUH 6538 7410276
2582580677 IHUI 4044 5489435
2582580677 IHUN 14326 11495928
2582580677 IHUO 9540 8365964
2582580677 IHUP 5947 11981263
2582580677 IHUS 2672 3511992
2582580677 IHUZ 4219 10125002
2582580677 IHWA 4121 6241863
2582580677 IHWB 2231 5241353
2582580677 IHWF 3718 3708198
2582580677 IHWG 4159 7400745
2582580677 IHWH 4200 9958688
2582580677 IHWI 5706 8371360
2582580677 IHWN 4747 7116839
2582580677 IHWP 7578 11182694
2582580677 IHWS 5221 2433752
2582580677 IHWT 1199 9220427
2582580677 IHWU 3796 6177609
2582580677 IHWW 10445 4149315
2582580677 IHWX 16095 9589080
2582580677 IHWY 3159 5310084
2582580677 IHXA 7174 7836070
2582580677 IHXF 4673 5095520
2582580677 IHXG 7001 5779147
2582580677 IHXH 10908 8498462
2582580677 IHXI 1328 1612380
2582580677 IHXN 5923 6434372
2582580677 IHXO 3614 6100129
2582580677 IHXP 29962 14530892
2582580677 IHXS 10196 7213339
2582580677 IHXT 12690 9560844
2582580677 IHXU 8869 6258676
2582580677 IHXW 206554 4291617
2582580677 IHXX 8740 9324966
2582580677 IHXY 11147 8169605
2582580679 IHPN 6678 9232161
2582580679 IHPO 2745 3302507
2582580679 IHPY 5533 6990840
2582580679 IHSA 11441 6834363
2582580679 IHSB 778 5422624
2582580679 IHTZ 798 14080581
2582580679 IHUA 366 10939925
2582580679 IHUB 150 4407018
2582580679 IHUC 470 9714025
2582580679 IHUF 104 10084366
2582580679 IHUH 399 7410276
2582580679 IHUI 150 5489435
2582580679 IHUN 501 11495928
2582580679 IHUO 302 8365964
2582580679 IHUP 121 11981263
2582580679 IHUS 870 3511992
2582580679 IHUZ 15623 10125002
2582580679 IHWA 11085 6241863
2582580679 IHWB 13203 5241353
2582580679 IHWF 720 3708198
2582580679 IHWG 12424 7400745
2582580679 IHWH 21088 9958688
2582580679 IHWI 10298 8371360
2582580679 IHWN 19803 7116839
2582580679 IHWP 7321 11182694
2582580679 IHWS 2248 2433752
2582580679 IHWT 45 9220427
2582580679 IHWU 26831 6177609
2582580679 IHWW 1514 4149315
2582580679 IHWX 7247 9589080
2582580679 IHWY 761 5310084
2582580679 IHXA 4378 7836070
2582580679 IHXF 4124 5095520
2582580679 IHXG 6023 5779147
2582580679 IHXH 4174 8498462
2582580679 IHXI 188 1612380
2582580679 IHXN 25248 6434372
2582580679 IHXO 33223 6100129
2582580679 IHXP 10314 14530892
2582580679 IHXS 5019 7213339
2582580679 IHXT 5966 9560844
2582580679 IHXU 5155 6258676
2582580679 IHXW 986 4291617
2582580679 IHXX 5869 9324966
2582580679 IHXY 406 8169605
2582580680 IHPN 25518 9232161
2582580680 IHPO 6813 3302507
2582580680 IHPY 9958 6990840
2582580680 IHSA 23774 6834363
2582580680 IHSB 8524 5422624
2582580680 IHTZ 5588 14080581
2582580680 IHUA 6938 10939925
2582580680 IHUB 2921 4407018
2582580680 IHUC 9691 9714025
2582580680 IHUF 18809 10084366
2582580680 IHUH 6449 7410276
2582580680 IHUI 6395 5489435
2582580680 IHUN 3918 11495928
2582580680 IHUO 5275 8365964
2582580680 IHUP 546 11981263
2582580680 IHUS 14065 3511992
2582580680 IHUZ 19268 10125002
2582580680 IHWA 27996 6241863
2582580680 IHWB 11848 5241353
2582580680 IHWF 16474 3708198
2582580680 IHWG 21725 7400745
2582580680 IHWH 14769 9958688
2582580680 IHWI 17368 8371360
2582580680 IHWN 18192 7116839
2582580680 IHWP 21296 11182694
2582580680 IHWS 4659 2433752
2582580680 IHWT 53 9220427
2582580680 IHWU 36429 6177609
2582580680 IHWW 5498 4149315
2582580680 IHWX 13836 9589080
2582580680 IHWY 39579 5310084
2582580680 IHXA 10234 7836070
2582580680 IHXF 8762 5095520
2582580680 IHXG 7953 5779147
2582580680 IHXH 7890 8498462
2582580680 IHXI 15512 1612380
2582580680 IHXN 42496 6434372
2582580680 IHXO 26170 6100129
2582580680 IHXP 34045 14530892
2582580680 IHXS 13418 7213339
2582580680 IHXT 16634 9560844
2582580680 IHXU 12376 6258676
2582580680 IHXW 1631 4291617
2582580680 IHXX 7090 9324966
2582580680 IHXY 4292 8169605
2582580682 IHPN 54540 9232161
2582580682 IHPO 17729 3302507
2582580682 IHPY 13356 6990840
2582580682 IHSA 22114 6834363
2582580682 IHSB 5606 5422624
2582580682 IHTZ 32596 14080581
2582580682 IHUA 15733 10939925
2582580682 IHUB 4155 4407018
2582580682 IHUC 35576 9714025
2582580682 IHUF 12381 10084366
2582580682 IHUH 29624 7410276
2582580682 IHUI 24784 5489435
2582580682 IHUN 18943 11495928
2582580682 IHUO 7918 8365964
2582580682 IHUP 4597 11981263
2582580682 IHUS 1837 3511992
2582580682 IHUZ 46528 10125002
2582580682 IHWA 24924 6241863
2582580682 IHWB 16894 5241353
2582580682 IHWF 6849 3708198
2582580682 IHWG 10495 7400745
2582580682 IHWH 50639 9958688
2582580682 IHWI 49064 8371360
2582580682 IHWN 28504 7116839
2582580682 IHWP 52189 11182694
2582580682 IHWS 4397 2433752
2582580682 IHWT 476 9220427
2582580682 IHWU 29884 6177609
2582580682 IHWW 4954 4149315
2582580682 IHWX 18980 9589080
2582580682 IHWY 5574 5310084
2582580682 IHXA 36791 7836070
2582580682 IHXF 23421 5095520
2582580682 IHXG 11355 5779147
2582580682 IHXH 43018 8498462
2582580682 IHXI 1179 1612380
2582580682 IHXN 20353 6434372
2582580682 IHXO 34575 6100129
2582580682 IHXP 24119 14530892
2582580682 IHXS 26935 7213339
2582580682 IHXT 36821 9560844
2582580682 IHXU 23440 6258676
2582580682 IHXW 808 4291617
2582580682 IHXX 33590 9324966
2582580682 IHXY 20304 8169605
2582580683 IHPN 3889 9232161
2582580683 IHPO 1372 3302507
2582580683 IHPY 274 6990840
2582580683 IHSA 4765 6834363
2582580683 IHSB 500 5422624
2582580683 IHTZ 31073 14080581
2582580683 IHUA 35955 10939925
2582580683 IHUB 14155 4407018
2582580683 IHUC 11544 9714025
2582580683 IHUF 18869 10084366
2582580683 IHUH 8762 7410276
2582580683 IHUI 2303 5489435
2582580683 IHUN 32349 11495928
2582580683 IHUO 28112 8365964
2582580683 IHUP 42216 11981263
2582580683 IHUS 2631 3511992
2582580683 IHUZ 12190 10125002
2582580683 IHWA 915 6241863
2582580683 IHWB 3452 5241353
2582580683 IHWF 1504 3708198
2582580683 IHWG 15060 7400745
2582580683 IHWH 8839 9958688
2582580683 IHWI 6488 8371360
2582580683 IHWN 6735 7116839
2582580683 IHWP 7020 11182694
2582580683 IHWS 246 2433752
2582580683 IHWT 24193 9220427
2582580683 IHWU 1197 6177609
2582580683 IHWW 3080 4149315
2582580683 IHWX 2291 9589080
2582580683 IHWY 2830 5310084
2582580683 IHXA 2979 7836070
2582580683 IHXF 2933 5095520
2582580683 IHXG 535 5779147
2582580683 IHXH 1487 8498462
2582580683 IHXI 630 1612380
2582580683 IHXN 2322 6434372
2582580683 IHXO 2501 6100129
2582580683 IHXP 1766 14530892
2582580683 IHXS 1551 7213339
2582580683 IHXT 4022 9560844
2582580683 IHXU 5662 6258676
2582580683 IHXW 854 4291617
2582580683 IHXX 2693 9324966
2582580683 IHXY 15053 8169605
2582580684 IHPN 52608 9232161
2582580684 IHPO 26022 3302507
2582580684 IHPY 70793 6990840
2582580684 IHSA 77426 6834363
2582580684 IHSB 51967 5422624
2582580684 IHTZ 207343 14080581
2582580684 IHUA 344177 10939925
2582580684 IHUB 136541 4407018
2582580684 IHUC 284315 9714025
2582580684 IHUF 394879 10084366
2582580684 IHUH 270959 7410276
2582580684 IHUI 110946 5489435
2582580684 IHUN 335758 11495928
2582580684 IHUO 419534 8365964
2582580684 IHUP 116484 11981263
2582580684 IHUS 309218 3511992
2582580684 IHUZ 196812 10125002
2582580684 IHWA 95494 6241863
2582580684 IHWB 62365 5241353
2582580684 IHWF 148679 3708198
2582580684 IHWG 494317 7400745
2582580684 IHWH 158054 9958688
2582580684 IHWI 180275 8371360
2582580684 IHWN 286275 7116839
2582580684 IHWP 54206 11182694
2582580684 IHWS 17529 2433752
2582580684 IHWT 2196 9220427
2582580684 IHWU 101316 6177609
2582580684 IHWW 40348 4149315
2582580684 IHWX 83034 9589080
2582580684 IHWY 379121 5310084
2582580684 IHXA 35430 7836070
2582580684 IHXF 26779 5095520
2582580684 IHXG 40985 5779147
2582580684 IHXH 60427 8498462
2582580684 IHXI 85128 1612380
2582580684 IHXN 131549 6434372
2582580684 IHXO 108649 6100129
2582580684 IHXP 58759 14530892
2582580684 IHXS 25616 7213339
2582580684 IHXT 74788 9560844
2582580684 IHXU 42259 6258676
2582580684 IHXW 7002 4291617
2582580684 IHXX 43078 9324966
2582580684 IHXY 234335 8169605
2582580685 IHPN 1267 9232161
2582580685 IHPO 261 3302507
2582580685 IHPY 3355 6990840
2582580685 IHSA 30806 6834363
2582580685 IHSB 1965 5422624
2582580685 IHTZ 34730 14080581
2582580685 IHUA 25841 10939925
2582580685 IHUB 11385 4407018
2582580685 IHUC 12206 9714025
2582580685 IHUF 20635 10084366
2582580685 IHUH 9447 7410276
2582580685 IHUI 3456 5489435
2582580685 IHUN 24094 11495928
2582580685 IHUO 22003 8365964
2582580685 IHUP 21229 11981263
2582580685 IHUS 46217 3511992
2582580685 IHUZ 49266 10125002
2582580685 IHWA 27136 6241863
2582580685 IHWB 18947 5241353
2582580685 IHWF 22146 3708198
2582580685 IHWG 51549 7400745
2582580685 IHWH 39219 9958688
2582580685 IHWI 63010 8371360
2582580685 IHWN 43478 7116839
2582580685 IHWP 1216 11182694
2582580685 IHWS 1108 2433752
2582580685 IHWT 38847 9220427
2582580685 IHWU 18630 6177609
2582580685 IHWW 1146 4149315
2582580685 IHWX 2569 9589080
2582580685 IHWY 12128 5310084
2582580685 IHXA 889 7836070
2582580685 IHXF 481 5095520
2582580685 IHXG 33543 5779147
2582580685 IHXH 1188 8498462
2582580685 IHXI 6911 1612380
2582580685 IHXN 12395 6434372
2582580685 IHXO 12289 6100129
2582580685 IHXP 3897 14530892
2582580685 IHXS 981 7213339
2582580685 IHXT 1649 9560844
2582580685 IHXU 785 6258676
2582580685 IHXW 30512 4291617
2582580685 IHXX 970 9324966
2582580685 IHXY 15299 8169605
2582580686 IHPN 1359 9232161
2582580686 IHPO 417 3302507
2582580686 IHPY 550 6990840
2582580686 IHSA 1302 6834363
2582580686 IHSB 1303 5422624
2582580686 IHTZ 10040 14080581
2582580686 IHUA 23272 10939925
2582580686 IHUB 12511 4407018
2582580686 IHUC 21155 9714025
2582580686 IHUF 43573 10084366
2582580686 IHUH 16443 7410276
2582580686 IHUI 5197 5489435
2582580686 IHUN 18897 11495928
2582580686 IHUO 22355 8365964
2582580686 IHUP 10463 11981263
2582580686 IHUS 2846 3511992
2582580686 IHUZ 1487 10125002
2582580686 IHWA 1303 6241863
2582580686 IHWB 838 5241353
2582580686 IHWF 1848 3708198
2582580686 IHWG 4221 7400745
2582580686 IHWH 1319 9958688
2582580686 IHWI 1367 8371360
2582580686 IHWN 2309 7116839
2582580686 IHWP 1423 11182694
2582580686 IHWS 237 2433752
2582580686 IHWT 124 9220427
2582580686 IHWU 1136 6177609
2582580686 IHWW 1120 4149315
2582580686 IHWX 1122 9589080
2582580686 IHWY 5295 5310084
2582580686 IHXA 594 7836070
2582580686 IHXF 548 5095520
2582580686 IHXG 278 5779147
2582580686 IHXH 812 8498462
2582580686 IHXI 2040 1612380
2582580686 IHXN 1266 6434372
2582580686 IHXO 628 6100129
2582580686 IHXP 3535 14530892
2582580686 IHXS 1359 7213339
2582580686 IHXT 1202 9560844
2582580686 IHXU 962 6258676
2582580686 IHXW 113 4291617
2582580686 IHXX 1480 9324966
2582580686 IHXY 8856 8169605
2582580687 IHPN 4808 9232161
2582580687 IHPO 1281 3302507
2582580687 IHPY 4625 6990840
2582580687 IHSA 33670 6834363
2582580687 IHSB 4815 5422624
2582580687 IHTZ 46679 14080581
2582580687 IHUA 49412 10939925
2582580687 IHUB 17249 4407018
2582580687 IHUC 38368 9714025
2582580687 IHUF 22005 10084366
2582580687 IHUH 25845 7410276
2582580687 IHUI 7298 5489435
2582580687 IHUN 59903 11495928
2582580687 IHUO 33629 8365964
2582580687 IHUP 55139 11981263
2582580687 IHUS 11219 3511992
2582580687 IHUZ 55575 10125002
2582580687 IHWA 32133 6241863
2582580687 IHWB 17316 5241353
2582580687 IHWF 26226 3708198
2582580687 IHWG 31649 7400745
2582580687 IHWH 38678 9958688
2582580687 IHWI 38351 8371360
2582580687 IHWN 43184 7116839
2582580687 IHWP 3869 11182694
2582580687 IHWS 1569 2433752
2582580687 IHWT 1223 9220427
2582580687 IHWU 16710 6177609
2582580687 IHWW 3118 4149315
2582580687 IHWX 5652 9589080
2582580687 IHWY 16431 5310084
2582580687 IHXA 2964 7836070
2582580687 IHXF 2501 5095520
2582580687 IHXG 5997 5779147
2582580687 IHXH 2255 8498462
2582580687 IHXI 2672 1612380
2582580687 IHXN 12509 6434372
2582580687 IHXO 8322 6100129
2582580687 IHXP 7310 14530892
2582580687 IHXS 3189 7213339
2582580687 IHXT 5158 9560844
2582580687 IHXU 2977 6258676
2582580687 IHXW 335 4291617
2582580687 IHXX 3576 9324966
2582580687 IHXY 35935 8169605
2582580688 IHPN 63259 9232161
2582580688 IHPO 9228 3302507
2582580688 IHPY 6590 6990840
2582580688 IHSA 8908 6834363
2582580688 IHSB 5767 5422624
2582580688 IHTZ 17966 14080581
2582580688 IHUA 6129 10939925
2582580688 IHUB 868 4407018
2582580688 IHUC 5446 9714025
2582580688 IHUF 1243 10084366
2582580688 IHUH 7403 7410276
2582580688 IHUI 38792 5489435
2582580688 IHUN 4224 11495928
2582580688 IHUO 3036 8365964
2582580688 IHUP 3361 11981263
2582580688 IHUS 596 3511992
2582580688 IHUZ 14817 10125002
2582580688 IHWA 10645 6241863
2582580688 IHWB 8812 5241353
2582580688 IHWF 2009 3708198
2582580688 IHWG 1843 7400745
2582580688 IHWH 12446 9958688
2582580688 IHWI 52965 8371360
2582580688 IHWN 6999 7116839
2582580688 IHWP 43198 11182694
2582580688 IHWS 7025 2433752
2582580688 IHWT 6565 9220427
2582580688 IHWU 16688 6177609
2582580688 IHWW 2430 4149315
2582580688 IHWX 26505 9589080
2582580688 IHWY 1359 5310084
2582580688 IHXA 44871 7836070
2582580688 IHXF 14083 5095520
2582580688 IHXG 15326 5779147
2582580688 IHXH 29315 8498462
2582580688 IHXI 320 1612380
2582580688 IHXN 17484 6434372
2582580688 IHXO 27102 6100129
2582580688 IHXP 10747 14530892
2582580688 IHXS 7172 7213339
2582580688 IHXT 25967 9560844
2582580688 IHXU 8737 6258676
2582580688 IHXW 1478 4291617
2582580688 IHXX 13968 9324966
2582580688 IHXY 4669 8169605
2582580689 IHPN 26384 9232161
2582580689 IHPO 10610 3302507
2582580689 IHPY 54110 6990840
2582580689 IHSA 7962 6834363
2582580689 IHSB 36637 5422624
2582580689 IHTZ 43223 14080581
2582580689 IHUA 17555 10939925
2582580689 IHUB 5616 4407018
2582580689 IHUC 26956 9714025
2582580689 IHUF 14599 10084366
2582580689 IHUH 17096 7410276
2582580689 IHUI 8013 5489435
2582580689 IHUN 30526 11495928
2582580689 IHUO 11542 8365964
2582580689 IHUP 10256 11981263
2582580689 IHUS 5457 3511992
2582580689 IHUZ 10203 10125002
2582580689 IHWA 8877 6241863
2582580689 IHWB 3924 5241353
2582580689 IHWF 10436 3708198
2582580689 IHWG 8492 7400745
2582580689 IHWH 8826 9958688
2582580689 IHWI 8127 8371360
2582580689 IHWN 10263 7116839
2582580689 IHWP 26129 11182694
2582580689 IHWS 17921 2433752
2582580689 IHWT 410 9220427
2582580689 IHWU 6047 6177609
2582580689 IHWW 40352 4149315
2582580689 IHWX 65192 9589080
2582580689 IHWY 5473 5310084
2582580689 IHXA 24320 7836070
2582580689 IHXF 21242 5095520
2582580689 IHXG 1800 5779147
2582580689 IHXH 36392 8498462
2582580689 IHXI 1977 1612380
2582580689 IHXN 5178 6434372
2582580689 IHXO 3017 6100129
2582580689 IHXP 119655 14530892
2582580689 IHXS 50651 7213339
2582580689 IHXT 58293 9560844
2582580689 IHXU 32781 6258676
2582580689 IHXW 78 4291617
2582580689 IHXX 26406 9324966
2582580689 IHXY 28630 8169605
2582580690 IHPN 1341 9232161
2582580690 IHPO 675 3302507
2582580690 IHPY 6082 6990840
2582580690 IHSA 4556 6834363
2582580690 IHSB 3037 5422624
2582580690 IHTZ 8903 14080581
2582580690 IHUA 284 10939925
2582580690 IHUB 71 4407018
2582580690 IHUC 403 9714025
2582580690 IHUF 388 10084366
2582580690 IHUH 232 7410276
2582580690 IHUI 180 5489435
2582580690 IHUN 825 11495928
2582580690 IHUO 223 8365964
2582580690 IHUP 1862 11981263
2582580690 IHUS 974 3511992
2582580690 IHUZ 4792 10125002
2582580690 IHWA 4129 6241863
2582580690 IHWB 1608 5241353
2582580690 IHWF 4333 3708198
2582580690 IHWG 2710 7400745
2582580690 IHWH 5001 9958688
2582580690 IHWI 12007 8371360
2582580690 IHWN 5237 7116839
2582580690 IHWP 1224 11182694
2582580690 IHWS 2453 2433752
2582580690 IHWT 53381 9220427
2582580690 IHWU 2869 6177609
2582580690 IHWW 1021 4149315
2582580690 IHWX 6021 9589080
2582580690 IHWY 1083 5310084
2582580690 IHXA 2093 7836070
2582580690 IHXF 1244 5095520
2582580690 IHXG 636 5779147
2582580690 IHXH 3418 8498462
2582580690 IHXI 736 1612380
2582580690 IHXN 1250 6434372
2582580690 IHXO 2291 6100129
2582580690 IHXP 6596 14530892
2582580690 IHXS 2353 7213339
2582580690 IHXT 3781 9560844
2582580690 IHXU 2072 6258676
2582580690 IHXW 41 4291617
2582580690 IHXX 2256 9324966
2582580690 IHXY 1298 8169605
2582580691 IHPN 37605 9232161
2582580691 IHPO 8329 3302507
2582580691 IHPY 10938 6990840
2582580691 IHSA 1036 6834363
2582580691 IHSB 3799 5422624
2582580691 IHTZ 8789 14080581
2582580691 IHUA 4185 10939925
2582580691 IHUB 1051 4407018
2582580691 IHUC 4735 9714025
2582580691 IHUF 1020 10084366
2582580691 IHUH 3706 7410276
2582580691 IHUI 12146 5489435
2582580691 IHUN 3244 11495928
2582580691 IHUO 1867 8365964
2582580691 IHUP 1421 11981263
2582580691 IHUS 61 3511992
2582580691 IHUZ 937 10125002
2582580691 IHWA 1451 6241863
2582580691 IHWB 768 5241353
2582580691 IHWF 167 3708198
2582580691 IHWG 260 7400745
2582580691 IHWH 984 9958688
2582580691 IHWI 1300 8371360
2582580691 IHWN 607 7116839
2582580691 IHWP 31317 11182694
2582580691 IHWS 5685 2433752
2582580691 IHWT 140 9220427
2582580691 IHWU 3534 6177609
2582580691 IHWW 3239 4149315
2582580691 IHWX 24253 9589080
2582580691 IHWY 404 5310084
2582580691 IHXA 19999 7836070
2582580691 IHXF 7217 5095520
2582580691 IHXG 1202 5779147
2582580691 IHXH 17098 8498462
2582580691 IHXI 44 1612380
2582580691 IHXN 14902 6434372
2582580691 IHXO 9486 6100129
2582580691 IHXP 23018 14530892
2582580691 IHXS 9420 7213339
2582580691 IHXT 21181 9560844
2582580691 IHXU 7503 6258676
2582580691 IHXW 122 4291617
2582580691 IHXX 14465 9324966
2582580691 IHXY 2647 8169605
2582580692 IHPN 5838 9232161
2582580692 IHPO 1490 3302507
2582580692 IHPY 386 6990840
2582580692 IHSA 14098 6834363
2582580692 IHSB 235 5422624
2582580692 IHTZ 12343 14080581
2582580692 IHUA 4895 10939925
2582580692 IHUB 927 4407018
2582580692 IHUC 9948 9714025
2582580692 IHUF 2208 10084366
2582580692 IHUH 7613 7410276
2582580692 IHUI 5948 5489435
2582580692 IHUN 5415 11495928
2582580692 IHUO 1562 8365964
2582580692 IHUP 3810 11981263
2582580692 IHUS 288 3511992
2582580692 IHUZ 23010 10125002
2582580692 IHWA 20342 6241863
2582580692 IHWB 18335 5241353
2582580692 IHWF 629 3708198
2582580692 IHWG 1387 7400745
2582580692 IHWH 29869 9958688
2582580692 IHWI 8182 8371360
2582580692 IHWN 3176 7116839
2582580692 IHWP 3979 11182694
2582580692 IHWS 368 2433752
2582580692 IHWT 505 9220427
2582580692 IHWU 22615 6177609
2582580692 IHWW 152 4149315
2582580692 IHWX 1408 9589080
2582580692 IHWY 1445 5310084
2582580692 IHXA 1709 7836070
2582580692 IHXF 1379 5095520
2582580692 IHXG 26303 5779147
2582580692 IHXH 1697 8498462
2582580692 IHXI 64 1612380
2582580692 IHXN 6621 6434372
2582580692 IHXO 19616 6100129
2582580692 IHXP 744 14530892
2582580692 IHXS 1105 7213339
2582580692 IHXT 1430 9560844
2582580692 IHXU 1578 6258676
2582580692 IHXW 210 4291617
2582580692 IHXX 3128 9324966
2582580692 IHXY 5937 8169605
2582580693 IHPN 27056 9232161
2582580693 IHPO 8572 3302507
2582580693 IHPY 3543 6990840
2582580693 IHSA 739 6834363
2582580693 IHSB 579 5422624
2582580693 IHTZ 1395 14080581
2582580693 IHUA 527 10939925
2582580693 IHUB 242 4407018
2582580693 IHUC 491 9714025
2582580693 IHUF 862 10084366
2582580693 IHUH 333 7410276
2582580693 IHUI 369 5489435
2582580693 IHUN 641 11495928
2582580693 IHUO 979 8365964
2582580693 IHUP 210 11981263
2582580693 IHUS 427 3511992
2582580693 IHUZ 397 10125002
2582580693 IHWA 774 6241863
2582580693 IHWB 622 5241353
2582580693 IHWF 91 3708198
2582580693 IHWG 845 7400745
2582580693 IHWH 429 9958688
2582580693 IHWI 132 8371360
2582580693 IHWN 1302 7116839
2582580693 IHWP 33386 11182694
2582580693 IHWS 1462 2433752
2582580693 IHWT 61 9220427
2582580693 IHWU 1203 6177609
2582580693 IHWW 2409 4149315
2582580693 IHWX 5158 9589080
2582580693 IHWY 231 5310084
2582580693 IHXA 7924 7836070
2582580693 IHXF 7321 5095520
2582580693 IHXG 200 5779147
2582580693 IHXH 7403 8498462
2582580693 IHXI 63 1612380
2582580693 IHXN 6075 6434372
2582580693 IHXO 3944 6100129
2582580693 IHXP 17044 14530892
2582580693 IHXS 23967 7213339
2582580693 IHXT 9656 9560844
2582580693 IHXU 14593 6258676
2582580693 IHXW 391 4291617
2582580693 IHXX 22572 9324966
2582580693 IHXY 506 8169605
2582580694 IHPN 17062 9232161
2582580694 IHPO 9555 3302507
2582580694 IHPY 13160 6990840
2582580694 IHSA 3732 6834363
2582580694 IHSB 3834 5422624
2582580694 IHTZ 10872 14080581
2582580694 IHUA 4619 10939925
2582580694 IHUB 1282 4407018
2582580694 IHUC 9278 9714025
2582580694 IHUF 4144 10084366
2582580694 IHUH 6738 7410276
2582580694 IHUI 6014 5489435
2582580694 IHUN 7580 11495928
2582580694 IHUO 1953 8365964
2582580694 IHUP 1965 11981263
2582580694 IHUS 371 3511992
2582580694 IHUZ 4470 10125002
2582580694 IHWA 4866 6241863
2582580694 IHWB 3427 5241353
2582580694 IHWF 546 3708198
2582580694 IHWG 929 7400745
2582580694 IHWH 6505 9958688
2582580694 IHWI 5607 8371360
2582580694 IHWN 2818 7116839
2582580694 IHWP 22873 11182694
2582580694 IHWS 4966 2433752
2582580694 IHWT 122 9220427
2582580694 IHWU 10004 6177609
2582580694 IHWW 3346 4149315
2582580694 IHWX 19627 9589080
2582580694 IHWY 1002 5310084
2582580694 IHXA 18114 7836070
2582580694 IHXF 11335 5095520
2582580694 IHXG 2379 5779147
2582580694 IHXH 21076 8498462
2582580694 IHXI 121 1612380
2582580694 IHXN 16505 6434372
2582580694 IHXO 15487 6100129
2582580694 IHXP 20219 14530892
2582580694 IHXS 14408 7213339
2582580694 IHXT 22820 9560844
2582580694 IHXU 12306 6258676
2582580694 IHXW 315 4291617
2582580694 IHXX 16792 9324966
2582580694 IHXY 6671 8169605
2582580695 IHPN 24492 9232161
2582580695 IHPO 11637 3302507
2582580695 IHPY 22150 6990840
2582580695 IHSA 16803 6834363
2582580695 IHSB 6933 5422624
2582580695 IHTZ 9920 14080581
2582580695 IHUA 4760 10939925
2582580695 IHUB 1589 4407018
2582580695 IHUC 10222 9714025
2582580695 IHUF 2352 10084366
2582580695 IHUH 7681 7410276
2582580695 IHUI 9625 5489435
2582580695 IHUN 6746 11495928
2582580695 IHUO 3987 8365964
2582580695 IHUP 614 11981263
2582580695 IHUS 1971 3511992
2582580695 IHUZ 11003 10125002
2582580695 IHWA 19095 6241863
2582580695 IHWB 9635 5241353
2582580695 IHWF 3324 3708198
2582580695 IHWG 4367 7400745
2582580695 IHWH 7815 9958688
2582580695 IHWI 15192 8371360
2582580695 IHWN 15658 7116839
2582580695 IHWP 23214 11182694
2582580695 IHWS 5592 2433752
2582580695 IHWT 105 9220427
2582580695 IHWU 26384 6177609
2582580695 IHWW 8122 4149315
2582580695 IHWX 18481 9589080
2582580695 IHWY 4543 5310084
2582580695 IHXA 10439 7836070
2582580695 IHXF 10712 5095520
2582580695 IHXG 5159 5779147
2582580695 IHXH 14055 8498462
2582580695 IHXI 351 1612380
2582580695 IHXN 58584 6434372
2582580695 IHXO 36975 6100129
2582580695 IHXP 49949 14530892
2582580695 IHXS 38872 7213339
2582580695 IHXT 20483 9560844
2582580695 IHXU 20716 6258676
2582580695 IHXW 1377 4291617
2582580695 IHXX 23959 9324966
2582580695 IHXY 8960 8169605
2582580697 IHPN 41374 9232161
2582580697 IHPO 20333 3302507
2582580697 IHPY 12728 6990840
2582580697 IHSA 6803 6834363
2582580697 IHSB 2946 5422624
2582580697 IHTZ 32370 14080581
2582580697 IHUA 14588 10939925
2582580697 IHUB 2950 4407018
2582580697 IHUC 41928 9714025
2582580697 IHUF 3203 10084366
2582580697 IHUH 31685 7410276
2582580697 IHUI 41605 5489435
2582580697 IHUN 19439 11495928
2582580697 IHUO 5988 8365964
2582580697 IHUP 11463 11981263
2582580697 IHUS 524 3511992
2582580697 IHUZ 14610 10125002
2582580697 IHWA 7908 6241863
2582580697 IHWB 10801 5241353
2582580697 IHWF 646 3708198
2582580697 IHWG 1187 7400745
2582580697 IHWH 18897 9958688
2582580697 IHWI 23813 8371360
2582580697 IHWN 4589 7116839
2582580697 IHWP 58053 11182694
2582580697 IHWS 5512 2433752
2582580697 IHWT 978 9220427
2582580697 IHWU 21433 6177609
2582580697 IHWW 2716 4149315
2582580697 IHWX 28037 9589080
2582580697 IHWY 796 5310084
2582580697 IHXA 31896 7836070
2582580697 IHXF 13844 5095520
2582580697 IHXG 16737 5779147
2582580697 IHXH 37937 8498462
2582580697 IHXI 137 1612380
2582580697 IHXN 24966 6434372
2582580697 IHXO 39728 6100129
2582580697 IHXP 11283 14530892
2582580697 IHXS 19558 7213339
2582580697 IHXT 29656 9560844
2582580697 IHXU 18672 6258676
2582580697 IHXW 148 4291617
2582580697 IHXX 25055 9324966
2582580697 IHXY 19988 8169605
2582580698 IHPN 3816 9232161
2582580698 IHPO 3193 3302507
2582580698 IHPY 15 6990840
2582580698 IHSA 7286 6834363
2582580698 IHSB 167 5422624
2582580698 IHTZ 11544 14080581
2582580698 IHUA 6968 10939925
2582580698 IHUB 2931 4407018
2582580698 IHUC 5461 9714025
2582580698 IHUF 5628 10084366
2582580698 IHUH 4262 7410276
2582580698 IHUI 3288 5489435
2582580698 IHUN 9632 11495928
2582580698 IHUO 8401 8365964
2582580698 IHUP 5824 11981263
2582580698 IHUS 52 3511992
2582580698 IHUZ 11560 10125002
2582580698 IHWA 4468 6241863
2582580698 IHWB 2123 5241353
2582580698 IHWF 24 3708198
2582580698 IHWG 1438 7400745
2582580698 IHWH 10010 9958688
2582580698 IHWI 127 8371360
2582580698 IHWN 400 7116839
2582580698 IHWP 26081 11182694
2582580698 IHWS 61 2433752
2582580698 IHWT 11216 9220427
2582580698 IHWU 2143 6177609
2582580698 IHWW 504 4149315
2582580698 IHWX 430 9589080
2582580698 IHWY 13517 5310084
2582580698 IHXA 2466 7836070
2582580698 IHXF 4473 5095520
2582580698 IHXG 2468 5779147
2582580698 IHXH 5161 8498462
2582580698 IHXI 83 1612380
2582580698 IHXN 681 6434372
2582580698 IHXO 2335 6100129
2582580698 IHXP 1426 14530892
2582580698 IHXS 10910 7213339
2582580698 IHXT 1639 9560844
2582580698 IHXU 4885 6258676
2582580698 IHXW 220 4291617
2582580698 IHXX 38945 9324966
2582580698 IHXY 7488 8169605
2582580699 IHPN 650 9232161
2582580699 IHPO 4139 3302507
2582580699 IHPY 6 6990840
2582580699 IHSA 6433 6834363
2582580699 IHSB 66 5422624
2582580699 IHTZ 5790 14080581
2582580699 IHUA 3792 10939925
2582580699 IHUB 677 4407018
2582580699 IHUC 2200 9714025
2582580699 IHUF 4666 10084366
2582580699 IHUH 2673 7410276
2582580699 IHUI 1248 5489435
2582580699 IHUN 2535 11495928
2582580699 IHUO 1550 8365964
2582580699 IHUP 3175 11981263
2582580699 IHUS 111 3511992
2582580699 IHUZ 11756 10125002
2582580699 IHWA 3998 6241863
2582580699 IHWB 891 5241353
2582580699 IHWF 18 3708198
2582580699 IHWG 2054 7400745
2582580699 IHWH 8538 9958688
2582580699 IHWI 117 8371360
2582580699 IHWN 340 7116839
2582580699 IHWP 29255 11182694
2582580699 IHWS 12 2433752
2582580699 IHWT 13467 9220427
2582580699 IHWU 511 6177609
2582580699 IHWW 561 4149315
2582580699 IHWX 293 9589080
2582580699 IHWY 13775 5310084
2582580699 IHXA 3812 7836070
2582580699 IHXF 7144 5095520
2582580699 IHXG 93 5779147
2582580699 IHXH 5307 8498462
2582580699 IHXI 60 1612380
2582580699 IHXN 124 6434372
2582580699 IHXO 201 6100129
2582580699 IHXP 1554 14530892
2582580699 IHXS 18140 7213339
2582580699 IHXT 1528 9560844
2582580699 IHXU 5327 6258676
2582580699 IHXW 43 4291617
2582580699 IHXX 55453 9324966
2582580699 IHXY 2871 8169605
2582580700 IHPN 1051 9232161
2582580700 IHPO 38 3302507
2582580700 IHPY 1686 6990840
2582580700 IHSA 2442 6834363
2582580700 IHSB 1375 5422624
2582580700 IHTZ 80618 14080581
2582580700 IHUA 40852 10939925
2582580700 IHUB 14409 4407018
2582580700 IHUC 24760 9714025
2582580700 IHUF 18890 10084366
2582580700 IHUH 15853 7410276
2582580700 IHUI 5221 5489435
2582580700 IHUN 59348 11495928
2582580700 IHUO 54025 8365964
2582580700 IHUP 23009 11981263
2582580700 IHUS 1241 3511992
2582580700 IHUZ 5228 10125002
2582580700 IHWA 1541 6241863
2582580700 IHWB 1019 5241353
2582580700 IHWF 3559 3708198
2582580700 IHWG 4530 7400745
2582580700 IHWH 3719 9958688
2582580700 IHWI 8428 8371360
2582580700 IHWN 7196 7116839
2582580700 IHWP 259 11182694
2582580700 IHWS 425 2433752
2582580700 IHWT 28840 9220427
2582580700 IHWU 922 6177609
2582580700 IHWW 418 4149315
2582580700 IHWX 1123 9589080
2582580700 IHWY 1981 5310084
2582580700 IHXA 215 7836070
2582580700 IHXF 124 5095520
2582580700 IHXG 1026 5779147
2582580700 IHXH 214 8498462
2582580700 IHXI 608 1612380
2582580700 IHXN 881 6434372
2582580700 IHXO 643 6100129
2582580700 IHXP 1032 14530892
2582580700 IHXS 165 7213339
2582580700 IHXT 412 9560844
2582580700 IHXU 174 6258676
2582580700 IHXW 2638 4291617
2582580700 IHXX 141 9324966
2582580700 IHXY 42366 8169605
2582580701 IHPN 11142 9232161
2582580701 IHPO 6095 3302507
2582580701 IHPY 4272 6990840
2582580701 IHSA 3031 6834363
2582580701 IHSB 940 5422624
2582580701 IHTZ 3344 14080581
2582580701 IHUA 2128 10939925
2582580701 IHUB 977 4407018
2582580701 IHUC 2483 9714025
2582580701 IHUF 1449 10084366
2582580701 IHUH 1762 7410276
2582580701 IHUI 1189 5489435
2582580701 IHUN 1890 11495928
2582580701 IHUO 2091 8365964
2582580701 IHUP 347 11981263
2582580701 IHUS 403 3511992
2582580701 IHUZ 1859 10125002
2582580701 IHWA 3137 6241863
2582580701 IHWB 2104 5241353
2582580701 IHWF 329 3708198
2582580701 IHWG 2675 7400745
2582580701 IHWH 1808 9958688
2582580701 IHWI 1030 8371360
2582580701 IHWN 3997 7116839
2582580701 IHWP 15846 11182694
2582580701 IHWS 1615 2433752
2582580701 IHWT 73 9220427
2582580701 IHWU 5168 6177609
2582580701 IHWW 2121 4149315
2582580701 IHWX 4650 9589080
2582580701 IHWY 613 5310084
2582580701 IHXA 3402 7836070
2582580701 IHXF 4381 5095520
2582580701 IHXG 968 5779147
2582580701 IHXH 3938 8498462
2582580701 IHXI 96 1612380
2582580701 IHXN 8954 6434372
2582580701 IHXO 8359 6100129
2582580701 IHXP 17533 14530892
2582580701 IHXS 13759 7213339
2582580701 IHXT 5081 9560844
2582580701 IHXU 7941 6258676
2582580701 IHXW 633 4291617
2582580701 IHXX 10698 9324966
2582580701 IHXY 1806 8169605
2582580702 IHPN 30504 9232161
2582580702 IHPO 6461 3302507
2582580702 IHPY 9428 6990840
2582580702 IHSA 31347 6834363
2582580702 IHSB 6558 5422624
2582580702 IHTZ 21023 14080581
2582580702 IHUA 3237 10939925
2582580702 IHUB 1658 4407018
2582580702 IHUC 5718 9714025
2582580702 IHUF 5451 10084366
2582580702 IHUH 4914 7410276
2582580702 IHUI 4709 5489435
2582580702 IHUN 8282 11495928
2582580702 IHUO 2192 8365964
2582580702 IHUP 3979 11981263
2582580702 IHUS 2428 3511992
2582580702 IHUZ 17884 10125002
2582580702 IHWA 42247 6241863
2582580702 IHWB 19514 5241353
2582580702 IHWF 5984 3708198
2582580702 IHWG 10919 7400745
2582580702 IHWH 16975 9958688
2582580702 IHWI 53735 8371360
2582580702 IHWN 20753 7116839
2582580702 IHWP 15991 11182694
2582580702 IHWS 7112 2433752
2582580702 IHWT 770 9220427
2582580702 IHWU 51353 6177609
2582580702 IHWW 4140 4149315
2582580702 IHWX 29193 9589080
2582580702 IHWY 10188 5310084
2582580702 IHXA 20636 7836070
2582580702 IHXF 7132 5095520
2582580702 IHXG 18139 5779147
2582580702 IHXH 19014 8498462
2582580702 IHXI 646 1612380
2582580702 IHXN 31511 6434372
2582580702 IHXO 52132 6100129
2582580702 IHXP 18031 14530892
2582580702 IHXS 13172 7213339
2582580702 IHXT 22277 9560844
2582580702 IHXU 13609 6258676
2582580702 IHXW 1950 4291617
2582580702 IHXX 16234 9324966
2582580702 IHXY 6272 8169605
2582580703 IHPN 23245 9232161
2582580703 IHPO 5085 3302507
2582580703 IHPY 20471 6990840
2582580703 IHSA 683 6834363
2582580703 IHSB 5730 5422624
2582580703 IHTZ 1459 14080581
2582580703 IHUA 1007 10939925
2582580703 IHUB 361 4407018
2582580703 IHUC 995 9714025
2582580703 IHUF 578 10084366
2582580703 IHUH 698 7410276
2582580703 IHUI 333 5489435
2582580703 IHUN 912 11495928
2582580703 IHUO 604 8365964
2582580703 IHUP 987 11981263
2582580703 IHUS 757 3511992
2582580703 IHUZ 798 10125002
2582580703 IHWA 559 6241863
2582580703 IHWB 592 5241353
2582580703 IHWF 483 3708198
2582580703 IHWG 995 7400745
2582580703 IHWH 647 9958688
2582580703 IHWI 725 8371360
2582580703 IHWN 740 7116839
2582580703 IHWP 15694 11182694
2582580703 IHWS 5512 2433752
2582580703 IHWT 1150 9220427
2582580703 IHWU 668 6177609
2582580703 IHWW 5313 4149315
2582580703 IHWX 19356 9589080
2582580703 IHWY 245 5310084
2582580703 IHXA 10011 7836070
2582580703 IHXF 5986 5095520
2582580703 IHXG 6169 5779147
2582580703 IHXH 9166 8498462
2582580703 IHXI 171 1612380
2582580703 IHXN 1266 6434372
2582580703 IHXO 523 6100129
2582580703 IHXP 34028 14530892
2582580703 IHXS 13706 7213339
2582580703 IHXT 17186 9560844
2582580703 IHXU 11434 6258676
2582580703 IHXW 5392 4291617
2582580703 IHXX 10963 9324966
2582580703 IHXY 800 8169605
2582580704 IHPN 20385 9232161
2582580704 IHPO 5130 3302507
2582580704 IHPY 1131 6990840
2582580704 IHSA 4358 6834363
2582580704 IHSB 567 5422624
2582580704 IHTZ 1873 14080581
2582580704 IHUA 1239 10939925
2582580704 IHUB 423 4407018
2582580704 IHUC 4916 9714025
2582580704 IHUF 814 10084366
2582580704 IHUH 5336 7410276
2582580704 IHUI 11331 5489435
2582580704 IHUN 1410 11495928
2582580704 IHUO 554 8365964
2582580704 IHUP 227 11981263
2582580704 IHUS 232 3511992
2582580704 IHUZ 4578 10125002
2582580704 IHWA 4088 6241863
2582580704 IHWB 4362 5241353
2582580704 IHWF 376 3708198
2582580704 IHWG 1111 7400745
2582580704 IHWH 9149 9958688
2582580704 IHWI 10795 8371360
2582580704 IHWN 3064 7116839
2582580704 IHWP 19370 11182694
2582580704 IHWS 909 2433752
2582580704 IHWT 39 9220427
2582580704 IHWU 9658 6177609
2582580704 IHWW 1018 4149315
2582580704 IHWX 4463 9589080
2582580704 IHWY 522 5310084
2582580704 IHXA 9563 7836070
2582580704 IHXF 4439 5095520
2582580704 IHXG 4580 5779147
2582580704 IHXH 9141 8498462
2582580704 IHXI 91 1612380
2582580704 IHXN 8538 6434372
2582580704 IHXO 13847 6100129
2582580704 IHXP 4869 14530892
2582580704 IHXS 3553 7213339
2582580704 IHXT 7351 9560844
2582580704 IHXU 2829 6258676
2582580704 IHXW 48 4291617
2582580704 IHXX 6564 9324966
2582580704 IHXY 1402 8169605
2582580705 IHPN 7631 9232161
2582580705 IHPO 3420 3302507
2582580705 IHPY 49849 6990840
2582580705 IHSA 5954 6834363
2582580705 IHSB 7797 5422624
2582580705 IHTZ 229957 14080581
2582580705 IHUA 143603 10939925
2582580705 IHUB 44805 4407018
2582580705 IHUC 92557 9714025
2582580705 IHUF 41831 10084366
2582580705 IHUH 50512 7410276
2582580705 IHUI 15487 5489435
2582580705 IHUN 154860 11495928
2582580705 IHUO 120131 8365964
2582580705 IHUP 59409 11981263
2582580705 IHUS 859 3511992
2582580705 IHUZ 19413 10125002
2582580705 IHWA 4327 6241863
2582580705 IHWB 12320 5241353
2582580705 IHWF 1402 3708198
2582580705 IHWG 14108 7400745
2582580705 IHWH 13686 9958688
2582580705 IHWI 21870 8371360
2582580705 IHWN 15938 7116839
2582580705 IHWP 8793 11182694
2582580705 IHWS 15353 2433752
2582580705 IHWT 12621 9220427
2582580705 IHWU 3624 6177609
2582580705 IHWW 9209 4149315
2582580705 IHWX 70916 9589080
2582580705 IHWY 460 5310084
2582580705 IHXA 33950 7836070
2582580705 IHXF 15258 5095520
2582580705 IHXG 17893 5779147
2582580705 IHXH 29493 8498462
2582580705 IHXI 575 1612380
2582580705 IHXN 3422 6434372
2582580705 IHXO 1014 6100129
2582580705 IHXP 33269 14530892
2582580705 IHXS 3294 7213339
2582580705 IHXT 50649 9560844
2582580705 IHXU 8055 6258676
2582580705 IHXW 12113 4291617
2582580705 IHXX 8427 9324966
2582580705 IHXY 125044 8169605
2582580706 IHPN 4343 9232161
2582580706 IHPO 791 3302507
2582580706 IHPY 1458 6990840
2582580706 IHSA 3327 6834363
2582580706 IHSB 265 5422624
2582580706 IHTZ 144 14080581
2582580706 IHUA 128 10939925
2582580706 IHUB 70 4407018
2582580706 IHUC 232 9714025
2582580706 IHUF 263 10084366
2582580706 IHUH 152 7410276
2582580706 IHUI 121 5489435
2582580706 IHUN 113 11495928
2582580706 IHUO 136 8365964
2582580706 IHUP 26 11981263
2582580706 IHUS 127 3511992
2582580706 IHUZ 3230 10125002
2582580706 IHWA 5314 6241863
2582580706 IHWB 6336 5241353
2582580706 IHWF 142 3708198
2582580706 IHWG 2654 7400745
2582580706 IHWH 2355 9958688
2582580706 IHWI 1785 8371360
2582580706 IHWN 2285 7116839
2582580706 IHWP 2211 11182694
2582580706 IHWS 678 2433752
2582580706 IHWT 1 9220427
2582580706 IHWU 13790 6177609
2582580706 IHWW 363 4149315
2582580706 IHWX 2578 9589080
2582580706 IHWY 463 5310084
2582580706 IHXA 1301 7836070
2582580706 IHXF 823 5095520
2582580706 IHXG 6007 5779147
2582580706 IHXH 1324 8498462
2582580706 IHXI 52 1612380
2582580706 IHXN 20746 6434372
2582580706 IHXO 15513 6100129
2582580706 IHXP 3087 14530892
2582580706 IHXS 1187 7213339
2582580706 IHXT 2016 9560844
2582580706 IHXU 1382 6258676
2582580706 IHXW 542 4291617
2582580706 IHXX 1933 9324966
2582580706 IHXY 88 8169605
2582580707 IHPN 568 9232161
2582580707 IHPO 78 3302507
2582580707 IHPY 691 6990840
2582580707 IHSA 1853 6834363
2582580707 IHSB 1299 5422624
2582580707 IHTZ 15553 14080581
2582580707 IHUA 9408 10939925
2582580707 IHUB 3704 4407018
2582580707 IHUC 7068 9714025
2582580707 IHUF 4160 10084366
2582580707 IHUH 3774 7410276
2582580707 IHUI 1282 5489435
2582580707 IHUN 14247 11495928
2582580707 IHUO 13073 8365964
2582580707 IHUP 6801 11981263
2582580707 IHUS 1627 3511992
2582580707 IHUZ 3621 10125002
2582580707 IHWA 1600 6241863
2582580707 IHWB 1072 5241353
2582580707 IHWF 4884 3708198
2582580707 IHWG 4029 7400745
2582580707 IHWH 2398 9958688
2582580707 IHWI 4082 8371360
2582580707 IHWN 4855 7116839
2582580707 IHWP 252 11182694
2582580707 IHWS 277 2433752
2582580707 IHWT 4169 9220427
2582580707 IHWU 1245 6177609
2582580707 IHWW 397 4149315
2582580707 IHWX 877 9589080
2582580707 IHWY 3529 5310084
2582580707 IHXA 140 7836070
2582580707 IHXF 88 5095520
2582580707 IHXG 769 5779147
2582580707 IHXH 158 8498462
2582580707 IHXI 755 1612380
2582580707 IHXN 1850 6434372
2582580707 IHXO 1126 6100129
2582580707 IHXP 1087 14530892
2582580707 IHXS 278 7213339
2582580707 IHXT 309 9560844
2582580707 IHXU 268 6258676
2582580707 IHXW 260 4291617
2582580707 IHXX 203 9324966
2582580707 IHXY 9351 8169605
2582580708 IHPN 2974 9232161
2582580708 IHPO 680 3302507
2582580708 IHPY 97 6990840
2582580708 IHSA 108 6834363
2582580708 IHSB 78 5422624
2582580708 IHTZ 119 14080581
2582580708 IHUA 25 10939925
2582580708 IHUB 10 4407018
2582580708 IHUC 112 9714025
2582580708 IHUF 16 10084366
2582580708 IHUH 64 7410276
2582580708 IHUI 84 5489435
2582580708 IHUN 34 11495928
2582580708 IHUO 14 8365964
2582580708 IHUP 12 11981263
2582580708 IHUS 148 3511992
2582580708 IHUZ 83 10125002
2582580708 IHWA 167 6241863
2582580708 IHWB 148 5241353
2582580708 IHWF 9 3708198
2582580708 IHWG 3 7400745
2582580708 IHWH 89 9958688
2582580708 IHWI 121 8371360
2582580708 IHWN 22 7116839
2582580708 IHWP 1843 11182694
2582580708 IHWS 106 2433752
2582580708 IHWT 5 9220427
2582580708 IHWU 876 6177609
2582580708 IHWW 34 4149315
2582580708 IHWX 365 9589080
2582580708 IHWY 20 5310084
2582580708 IHXA 427 7836070
2582580708 IHXF 388 5095520
2582580708 IHXG 852 5779147
2582580708 IHXH 465 8498462
2582580708 IHXI 5 1612380
2582580708 IHXN 104445 6434372
2582580708 IHXO 77505 6100129
2582580708 IHXP 151 14530892
2582580708 IHXS 350 7213339
2582580708 IHXT 280 9560844
2582580708 IHXU 518 6258676
2582580708 IHXW 1582 4291617
2582580708 IHXX 1418 9324966
2582580708 IHXY 60 8169605
2582580709 IHPN 3964 9232161
2582580709 IHPO 1221 3302507
2582580709 IHPY 513 6990840
2582580709 IHSA 668 6834363
2582580709 IHSB 84 5422624
2582580709 IHTZ 227 14080581
2582580709 IHUA 123 10939925
2582580709 IHUB 39 4407018
2582580709 IHUC 179 9714025
2582580709 IHUF 188 10084366
2582580709 IHUH 140 7410276
2582580709 IHUI 99 5489435
2582580709 IHUN 111 11495928
2582580709 IHUO 103 8365964
2582580709 IHUP 44 11981263
2582580709 IHUS 3 3511992
2582580709 IHUZ 696 10125002
2582580709 IHWA 863 6241863
2582580709 IHWB 581 5241353
2582580709 IHWF 16 3708198
2582580709 IHWG 88 7400745
2582580709 IHWH 486 9958688
2582580709 IHWI 404 8371360
2582580709 IHWN 80 7116839
2582580709 IHWP 4467 11182694
2582580709 IHWS 270 2433752
2582580709 IHWT 7 9220427
2582580709 IHWU 1037 6177609
2582580709 IHWW 150 4149315
2582580709 IHWX 1705 9589080
2582580709 IHWY 252 5310084
2582580709 IHXA 1943 7836070
2582580709 IHXF 1429 5095520
2582580709 IHXG 381 5779147
2582580709 IHXH 2411 8498462
2582580709 IHXI 6 1612380
2582580709 IHXN 1397 6434372
2582580709 IHXO 1778 6100129
2582580709 IHXP 2043 14530892
2582580709 IHXS 2676 7213339
2582580709 IHXT 2483 9560844
2582580709 IHXU 1719 6258676
2582580709 IHXW 67 4291617
2582580709 IHXX 3422 9324966
2582580709 IHXY 129 8169605
2582580711 IHPN 37588 9232161
2582580711 IHPO 10591 3302507
2582580711 IHPY 54108 6990840
2582580711 IHSA 1968 6834363
2582580711 IHSB 33865 5422624
2582580711 IHTZ 1959 14080581
2582580711 IHUA 1059 10939925
2582580711 IHUB 413 4407018
2582580711 IHUC 1030 9714025
2582580711 IHUF 1502 10084366
2582580711 IHUH 717 7410276
2582580711 IHUI 530 5489435
2582580711 IHUN 1151 11495928
2582580711 IHUO 1145 8365964
2582580711 IHUP 1627 11981263
2582580711 IHUS 2476 3511992
2582580711 IHUZ 1534 10125002
2582580711 IHWA 2058 6241863
2582580711 IHWB 1140 5241353
2582580711 IHWF 1950 3708198
2582580711 IHWG 3272 7400745
2582580711 IHWH 1329 9958688
2582580711 IHWI 2412 8371360
2582580711 IHWN 2699 7116839
2582580711 IHWP 35979 11182694
2582580711 IHWS 15184 2433752
2582580711 IHWT 782 9220427
2582580711 IHWU 1535 6177609
2582580711 IHWW 34305 4149315
2582580711 IHWX 44669 9589080
2582580711 IHWY 1441 5310084
2582580711 IHXA 25766 7836070
2582580711 IHXF 17449 5095520
2582580711 IHXG 855 5779147
2582580711 IHXH 32341 8498462
2582580711 IHXI 809 1612380
2582580711 IHXN 2415 6434372
2582580711 IHXO 1197 6100129
2582580711 IHXP 113403 14530892
2582580711 IHXS 46325 7213339
2582580711 IHXT 44010 9560844
2582580711 IHXU 35388 6258676
2582580711 IHXW 31188 4291617
2582580711 IHXX 52054 9324966
2582580711 IHXY 973 8169605
2582580712 IHPN 44810 9232161
2582580712 IHPO 11614 3302507
2582580712 IHPY 59805 6990840
2582580712 IHSA 1028 6834363
2582580712 IHSB 64392 5422624
2582580712 IHTZ 1588 14080581
2582580712 IHUA 394 10939925
2582580712 IHUB 102 4407018
2582580712 IHUC 707 9714025
2582580712 IHUF 194 10084366
2582580712 IHUH 515 7410276
2582580712 IHUI 290 5489435
2582580712 IHUN 719 11495928
2582580712 IHUO 256 8365964
2582580712 IHUP 387 11981263
2582580712 IHUS 231 3511992
2582580712 IHUZ 682 10125002
2582580712 IHWA 730 6241863
2582580712 IHWB 659 5241353
2582580712 IHWF 451 3708198
2582580712 IHWG 536 7400745
2582580712 IHWH 736 9958688
2582580712 IHWI 949 8371360
2582580712 IHWN 905 7116839
2582580712 IHWP 41631 11182694
2582580712 IHWS 22598 2433752
2582580712 IHWT 1401 9220427
2582580712 IHWU 1033 6177609
2582580712 IHWW 24518 4149315
2582580712 IHWX 67944 9589080
2582580712 IHWY 236 5310084
2582580712 IHXA 37761 7836070
2582580712 IHXF 21108 5095520
2582580712 IHXG 7283 5779147
2582580712 IHXH 37366 8498462
2582580712 IHXI 184 1612380
2582580712 IHXN 3161 6434372
2582580712 IHXO 705 6100129
2582580712 IHXP 106911 14530892
2582580712 IHXS 43104 7213339
2582580712 IHXT 62952 9560844
2582580712 IHXU 32974 6258676
2582580712 IHXW 92087 4291617
2582580712 IHXX 40992 9324966
2582580712 IHXY 731 8169605
2582580714 IHPN 307 9232161
2582580714 IHPO 127 3302507
2582580714 IHPY 439 6990840
2582580714 IHSA 2449 6834363
2582580714 IHSB 124 5422624
2582580714 IHTZ 1853 14080581
2582580714 IHUA 5696 10939925
2582580714 IHUB 2937 4407018
2582580714 IHUC 2326 9714025
2582580714 IHUF 7491 10084366
2582580714 IHUH 1341 7410276
2582580714 IHUI 359 5489435
2582580714 IHUN 2671 11495928
2582580714 IHUO 2340 8365964
2582580714 IHUP 4963 11981263
2582580714 IHUS 1465 3511992
2582580714 IHUZ 6672 10125002
2582580714 IHWA 1704 6241863
2582580714 IHWB 2815 5241353
2582580714 IHWF 476 3708198
2582580714 IHWG 3082 7400745
2582580714 IHWH 5059 9958688
2582580714 IHWI 3982 8371360
2582580714 IHWN 2910 7116839
2582580714 IHWP 901 11182694
2582580714 IHWS 213 2433752
2582580714 IHWT 597 9220427
2582580714 IHWU 947 6177609
2582580714 IHWW 184 4149315
2582580714 IHWX 1485 9589080
2582580714 IHWY 496 5310084
2582580714 IHXA 1188 7836070
2582580714 IHXF 401 5095520
2582580714 IHXG 2095 5779147
2582580714 IHXH 566 8498462
2582580714 IHXI 316 1612380
2582580714 IHXN 348 6434372
2582580714 IHXO 525 6100129
2582580714 IHXP 246 14530892
2582580714 IHXS 166 7213339
2582580714 IHXT 1114 9560844
2582580714 IHXU 225 6258676
2582580714 IHXW 168 4291617
2582580714 IHXX 582 9324966
2582580714 IHXY 1145 8169605
2593339176 IHPN 53874 9232161
2593339176 IHPO 14028 3302507
2593339176 IHPY 60170 6990840
2593339176 IHSA 126994 6834363
2593339176 IHSB 54227 5422624
2593339176 IHTZ 78620 14080581
2593339176 IHUA 17885 10939925
2593339176 IHUB 6882 4407018
2593339176 IHUC 33488 9714025
2593339176 IHUF 7739 10084366
2593339176 IHUH 28324 7410276
2593339176 IHUI 13615 5489435
2593339176 IHUN 34985 11495928
2593339176 IHUO 10182 8365964
2593339176 IHUP 16542 11981263
2593339176 IHUS 30250 3511992
2593339176 IHUZ 165866 10125002
2593339176 IHWA 134126 6241863
2593339176 IHWB 68129 5241353
2593339176 IHWF 59458 3708198
2593339176 IHWG 94873 7400745
2593339176 IHWH 163384 9958688
2593339176 IHWI 168961 8371360
2593339176 IHWN 153204 7116839
2593339176 IHWP 39827 11182694
2593339176 IHWS 29872 2433752
2593339176 IHWT 6016 9220427
2593339176 IHWU 87526 6177609
2593339176 IHWW 25578 4149315
2593339176 IHWX 88543 9589080
2593339176 IHWY 29938 5310084
2593339176 IHXA 39024 7836070
2593339176 IHXF 25337 5095520
2593339176 IHXG 48160 5779147
2593339176 IHXH 47079 8498462
2593339176 IHXI 4281 1612380
2593339176 IHXN 50627 6434372
2593339176 IHXO 56879 6100129
2593339176 IHXP 113124 14530892
2593339176 IHXS 57747 7213339
2593339176 IHXT 72622 9560844
2593339176 IHXU 44098 6258676
2593339176 IHXW 102054 4291617
2593339176 IHXX 45391 9324966
2593339176 IHXY 34144 8169605
2593339177 IHPN 36506 9232161
2593339177 IHPO 10600 3302507
2593339177 IHPY 42751 6990840
2593339177 IHSA 15011 6834363
2593339177 IHSB 34362 5422624
2593339177 IHTZ 108241 14080581
2593339177 IHUA 62563 10939925
2593339177 IHUB 24646 4407018
2593339177 IHUC 50418 9714025
2593339177 IHUF 74078 10084366
2593339177 IHUH 39700 7410276
2593339177 IHUI 21820 5489435
2593339177 IHUN 71215 11495928
2593339177 IHUO 68749 8365964
2593339177 IHUP 33303 11981263
2593339177 IHUS 18612 3511992
2593339177 IHUZ 13018 10125002
2593339177 IHWA 15438 6241863
2593339177 IHWB 6429 5241353
2593339177 IHWF 17140 3708198
2593339177 IHWG 26857 7400745
2593339177 IHWH 10699 9958688
2593339177 IHWI 16078 8371360
2593339177 IHWN 21389 7116839
2593339177 IHWP 35674 11182694
2593339177 IHWS 14904 2433752
2593339177 IHWT 18816 9220427
2593339177 IHWU 10476 6177609
2593339177 IHWW 31094 4149315
2593339177 IHWX 45483 9589080
2593339177 IHWY 12361 5310084
2593339177 IHXA 23340 7836070
2593339177 IHXF 17785 5095520
2593339177 IHXG 2922 5779147
2593339177 IHXH 29324 8498462
2593339177 IHXI 6729 1612380
2593339177 IHXN 11043 6434372
2593339177 IHXO 8327 6100129
2593339177 IHXP 95340 14530892
2593339177 IHXS 43806 7213339
2593339177 IHXT 41542 9560844
2593339177 IHXU 34751 6258676
2593339177 IHXW 20073 4291617
2593339177 IHXX 47937 9324966
2593339177 IHXY 50206 8169605
2593339178 IHPN 29409 9232161
2593339178 IHPO 5485 3302507
2593339178 IHPY 39855 6990840
2593339178 IHSA 4690 6834363
2593339178 IHSB 45405 5422624
2593339178 IHTZ 93933 14080581
2593339178 IHUA 44028 10939925
2593339178 IHUB 17307 4407018
2593339178 IHUC 45858 9714025
2593339178 IHUF 35700 10084366
2593339178 IHUH 44612 7410276
2593339178 IHUI 22364 5489435
2593339178 IHUN 77531 11495928
2593339178 IHUO 46533 8365964
2593339178 IHUP 50098 11981263
2593339178 IHUS 4279 3511992
2593339178 IHUZ 11540 10125002
2593339178 IHWA 3612 6241863
2593339178 IHWB 4135 5241353
2593339178 IHWF 4437 3708198
2593339178 IHWG 7105 7400745
2593339178 IHWH 8835 9958688
2593339178 IHWI 6805 8371360
2593339178 IHWN 8822 7116839
2593339178 IHWP 28263 11182694
2593339178 IHWS 10452 2433752
2593339178 IHWT 6411 9220427
2593339178 IHWU 7840 6177609
2593339178 IHWW 21391 4149315
2593339178 IHWX 31261 9589080
2593339178 IHWY 4295 5310084
2593339178 IHXA 12852 7836070
2593339178 IHXF 8107 5095520
2593339178 IHXG 27298 5779147
2593339178 IHXH 19661 8498462
2593339178 IHXI 1131 1612380
2593339178 IHXN 19920 6434372
2593339178 IHXO 6297 6100129
2593339178 IHXP 64365 14530892
2593339178 IHXS 18484 7213339
2593339178 IHXT 24273 9560844
2593339178 IHXU 17539 6258676
2593339178 IHXW 419197 4291617
2593339178 IHXX 17181 9324966
2593339178 IHXY 57369 8169605
2593339179 IHPN 14562 9232161
2593339179 IHPO 4229 3302507
2593339179 IHPY 17161 6990840
2593339179 IHSA 39065 6834363
2593339179 IHSB 21759 5422624
2593339179 IHTZ 177098 14080581
2593339179 IHUA 25344 10939925
2593339179 IHUB 6171 4407018
2593339179 IHUC 36021 9714025
2593339179 IHUF 6951 10084366
2593339179 IHUH 25859 7410276
2593339179 IHUI 63708 5489435
2593339179 IHUN 87548 11495928
2593339179 IHUO 24401 8365964
2593339179 IHUP 41097 11981263
2593339179 IHUS 9256 3511992
2593339179 IHUZ 32955 10125002
2593339179 IHWA 39006 6241863
2593339179 IHWB 27984 5241353
2593339179 IHWF 27130 3708198
2593339179 IHWG 21203 7400745
2593339179 IHWH 21344 9958688
2593339179 IHWI 69080 8371360
2593339179 IHWN 47326 7116839
2593339179 IHWP 10121 11182694
2593339179 IHWS 6479 2433752
2593339179 IHWT 10103 9220427
2593339179 IHWU 30200 6177609
2593339179 IHWW 10519 4149315
2593339179 IHWX 23656 9589080
2593339179 IHWY 15325 5310084
2593339179 IHXA 9445 7836070
2593339179 IHXF 5699 5095520
2593339179 IHXG 16567 5779147
2593339179 IHXH 15259 8498462
2593339179 IHXI 1595 1612380
2593339179 IHXN 17386 6434372
2593339179 IHXO 22550 6100129
2593339179 IHXP 28242 14530892
2593339179 IHXS 12923 7213339
2593339179 IHXT 15568 9560844
2593339179 IHXU 12080 6258676
2593339179 IHXW 584 4291617
2593339179 IHXX 13263 9324966
2593339179 IHXY 56956 8169605
2593339181 IHPN 20954 9232161
2593339181 IHPO 5403 3302507
2593339181 IHPY 18250 6990840
2593339181 IHSA 13685 6834363
2593339181 IHSB 10260 5422624
2593339181 IHTZ 28889 14080581
2593339181 IHUA 10263 10939925
2593339181 IHUB 3918 4407018
2593339181 IHUC 10013 9714025
2593339181 IHUF 4229 10084366
2593339181 IHUH 6991 7410276
2593339181 IHUI 2991 5489435
2593339181 IHUN 16395 11495928
2593339181 IHUO 7720 8365964
2593339181 IHUP 21551 11981263
2593339181 IHUS 7713 3511992
2593339181 IHUZ 26279 10125002
2593339181 IHWA 9467 6241863
2593339181 IHWB 11130 5241353
2593339181 IHWF 7796 3708198
2593339181 IHWG 13339 7400745
2593339181 IHWH 25396 9958688
2593339181 IHWI 28269 8371360
2593339181 IHWN 18506 7116839
2593339181 IHWP 17362 11182694
2593339181 IHWS 7657 2433752
2593339181 IHWT 64184 9220427
2593339181 IHWU 8150 6177609
2593339181 IHWW 9557 4149315
2593339181 IHWX 22195 9589080
2593339181 IHWY 3743 5310084
2593339181 IHXA 13314 7836070
2593339181 IHXF 7032 5095520
2593339181 IHXG 28825 5779147
2593339181 IHXH 15717 8498462
2593339181 IHXI 1665 1612380
2593339181 IHXN 5033 6434372
2593339181 IHXO 5769 6100129
2593339181 IHXP 31524 14530892
2593339181 IHXS 14455 7213339
2593339181 IHXT 20126 9560844
2593339181 IHXU 10575 6258676
2593339181 IHXW 6061 4291617
2593339181 IHXX 13825 9324966
2593339181 IHXY 13021 8169605
2593339182 IHPN 8816 9232161
2593339182 IHPO 2564 3302507
2593339182 IHPY 17055 6990840
2593339182 IHSA 5190 6834363
2593339182 IHSB 21078 5422624
2593339182 IHTZ 10754 14080581
2593339182 IHUA 7628 10939925
2593339182 IHUB 3019 4407018
2593339182 IHUC 7266 9714025
2593339182 IHUF 6256 10084366
2593339182 IHUH 5178 7410276
2593339182 IHUI 1842 5489435
2593339182 IHUN 8832 11495928
2593339182 IHUO 8566 8365964
2593339182 IHUP 32054 11981263
2593339182 IHUS 6404 3511992
2593339182 IHUZ 5595 10125002
2593339182 IHWA 4441 6241863
2593339182 IHWB 2277 5241353
2593339182 IHWF 5968 3708198
2593339182 IHWG 8913 7400745
2593339182 IHWH 4556 9958688
2593339182 IHWI 7354 8371360
2593339182 IHWN 6534 7116839
2593339182 IHWP 8607 11182694
2593339182 IHWS 4804 2433752
2593339182 IHWT 4802 9220427
2593339182 IHWU 2899 6177609
2593339182 IHWW 11014 4149315
2593339182 IHWX 13866 9589080
2593339182 IHWY 3121 5310084
2593339182 IHXA 5651 7836070
2593339182 IHXF 4233 5095520
2593339182 IHXG 11763 5779147
2593339182 IHXH 8682 8498462
2593339182 IHXI 2359 1612380
2593339182 IHXN 2511 6434372
2593339182 IHXO 2544 6100129
2593339182 IHXP 27525 14530892
2593339182 IHXS 11329 7213339
2593339182 IHXT 10500 9560844
2593339182 IHXU 8809 6258676
2593339182 IHXW 11713 4291617
2593339182 IHXX 9008 9324966
2593339182 IHXY 6332 8169605
2593339183 IHPN 23447 9232161
2593339183 IHPO 10731 3302507
2593339183 IHPY 26083 6990840
2593339183 IHSA 8021 6834363
2593339183 IHSB 34134 5422624
2593339183 IHTZ 70227 14080581
2593339183 IHUA 64954 10939925
2593339183 IHUB 27503 4407018
2593339183 IHUC 72079 9714025
2593339183 IHUF 73788 10084366
2593339183 IHUH 47801 7410276
2593339183 IHUI 22590 5489435
2593339183 IHUN 92996 11495928
2593339183 IHUO 92949 8365964
2593339183 IHUP 28273 11981263
2593339183 IHUS 29812 3511992
2593339183 IHUZ 16803 10125002
2593339183 IHWA 7100 6241863
2593339183 IHWB 3924 5241353
2593339183 IHWF 16146 3708198
2593339183 IHWG 36432 7400745
2593339183 IHWH 16548 9958688
2593339183 IHWI 16342 8371360
2593339183 IHWN 24501 7116839
2593339183 IHWP 30338 11182694
2593339183 IHWS 12632 2433752
2593339183 IHWT 667 9220427
2593339183 IHWU 7501 6177609
2593339183 IHWW 42423 4149315
2593339183 IHWX 71479 9589080
2593339183 IHWY 25396 5310084
2593339183 IHXA 29517 7836070
2593339183 IHXF 18464 5095520
2593339183 IHXG 1914 5779147
2593339183 IHXH 46044 8498462
2593339183 IHXI 9372 1612380
2593339183 IHXN 8614 6434372
2593339183 IHXO 6629 6100129
2593339183 IHXP 39233 14530892
2593339183 IHXS 13789 7213339
2593339183 IHXT 59925 9560844
2593339183 IHXU 25195 6258676
2593339183 IHXW 359 4291617
2593339183 IHXX 23426 9324966
2593339183 IHXY 76151 8169605
2593339184 IHPN 40474 9232161
2593339184 IHPO 13058 3302507
2593339184 IHPY 1529 6990840
2593339184 IHSA 15134 6834363
2593339184 IHSB 3933 5422624
2593339184 IHTZ 7700 14080581
2593339184 IHUA 8248 10939925
2593339184 IHUB 2918 4407018
2593339184 IHUC 8358 9714025
2593339184 IHUF 5565 10084366
2593339184 IHUH 6057 7410276
2593339184 IHUI 13878 5489435
2593339184 IHUN 13308 11495928
2593339184 IHUO 6362 8365964
2593339184 IHUP 8785 11981263
2593339184 IHUS 388 3511992
2593339184 IHUZ 8540 10125002
2593339184 IHWA 23522 6241863
2593339184 IHWB 70030 5241353
2593339184 IHWF 2037 3708198
2593339184 IHWG 3038 7400745
2593339184 IHWH 5133 9958688
2593339184 IHWI 5523 8371360
2593339184 IHWN 3543 7116839
2593339184 IHWP 65658 11182694
2593339184 IHWS 1836 2433752
2593339184 IHWT 289 9220427
2593339184 IHWU 44287 6177609
2593339184 IHWW 6306 4149315
2593339184 IHWX 12885 9589080
2593339184 IHWY 24453 5310084
2593339184 IHXA 27805 7836070
2593339184 IHXF 17612 5095520
2593339184 IHXG 78638 5779147
2593339184 IHXH 19388 8498462
2593339184 IHXI 288 1612380
2593339184 IHXN 11482 6434372
2593339184 IHXO 15910 6100129
2593339184 IHXP 12997 14530892
2593339184 IHXS 18759 7213339
2593339184 IHXT 17905 9560844
2593339184 IHXU 21011 6258676
2593339184 IHXW 730 4291617
2593339184 IHXX 51136 9324966
2593339184 IHXY 6079 8169605
2593339185 IHPN 2893 9232161
2593339185 IHPO 1002 3302507
2593339185 IHPY 13914 6990840
2593339185 IHSA 3020 6834363
2593339185 IHSB 19966 5422624
2593339185 IHTZ 21258 14080581
2593339185 IHUA 12356 10939925
2593339185 IHUB 5129 4407018
2593339185 IHUC 6216 9714025
2593339185 IHUF 6325 10084366
2593339185 IHUH 3207 7410276
2593339185 IHUI 1176 5489435
2593339185 IHUN 17114 11495928
2593339185 IHUO 20883 8365964
2593339185 IHUP 12628 11981263
2593339185 IHUS 5686 3511992
2593339185 IHUZ 2967 10125002
2593339185 IHWA 2022 6241863
2593339185 IHWB 1738 5241353
2593339185 IHWF 4788 3708198
2593339185 IHWG 6719 7400745
2593339185 IHWH 3047 9958688
2593339185 IHWI 2544 8371360
2593339185 IHWN 3411 7116839
2593339185 IHWP 3220 11182694
2593339185 IHWS 3732 2433752
2593339185 IHWT 11492 9220427
2593339185 IHWU 1817 6177609
2593339185 IHWW 8290 4149315
2593339185 IHWX 10753 9589080
2593339185 IHWY 7226 5310084
2593339185 IHXA 3731 7836070
2593339185 IHXF 2456 5095520
2593339185 IHXG 13360 5779147
2593339185 IHXH 4045 8498462
2593339185 IHXI 4773 1612380
2593339185 IHXN 2701 6434372
2593339185 IHXO 1584 6100129
2593339185 IHXP 17572 14530892
2593339185 IHXS 4765 7213339
2593339185 IHXT 7440 9560844
2593339185 IHXU 3483 6258676
2593339185 IHXW 12134 4291617
2593339185 IHXX 3649 9324966
2593339185 IHXY 12081 8169605
2593339186 IHPN 2092 9232161
2593339186 IHPO 831 3302507
2593339186 IHPY 4860 6990840
2593339186 IHSA 1732 6834363
2593339186 IHSB 854 5422624
2593339186 IHTZ 3717 14080581
2593339186 IHUA 2432 10939925
2593339186 IHUB 884 4407018
2593339186 IHUC 1460 9714025
2593339186 IHUF 1160 10084366
2593339186 IHUH 766 7410276
2593339186 IHUI 416 5489435
2593339186 IHUN 2086 11495928
2593339186 IHUO 1657 8365964
2593339186 IHUP 12032 11981263
2593339186 IHUS 869 3511992
2593339186 IHUZ 3399 10125002
2593339186 IHWA 1255 6241863
2593339186 IHWB 1289 5241353
2593339186 IHWF 487 3708198
2593339186 IHWG 4331 7400745
2593339186 IHWH 3797 9958688
2593339186 IHWI 5343 8371360
2593339186 IHWN 5040 7116839
2593339186 IHWP 2014 11182694
2593339186 IHWS 1608 2433752
2593339186 IHWT 13385 9220427
2593339186 IHWU 1181 6177609
2593339186 IHWW 1274 4149315
2593339186 IHWX 7758 9589080
2593339186 IHWY 158 5310084
2593339186 IHXA 4616 7836070
2593339186 IHXF 2017 5095520
2593339186 IHXG 1287 5779147
2593339186 IHXH 3959 8498462
2593339186 IHXI 175 1612380
2593339186 IHXN 772 6434372
2593339186 IHXO 550 6100129
2593339186 IHXP 3468 14530892
2593339186 IHXS 994 7213339
2593339186 IHXT 6702 9560844
2593339186 IHXU 1485 6258676
2593339186 IHXW 1720 4291617
2593339186 IHXX 1600 9324966
2593339186 IHXY 1654 8169605
2593339187 IHPN 78375 9232161
2593339187 IHPO 23652 3302507
2593339187 IHPY 141998 6990840
2593339187 IHSA 34789 6834363
2593339187 IHSB 59714 5422624
2593339187 IHTZ 44827 14080581
2593339187 IHUA 35863 10939925
2593339187 IHUB 16012 4407018
2593339187 IHUC 22506 9714025
2593339187 IHUF 19002 10084366
2593339187 IHUH 18177 7410276
2593339187 IHUI 7617 5489435
2593339187 IHUN 36729 11495928
2593339187 IHUO 25475 8365964
2593339187 IHUP 38566 11981263
2593339187 IHUS 20708 3511992
2593339187 IHUZ 51648 10125002
2593339187 IHWA 22851 6241863
2593339187 IHWB 26863 5241353
2593339187 IHWF 24358 3708198
2593339187 IHWG 48431 7400745
2593339187 IHWH 31939 9958688
2593339187 IHWI 39241 8371360
2593339187 IHWN 52689 7116839
2593339187 IHWP 74700 11182694
2593339187 IHWS 39791 2433752
2593339187 IHWT 10308 9220427
2593339187 IHWU 14436 6177609
2593339187 IHWW 61899 4149315
2593339187 IHWX 138990 9589080
2593339187 IHWY 10493 5310084
2593339187 IHXA 76996 7836070
2593339187 IHXF 54629 5095520
2593339187 IHXG 28785 5779147
2593339187 IHXH 85675 8498462
2593339187 IHXI 6252 1612380
2593339187 IHXN 13856 6434372
2593339187 IHXO 7459 6100129
2593339187 IHXP 237467 14530892
2593339187 IHXS 100978 7213339
2593339187 IHXT 124708 9560844
2593339187 IHXU 80369 6258676
2593339187 IHXW 73315 4291617
2593339187 IHXX 106830 9324966
2593339187 IHXY 24240 8169605
2593339188 IHPN 71612 9232161
2593339188 IHPO 22498 3302507
2593339188 IHPY 85169 6990840
2593339188 IHSA 3103 6834363
2593339188 IHSB 69513 5422624
2593339188 IHTZ 7171 14080581
2593339188 IHUA 3564 10939925
2593339188 IHUB 1695 4407018
2593339188 IHUC 4168 9714025
2593339188 IHUF 7461 10084366
2593339188 IHUH 2768 7410276
2593339188 IHUI 1937 5489435
2593339188 IHUN 4478 11495928
2593339188 IHUO 4292 8365964
2593339188 IHUP 10214 11981263
2593339188 IHUS 3847 3511992
2593339188 IHUZ 2590 10125002
2593339188 IHWA 3003 6241863
2593339188 IHWB 1556 5241353
2593339188 IHWF 3421 3708198
2593339188 IHWG 6209 7400745
2593339188 IHWH 2294 9958688
2593339188 IHWI 3670 8371360
2593339188 IHWN 4776 7116839
2593339188 IHWP 73347 11182694
2593339188 IHWS 25629 2433752
2593339188 IHWT 4931 9220427
2593339188 IHWU 2131 6177609
2593339188 IHWW 53468 4149315
2593339188 IHWX 77027 9589080
2593339188 IHWY 2577 5310084
2593339188 IHXA 45881 7836070
2593339188 IHXF 34734 5095520
2593339188 IHXG 4180 5779147
2593339188 IHXH 57129 8498462
2593339188 IHXI 1849 1612380
2593339188 IHXN 6025 6434372
2593339188 IHXO 2161 6100129
2593339188 IHXP 184752 14530892
2593339188 IHXS 86359 7213339
2593339188 IHXT 78309 9560844
2593339188 IHXU 67751 6258676
2593339188 IHXW 67825 4291617
2593339188 IHXX 93465 9324966
2593339188 IHXY 3620 8169605
2593339189 IHPN 25132 9232161
2593339189 IHPO 6535 3302507
2593339189 IHPY 21999 6990840
2593339189 IHSA 16576 6834363
2593339189 IHSB 12661 5422624
2593339189 IHTZ 34731 14080581
2593339189 IHUA 12422 10939925
2593339189 IHUB 4653 4407018
2593339189 IHUC 12004 9714025
2593339189 IHUF 5055 10084366
2593339189 IHUH 8401 7410276
2593339189 IHUI 3599 5489435
2593339189 IHUN 19739 11495928
2593339189 IHUO 9354 8365964
2593339189 IHUP 25998 11981263
2593339189 IHUS 9288 3511992
2593339189 IHUZ 31547 10125002
2593339189 IHWA 11357 6241863
2593339189 IHWB 13222 5241353
2593339189 IHWF 9387 3708198
2593339189 IHWG 16128 7400745
2593339189 IHWH 30302 9958688
2593339189 IHWI 33899 8371360
2593339189 IHWN 22300 7116839
2593339189 IHWP 20856 11182694
2593339189 IHWS 9202 2433752
2593339189 IHWT 77247 9220427
2593339189 IHWU 9747 6177609
2593339189 IHWW 11558 4149315
2593339189 IHWX 26720 9589080
2593339189 IHWY 4613 5310084
2593339189 IHXA 15929 7836070
2593339189 IHXF 8464 5095520
2593339189 IHXG 34563 5779147
2593339189 IHXH 18911 8498462
2593339189 IHXI 2024 1612380
2593339189 IHXN 6110 6434372
2593339189 IHXO 6927 6100129
2593339189 IHXP 38119 14530892
2593339189 IHXS 17517 7213339
2593339189 IHXT 24007 9560844
2593339189 IHXU 12668 6258676
2593339189 IHXW 7359 4291617
2593339189 IHXX 16615 9324966
2593339189 IHXY 15735 8169605
2593339190 IHPN 3944 9232161
2593339190 IHPO 1505 3302507
2593339190 IHPY 9279 6990840
2593339190 IHSA 3356 6834363
2593339190 IHSB 1656 5422624
2593339190 IHTZ 6574 14080581
2593339190 IHUA 4459 10939925
2593339190 IHUB 1641 4407018
2593339190 IHUC 2721 9714025
2593339190 IHUF 2071 10084366
2593339190 IHUH 1457 7410276
2593339190 IHUI 752 5489435
2593339190 IHUN 3833 11495928
2593339190 IHUO 2887 8365964
2593339190 IHUP 24351 11981263
2593339190 IHUS 1736 3511992
2593339190 IHUZ 6503 10125002
2593339190 IHWA 2498 6241863
2593339190 IHWB 2437 5241353
2593339190 IHWF 949 3708198
2593339190 IHWG 8596 7400745
2593339190 IHWH 7553 9958688
2593339190 IHWI 10140 8371360
2593339190 IHWN 9956 7116839
2593339190 IHWP 3859 11182694
2593339190 IHWS 3060 2433752
2593339190 IHWT 24456 9220427
2593339190 IHWU 2294 6177609
2593339190 IHWW 2422 4149315
2593339190 IHWX 14901 9589080
2593339190 IHWY 286 5310084
2593339190 IHXA 8906 7836070
2593339190 IHXF 3815 5095520
2593339190 IHXG 2611 5779147
2593339190 IHXH 7698 8498462
2593339190 IHXI 329 1612380
2593339190 IHXN 1498 6434372
2593339190 IHXO 1023 6100129
2593339190 IHXP 6644 14530892
2593339190 IHXS 1878 7213339
2593339190 IHXT 12660 9560844
2593339190 IHXU 2775 6258676
2593339190 IHXW 3402 4291617
2593339190 IHXX 3082 9324966
2593339190 IHXY 2842 8169605
2593339191 IHPN 49531 9232161
2593339191 IHPO 14564 3302507
2593339191 IHPY 64020 6990840
2593339191 IHSA 48019 6834363
2593339191 IHSB 76013 5422624
2593339191 IHTZ 27794 14080581
2593339191 IHUA 9154 10939925
2593339191 IHUB 2218 4407018
2593339191 IHUC 8674 9714025
2593339191 IHUF 5803 10084366
2593339191 IHUH 7711 7410276
2593339191 IHUI 5480 5489435
2593339191 IHUN 20617 11495928
2593339191 IHUO 10573 8365964
2593339191 IHUP 19410 11981263
2593339191 IHUS 19968 3511992
2593339191 IHUZ 74130 10125002
2593339191 IHWA 33289 6241863
2593339191 IHWB 18069 5241353
2593339191 IHWF 50210 3708198
2593339191 IHWG 32219 7400745
2593339191 IHWH 61849 9958688
2593339191 IHWI 75501 8371360
2593339191 IHWN 50223 7116839
2593339191 IHWP 30404 11182694
2593339191 IHWS 19977 2433752
2593339191 IHWT 1523 9220427
2593339191 IHWU 23022 6177609
2593339191 IHWW 36049 4149315
2593339191 IHWX 69275 9589080
2593339191 IHWY 39238 5310084
2593339191 IHXA 23618 7836070
2593339191 IHXF 17169 5095520
2593339191 IHXG 8395 5779147
2593339191 IHXH 47809 8498462
2593339191 IHXI 18213 1612380
2593339191 IHXN 18074 6434372
2593339191 IHXO 20961 6100129
2593339191 IHXP 119900 14530892
2593339191 IHXS 57483 7213339
2593339191 IHXT 49373 9560844
2593339191 IHXU 44448 6258676
2593339191 IHXW 4185 4291617
2593339191 IHXX 45200 9324966
2593339191 IHXY 13086 8169605
2593339192 IHPN 13735 9232161
2593339192 IHPO 3960 3302507
2593339192 IHPY 26109 6990840
2593339192 IHSA 20897 6834363
2593339192 IHSB 24449 5422624
2593339192 IHTZ 36895 14080581
2593339192 IHUA 9624 10939925
2593339192 IHUB 3319 4407018
2593339192 IHUC 18768 9714025
2593339192 IHUF 4213 10084366
2593339192 IHUH 15590 7410276
2593339192 IHUI 9183 5489435
2593339192 IHUN 18717 11495928
2593339192 IHUO 5055 8365964
2593339192 IHUP 11664 11981263
2593339192 IHUS 4513 3511992
2593339192 IHUZ 28448 10125002
2593339192 IHWA 22184 6241863
2593339192 IHWB 10944 5241353
2593339192 IHWF 11145 3708198
2593339192 IHWG 13921 7400745
2593339192 IHWH 30389 9958688
2593339192 IHWI 45486 8371360
2593339192 IHWN 25211 7116839
2593339192 IHWP 10975 11182694
2593339192 IHWS 11158 2433752
2593339192 IHWT 4551 9220427
2593339192 IHWU 12157 6177609
2593339192 IHWW 10537 4149315
2593339192 IHWX 34053 9589080
2593339192 IHWY 4290 5310084
2593339192 IHXA 12688 7836070
2593339192 IHXF 8369 5095520
2593339192 IHXG 7612 5779147
2593339192 IHXH 16537 8498462
2593339192 IHXI 833 1612380
2593339192 IHXN 6440 6434372
2593339192 IHXO 6922 6100129
2593339192 IHXP 43407 14530892
2593339192 IHXS 19279 7213339
2593339192 IHXT 26520 9560844
2593339192 IHXU 15339 6258676
2593339192 IHXW 23914 4291617
2593339192 IHXX 13521 9324966
2593339192 IHXY 17951 8169605
2593339193 IHPN 711 9232161
2593339193 IHPO 298 3302507
2593339193 IHPY 26 6990840
2593339193 IHSA 1342 6834363
2593339193 IHSB 31 5422624
2593339193 IHTZ 3208 14080581
2593339193 IHUA 1650 10939925
2593339193 IHUB 574 4407018
2593339193 IHUC 1446 9714025
2593339193 IHUF 1999 10084366
2593339193 IHUH 844 7410276
2593339193 IHUI 392 5489435
2593339193 IHUN 2055 11495928
2593339193 IHUO 1055 8365964
2593339193 IHUP 5614 11981263
2593339193 IHUS 14 3511992
2593339193 IHUZ 2501 10125002
2593339193 IHWA 1415 6241863
2593339193 IHWB 2101 5241353
2593339193 IHWF 9 3708198
2593339193 IHWG 60 7400745
2593339193 IHWH 1427 9958688
2593339193 IHWI 395 8371360
2593339193 IHWN 164 7116839
2593339193 IHWP 1130 11182694
2593339193 IHWS 17 2433752
2593339193 IHWT 27093 9220427
2593339193 IHWU 2020 6177609
2593339193 IHWW 168 4149315
2593339193 IHWX 441 9589080
2593339193 IHWY 492 5310084
2593339193 IHXA 525 7836070
2593339193 IHXF 895 5095520
2593339193 IHXG 1041 5779147
2593339193 IHXH 195 8498462
2593339193 IHXI 15 1612380
2593339193 IHXN 1709 6434372
2593339193 IHXO 1387 6100129
2593339193 IHXP 395 14530892
2593339193 IHXS 1130 7213339
2593339193 IHXT 280 9560844
2593339193 IHXU 630 6258676
2593339193 IHXW 87 4291617
2593339193 IHXX 1577 9324966
2593339193 IHXY 1486 8169605
